/*--------------------------------*- C++ -*----------------------------------*\
| =========                 |                                                 |
| \\      /  F ield         | OpenFOAM: The Open Source CFD Toolbox           |
|  \\    /   O peration     | Version:  4.0                                   |
|   \\  /    A nd           | Web:      www.OpenFOAM.org                      |
|    \\/     M anipulation  |                                                 |
\*---------------------------------------------------------------------------*/
FoamFile
{
    version     2.0;
    format      ascii;
    class       surfaceScalarField;
    location    "400";
    object      phi;
}
// * * * * * * * * * * * * * * * * * * * * * * * * * * * * * * * * * * * * * //

dimensions      [0 3 -1 0 0 0 0];

internalField   nonuniform List<scalar> 
5952
(
5.16664e-06
-5.15814e-06
8.75769e-06
-3.59213e-06
1.14662e-05
-2.708e-06
1.29097e-05
-1.44371e-06
1.29227e-05
-1.25279e-08
1.08652e-05
2.05982e-06
6.12093e-06
4.74438e-06
-1.32513e-06
7.44816e-06
-1.50403e-05
1.37148e-05
-2.88861e-05
1.38458e-05
-3.91136e-05
1.02272e-05
7.98632e-06
-4.71003e-05
1.56354e-06
-6.72114e-06
3.79475e-06
-5.82395e-06
3.82636e-06
-2.73903e-06
1.8308e-06
5.52099e-07
-2.71741e-06
4.53655e-06
-1.11524e-05
1.04957e-05
-2.29482e-05
1.65406e-05
-3.39426e-05
1.84428e-05
-3.87811e-05
1.85534e-05
-4.10681e-05
1.61328e-05
-4.35929e-05
1.2752e-05
1.00628e-05
-4.56695e-05
1.13721e-06
-7.85824e-06
6.41475e-07
-5.32834e-06
-1.8956e-06
-2.01714e-07
-7.5516e-06
6.2084e-06
-1.65345e-05
1.35198e-05
-2.5341e-05
1.93025e-05
-3.04211e-05
2.1621e-05
-3.31696e-05
2.11915e-05
-3.41973e-05
1.95812e-05
-3.47436e-05
1.6679e-05
-3.55882e-05
1.35966e-05
1.07396e-05
-3.62651e-05
-1.89377e-06
-5.96437e-06
-5.12282e-06
-2.09925e-06
-1.01264e-05
4.80201e-06
-1.65772e-05
1.26595e-05
-2.22557e-05
1.91985e-05
-2.5514e-05
2.25611e-05
-2.67879e-05
2.2895e-05
-2.71485e-05
2.15522e-05
-2.71014e-05
1.9534e-05
-2.71153e-05
1.66928e-05
-2.72529e-05
1.37341e-05
1.08413e-05
-2.73547e-05
-3.74748e-06
-2.21657e-06
-8.71676e-06
2.87019e-06
-1.37251e-05
9.81057e-06
-1.78543e-05
1.6789e-05
-2.01586e-05
2.1503e-05
-2.06706e-05
2.30733e-05
-2.03146e-05
2.25391e-05
-1.96762e-05
2.09139e-05
-1.88959e-05
1.87537e-05
-1.83373e-05
1.61342e-05
-1.79796e-05
1.33763e-05
1.05929e-05
-1.77314e-05
-4.84929e-06
2.63298e-06
-9.59589e-06
7.61727e-06
-1.3231e-05
1.3446e-05
-1.51267e-05
1.86851e-05
-1.52472e-05
2.1624e-05
-1.43182e-05
2.21446e-05
-1.30197e-05
2.12409e-05
-1.17073e-05
1.96015e-05
-1.05131e-05
1.75597e-05
-9.58461e-06
1.52057e-05
-8.90759e-06
1.26993e-05
1.01094e-05
-8.42416e-06
-5.03655e-06
7.67052e-06
-8.97758e-06
1.15588e-05
-1.1083e-05
1.5552e-05
-1.11397e-05
1.87424e-05
-9.74132e-06
2.02261e-05
-7.76891e-06
2.01726e-05
-5.73828e-06
1.92105e-05
-3.88105e-06
1.77446e-05
-2.28803e-06
1.59668e-05
-1.01961e-06
1.39374e-05
-5.54565e-08
1.17352e-05
9.40149e-06
6.52541e-07
-4.94405e-06
1.26151e-05
-7.8189e-06
1.44341e-05
-8.32942e-06
1.60628e-05
-6.83224e-06
1.72455e-05
-4.24909e-06
1.76432e-05
-1.38789e-06
1.73117e-05
1.33471e-06
1.64881e-05
3.73974e-06
1.53397e-05
5.76659e-06
1.394e-05
7.39738e-06
1.23067e-05
8.66466e-06
1.0468e-05
8.44779e-06
9.6184e-06
-4.38244e-06
1.6998e-05
-6.05267e-06
1.61045e-05
-4.85486e-06
1.48652e-05
-1.9639e-06
1.43547e-05
1.66707e-06
1.40124e-05
5.33978e-06
1.36391e-05
8.70345e-06
1.31246e-05
1.16199e-05
1.24234e-05
1.40556e-05
1.15044e-05
1.60224e-05
1.034e-05
1.75691e-05
8.92132e-06
7.26328e-06
1.87536e-05
-3.97616e-06
2.09742e-05
-2.9568e-06
1.50852e-05
7.18914e-07
1.11895e-05
5.09268e-06
9.98104e-06
9.61989e-06
9.4853e-06
1.38618e-05
9.3973e-06
1.76021e-05
9.38442e-06
2.07764e-05
9.24925e-06
2.33957e-05
8.88512e-06
2.55049e-05
8.23087e-06
2.71727e-05
7.25353e-06
5.97087e-06
2.84652e-05
4.71708e-07
2.05027e-05
5.98533e-06
9.57164e-06
1.18854e-05
5.28951e-06
1.72643e-05
4.60216e-06
2.20001e-05
4.74959e-06
2.60657e-05
5.33179e-06
2.94963e-05
5.95396e-06
3.23407e-05
6.40502e-06
3.46591e-05
6.56674e-06
3.65155e-05
6.37456e-06
3.79897e-05
5.77936e-06
4.81575e-06
3.91449e-05
2.01737e-05
3.28826e-07
2.83845e-05
1.36078e-06
3.34589e-05
2.15151e-07
3.73756e-05
6.85437e-07
4.04206e-05
1.70463e-06
4.2926e-05
2.82647e-06
4.50299e-05
3.85012e-06
4.67758e-05
4.65917e-06
4.81967e-05
5.14589e-06
4.93263e-05
5.24501e-06
5.02304e-05
4.87536e-06
5.09528e-05
4.09336e-06
-5.27047e-05
5.60419e-06
-5.63499e-05
3.64501e-06
-5.80016e-05
1.65173e-06
-5.78784e-05
-1.2331e-07
-5.6019e-05
-1.85931e-06
-5.24425e-05
-3.5765e-06
-4.69358e-05
-5.50665e-06
-3.9488e-05
-7.44775e-06
-2.99258e-05
-9.56208e-06
-1.84721e-05
-1.14535e-05
-7.05835e-06
-1.14135e-05
-7.05824e-06
-4.72048e-05
7.13945e-06
-4.80248e-05
4.46497e-06
-4.82603e-05
1.88728e-06
-4.78262e-05
-5.5743e-07
-4.66785e-05
-3.00688e-06
-4.46081e-05
-5.64683e-06
-4.15508e-05
-8.56389e-06
-3.71704e-05
-1.1828e-05
-3.1278e-05
-1.54543e-05
-2.35857e-05
-1.91457e-05
-1.31394e-05
-2.18595e-05
-2.01976e-05
-3.69263e-05
7.80062e-06
-3.74105e-05
4.94912e-06
-3.76401e-05
2.11692e-06
-3.7445e-05
-7.525e-07
-3.66742e-05
-3.77767e-06
-3.5263e-05
-7.05791e-06
-3.31078e-05
-1.0719e-05
-3.00781e-05
-1.48576e-05
-2.60873e-05
-1.9445e-05
-2.06574e-05
-2.45755e-05
-1.27842e-05
-2.97325e-05
-3.29817e-05
-2.74544e-05
7.90026e-06
-2.74728e-05
4.96741e-06
-2.73526e-05
1.99673e-06
-2.70189e-05
-1.08616e-06
-2.64076e-05
-4.38896e-06
-2.54507e-05
-8.01473e-06
-2.40597e-05
-1.21099e-05
-2.21078e-05
-1.68095e-05
-1.93873e-05
-2.21654e-05
-1.54098e-05
-2.85528e-05
-9.41499e-06
-3.57272e-05
-4.23967e-05
-1.75802e-05
7.74896e-06
-1.74672e-05
4.85443e-06
-1.73371e-05
1.86661e-06
-1.71378e-05
-1.2855e-06
-1.6828e-05
-4.69871e-06
-1.63603e-05
-8.48246e-06
-1.56763e-05
-1.27938e-05
-1.47145e-05
-1.77713e-05
-1.3274e-05
-2.36057e-05
-1.11379e-05
-3.06887e-05
-7.42942e-06
-3.94356e-05
-4.9826e-05
-8.10273e-06
7.42751e-06
-7.89756e-06
4.64924e-06
-7.76839e-06
1.73745e-06
-7.68405e-06
-1.3698e-06
-7.62358e-06
-4.75912e-06
-7.56701e-06
-8.53893e-06
-7.51004e-06
-1.28507e-05
-7.41659e-06
-1.78646e-05
-7.17262e-06
-2.38495e-05
-6.5972e-06
-3.1264e-05
-4.86921e-06
-4.11634e-05
-5.46951e-05
1.14273e-06
6.93735e-06
1.45221e-06
4.3398e-06
1.608e-06
1.58175e-06
1.62297e-06
-1.38469e-06
1.49528e-06
-4.63129e-06
1.2105e-06
-8.25403e-06
7.40118e-07
-1.23801e-05
6.57789e-08
-1.71901e-05
-7.89269e-07
-2.29943e-05
-1.70688e-06
-3.03462e-05
-2.22688e-06
-4.06432e-05
-5.69219e-05
1.03036e-05
6.25216e-06
1.07537e-05
3.88978e-06
1.09875e-05
1.34806e-06
1.10044e-05
-1.40145e-06
1.07835e-05
-4.41024e-06
1.02809e-05
-7.75131e-06
9.42215e-06
-1.15212e-05
8.11391e-06
-1.58817e-05
6.2614e-06
-2.11416e-05
3.84413e-06
-2.79288e-05
1.24226e-06
-3.80411e-05
-5.56795e-05
1.9632e-05
5.37382e-06
2.02384e-05
3.28341e-06
2.05896e-05
9.97009e-07
2.06765e-05
-1.48822e-06
2.04642e-05
-4.19777e-06
1.98847e-05
-7.17162e-06
1.88144e-05
-1.04507e-05
1.70755e-05
-1.41426e-05
1.44222e-05
-1.84882e-05
1.05976e-05
-2.41039e-05
5.6958e-06
-3.31391e-05
-4.99836e-05
2.94522e-05
4.38687e-06
3.01681e-05
2.56758e-06
3.06319e-05
5.33307e-07
3.08305e-05
-1.68671e-06
3.07182e-05
-4.08526e-06
3.02086e-05
-6.66189e-06
2.91359e-05
-9.37789e-06
2.72458e-05
-1.22524e-05
2.41275e-05
-1.53698e-05
1.9276e-05
-1.92524e-05
1.18787e-05
-2.57417e-05
-3.81048e-05
4.00649e-05
3.46696e-06
4.07742e-05
1.85832e-06
4.1295e-05
1.26666e-08
4.16119e-05
-2.00347e-06
4.16705e-05
-4.14367e-06
4.13721e-05
-6.36334e-06
4.05243e-05
-8.52998e-06
3.8831e-05
-1.05589e-05
3.57422e-05
-1.22809e-05
3.05224e-05
-1.40325e-05
2.06618e-05
-1.58809e-05
-1.74429e-05
5.15974e-05
2.82236e-06
5.21634e-05
1.29244e-06
5.26735e-05
-4.97415e-07
5.31048e-05
-2.43456e-06
5.33899e-05
-4.42868e-06
5.34204e-05
-6.39377e-06
5.30024e-05
-8.11184e-06
5.18678e-05
-9.42431e-06
4.9493e-05
-9.90593e-06
4.49407e-05
-9.48025e-06
3.45781e-05
-5.5182e-06
1.71353e-05
5.16331e-06
-5.16315e-06
8.75658e-06
-3.59408e-06
1.14663e-05
-2.70962e-06
1.29107e-05
-1.44436e-06
1.29237e-05
-1.31444e-08
1.08678e-05
2.05847e-06
6.12417e-06
4.74333e-06
-1.31793e-06
7.44441e-06
-1.50317e-05
1.37133e-05
-2.88807e-05
1.38492e-05
-3.91099e-05
1.0229e-05
7.98804e-06
-4.70982e-05
1.56337e-06
-6.72631e-06
3.79636e-06
-5.82745e-06
3.82828e-06
-2.74136e-06
1.83353e-06
5.50525e-07
-2.71369e-06
4.5344e-06
-1.11469e-05
1.04923e-05
-2.29426e-05
1.65393e-05
-3.39412e-05
1.84433e-05
-3.87827e-05
1.85549e-05
-4.10691e-05
1.61355e-05
-4.35939e-05
1.27538e-05
1.00643e-05
-4.56704e-05
1.13633e-06
-7.8624e-06
6.41326e-07
-5.33254e-06
-1.89488e-06
-2.05075e-07
-7.54911e-06
6.20489e-06
-1.65312e-05
1.35166e-05
-2.53399e-05
1.93014e-05
-3.04223e-05
2.16218e-05
-3.31717e-05
2.1193e-05
-3.41999e-05
1.9583e-05
-3.47457e-05
1.66812e-05
-3.55902e-05
1.35982e-05
1.07409e-05
-3.62669e-05
-1.89453e-06
-5.96761e-06
-5.12312e-06
-2.1039e-06
-1.01257e-05
4.79772e-06
-1.65767e-05
1.26561e-05
-2.22569e-05
1.91969e-05
-2.55167e-05
2.25614e-05
-2.67911e-05
2.28962e-05
-2.71517e-05
2.15536e-05
-2.71044e-05
1.95356e-05
-2.71178e-05
1.66945e-05
-2.72552e-05
1.37354e-05
1.08423e-05
-2.73567e-05
-3.7482e-06
-2.21912e-06
-8.71757e-06
2.86603e-06
-1.37267e-05
9.80691e-06
-1.78571e-05
1.67867e-05
-2.01623e-05
2.15024e-05
-2.06745e-05
2.30737e-05
-2.03181e-05
2.25401e-05
-1.96795e-05
2.09149e-05
-1.88987e-05
1.87549e-05
-1.83397e-05
1.61353e-05
-1.79816e-05
1.33772e-05
1.05936e-05
-1.7733e-05
-4.84924e-06
2.63188e-06
-9.59753e-06
7.61449e-06
-1.32337e-05
1.34439e-05
-1.51304e-05
1.86839e-05
-1.52513e-05
2.16237e-05
-1.43219e-05
2.21449e-05
-1.30232e-05
2.12414e-05
-1.17101e-05
1.96022e-05
-1.05156e-05
1.75603e-05
-9.58656e-06
1.52064e-05
-8.90923e-06
1.26997e-05
1.01097e-05
-8.42541e-06
-5.03741e-06
7.66996e-06
-8.97947e-06
1.15575e-05
-1.1086e-05
1.55507e-05
-1.11433e-05
1.87417e-05
-9.74482e-06
2.02259e-05
-7.77216e-06
2.01727e-05
-5.74106e-06
1.92108e-05
-3.88345e-06
1.77448e-05
-2.28997e-06
1.5967e-05
-1.02117e-06
1.39376e-05
-5.66468e-08
1.17353e-05
9.40144e-06
6.51651e-07
-4.94485e-06
1.26157e-05
-7.82081e-06
1.44336e-05
-8.33196e-06
1.60624e-05
-6.83502e-06
1.72452e-05
-4.25177e-06
1.7643e-05
-1.39033e-06
1.73116e-05
1.3326e-06
1.64881e-05
3.73799e-06
1.53397e-05
5.76521e-06
1.394e-05
7.39634e-06
1.23066e-05
8.66393e-06
1.04677e-05
8.44744e-06
9.61795e-06
-4.38326e-06
1.69993e-05
-6.05392e-06
1.61047e-05
-4.85647e-06
1.4865e-05
-1.96561e-06
1.43545e-05
1.66543e-06
1.40122e-05
5.33832e-06
1.36389e-05
8.70223e-06
1.31244e-05
1.16189e-05
1.24232e-05
1.40549e-05
1.15041e-05
1.6022e-05
1.03396e-05
1.75689e-05
8.92084e-06
7.26269e-06
1.87537e-05
-3.9762e-06
2.0976e-05
-2.95697e-06
1.50855e-05
7.18695e-07
1.11896e-05
5.09236e-06
9.98095e-06
9.61962e-06
9.48512e-06
1.38616e-05
9.39704e-06
1.76021e-05
9.3841e-06
2.07765e-05
9.24886e-06
2.3396e-05
8.88464e-06
2.55054e-05
8.23033e-06
2.71734e-05
7.25289e-06
5.97013e-06
2.8466e-05
4.7237e-07
2.05039e-05
5.98637e-06
9.57181e-06
1.18864e-05
5.28942e-06
1.72655e-05
4.60204e-06
2.20013e-05
4.74942e-06
2.60669e-05
5.33154e-06
2.94975e-05
5.95364e-06
3.23419e-05
6.40461e-06
3.46604e-05
6.56624e-06
3.65169e-05
6.37397e-06
3.79911e-05
5.77866e-06
4.81497e-06
3.91464e-05
2.01752e-05
3.28956e-07
2.83865e-05
1.36045e-06
3.3461e-05
2.15187e-07
3.73777e-05
6.85379e-07
4.04227e-05
1.70449e-06
4.2928e-05
2.82624e-06
4.5032e-05
3.84981e-06
4.67779e-05
4.65877e-06
4.81988e-05
5.14541e-06
4.93283e-05
5.24445e-06
5.02323e-05
4.87471e-06
5.09547e-05
4.09261e-06
-5.27034e-05
5.60512e-06
-5.63497e-05
3.6462e-06
-5.80019e-05
1.6522e-06
-5.78792e-05
-1.22766e-07
-5.602e-05
-1.85917e-06
-5.24437e-05
-3.5763e-06
-4.6937e-05
-5.50672e-06
-3.94891e-05
-7.44783e-06
-2.99267e-05
-9.56236e-06
-1.84728e-05
-1.14538e-05
-7.05876e-06
-1.1414e-05
-7.05871e-06
-4.72061e-05
7.14082e-06
-4.8026e-05
4.466e-06
-4.82617e-05
1.88791e-06
-4.78274e-05
-5.57026e-07
-4.66799e-05
-3.0067e-06
-4.46093e-05
-5.64683e-06
-4.15519e-05
-8.56407e-06
-3.71714e-05
-1.18284e-05
-3.12789e-05
-1.54548e-05
-2.35863e-05
-1.91463e-05
-1.31399e-05
-2.18603e-05
-2.01986e-05
-3.69279e-05
7.80172e-06
-3.74119e-05
4.94993e-06
-3.76415e-05
2.11742e-06
-3.74463e-05
-7.52264e-07
-3.66753e-05
-3.77768e-06
-3.5264e-05
-7.05812e-06
-3.31087e-05
-1.07194e-05
-3.00788e-05
-1.48582e-05
-2.60879e-05
-1.94457e-05
-2.06578e-05
-2.45764e-05
-1.27845e-05
-2.97336e-05
-3.2983e-05
-2.74561e-05
7.90104e-06
-2.74742e-05
4.96792e-06
-2.73538e-05
1.99695e-06
-2.70199e-05
-1.08618e-06
-2.64084e-05
-4.38918e-06
-2.54514e-05
-8.01513e-06
-2.40603e-05
-1.21105e-05
-2.21083e-05
-1.68102e-05
-1.93877e-05
-2.21662e-05
-1.54102e-05
-2.85538e-05
-9.41524e-06
-3.57285e-05
-4.23982e-05
-1.75815e-05
7.7494e-06
-1.74683e-05
4.85461e-06
-1.7338e-05
1.86656e-06
-1.71385e-05
-1.28575e-06
-1.68285e-05
-4.69913e-06
-1.63606e-05
-8.48301e-06
-1.56766e-05
-1.27945e-05
-1.47147e-05
-1.7772e-05
-1.32743e-05
-2.36066e-05
-1.11382e-05
-3.06899e-05
-7.4296e-06
-3.9437e-05
-4.98278e-05
-8.10371e-06
7.42759e-06
-7.89827e-06
4.64913e-06
-7.7689e-06
1.73715e-06
-7.68439e-06
-1.37026e-06
-7.62378e-06
-4.75971e-06
-7.56713e-06
-8.53964e-06
-7.51009e-06
-1.28514e-05
-7.41665e-06
-1.78655e-05
-7.17269e-06
-2.38505e-05
-6.59733e-06
-3.12652e-05
-4.86935e-06
-4.11649e-05
-5.46971e-05
1.14212e-06
6.93713e-06
1.45185e-06
4.33942e-06
1.60783e-06
1.5812e-06
1.62297e-06
-1.38535e-06
1.49539e-06
-4.63207e-06
1.21071e-06
-8.25487e-06
7.40339e-07
-1.2381e-05
6.60016e-08
-1.7191e-05
-7.89109e-07
-2.29954e-05
-1.70685e-06
-3.03474e-05
-2.22694e-06
-4.06447e-05
-5.6924e-05
1.03034e-05
6.25167e-06
1.07537e-05
3.88915e-06
1.09877e-05
1.34733e-06
1.10047e-05
-1.40229e-06
1.07839e-05
-4.41116e-06
1.02814e-05
-7.75228e-06
9.42272e-06
-1.15222e-05
8.11444e-06
-1.58827e-05
6.26181e-06
-2.11426e-05
3.84442e-06
-2.79299e-05
1.24235e-06
-3.80426e-05
-5.56815e-05
1.96323e-05
5.37312e-06
2.0239e-05
3.28259e-06
2.05903e-05
9.96113e-07
2.06773e-05
-1.4892e-06
2.04651e-05
-4.1988e-06
1.98856e-05
-7.17269e-06
1.88153e-05
-1.04518e-05
1.70764e-05
-1.41436e-05
1.4423e-05
-1.84892e-05
1.05981e-05
-2.4105e-05
5.69607e-06
-3.31404e-05
-4.99854e-05
2.94531e-05
4.38603e-06
3.01692e-05
2.56665e-06
3.06331e-05
5.32293e-07
3.08318e-05
-1.68778e-06
3.07195e-05
-4.08638e-06
3.02099e-05
-6.66301e-06
2.91372e-05
-9.37898e-06
2.72471e-05
-1.22534e-05
2.41286e-05
-1.53706e-05
1.92769e-05
-1.92532e-05
1.18792e-05
-2.57426e-05
-3.81061e-05
4.00664e-05
3.46607e-06
4.07758e-05
1.85735e-06
4.12967e-05
1.16047e-08
4.16136e-05
-2.00458e-06
4.16722e-05
-4.14484e-06
4.13738e-05
-6.36449e-06
4.0526e-05
-8.53108e-06
3.88326e-05
-1.05599e-05
3.57437e-05
-1.22816e-05
3.05236e-05
-1.40331e-05
2.06626e-05
-1.58814e-05
-1.74435e-05
5.15994e-05
2.8215e-06
5.21654e-05
1.29147e-06
5.26756e-05
-4.98474e-07
5.31068e-05
-2.43571e-06
5.33919e-05
-4.42986e-06
5.34224e-05
-6.39495e-06
5.30044e-05
-8.11292e-06
5.18697e-05
-9.42518e-06
4.94947e-05
-9.90655e-06
4.49423e-05
-9.48055e-06
3.45791e-05
-5.51835e-06
1.71359e-05
5.16277e-06
-5.1622e-06
8.75505e-06
-3.59273e-06
1.14638e-05
-2.70818e-06
1.29073e-05
-1.44298e-06
1.29179e-05
-9.99499e-09
1.08565e-05
2.06483e-06
6.11068e-06
4.74622e-06
-1.34341e-06
7.45698e-06
-1.50614e-05
1.37176e-05
-2.88993e-05
1.38381e-05
-3.91225e-05
1.02227e-05
7.98224e-06
-4.71051e-05
1.56152e-06
-6.72321e-06
3.79112e-06
-5.8226e-06
3.81972e-06
-2.73623e-06
1.82104e-06
5.56357e-07
-2.73185e-06
4.54381e-06
-1.11715e-05
1.05056e-05
-2.29685e-05
1.65436e-05
-3.39515e-05
1.84403e-05
-3.87819e-05
1.85481e-05
-4.10689e-05
1.6125e-05
-4.35928e-05
1.27465e-05
1.00582e-05
-4.56689e-05
1.13292e-06
-7.85611e-06
6.33335e-07
-5.3231e-06
-1.90842e-06
-1.94311e-07
-7.57067e-06
6.21892e-06
-1.65561e-05
1.35295e-05
-2.53539e-05
1.93038e-05
-3.04259e-05
2.16159e-05
-3.31701e-05
2.11847e-05
-3.41956e-05
1.95737e-05
-3.47421e-05
1.66714e-05
-3.55863e-05
1.35906e-05
1.07346e-05
-3.62629e-05
-1.89868e-06
-5.9574e-06
-5.1336e-06
-2.0882e-06
-1.01422e-05
4.81441e-06
-1.65925e-05
1.26695e-05
-2.22638e-05
1.92011e-05
-2.55158e-05
2.25561e-05
-2.67868e-05
2.28871e-05
-2.71461e-05
2.15442e-05
-2.70986e-05
1.95262e-05
-2.71128e-05
1.66856e-05
-2.72503e-05
1.37281e-05
1.08363e-05
-2.73521e-05
-3.75187e-06
-2.20536e-06
-8.72423e-06
2.88435e-06
-1.37322e-05
9.82268e-06
-1.78575e-05
1.67951e-05
-2.01573e-05
2.15012e-05
-2.06674e-05
2.30667e-05
-2.03113e-05
2.25312e-05
-1.96727e-05
2.09059e-05
-1.88928e-05
1.87464e-05
-1.83348e-05
1.61276e-05
-1.79773e-05
1.33706e-05
1.05881e-05
-1.77292e-05
-4.85211e-06
2.64721e-06
-9.59775e-06
7.63047e-06
-1.32302e-05
1.34557e-05
-1.51232e-05
1.86886e-05
-1.52426e-05
2.16213e-05
-1.43139e-05
2.21385e-05
-1.30161e-05
2.12339e-05
-1.17043e-05
1.95945e-05
-1.05107e-05
1.75531e-05
-9.58272e-06
1.51996e-05
-8.90596e-06
1.2694e-05
1.01049e-05
-8.42268e-06
-5.03531e-06
7.68351e-06
-8.97452e-06
1.15703e-05
-1.10779e-05
1.55597e-05
-1.11336e-05
1.8745e-05
-9.73585e-06
2.0224e-05
-7.76466e-06
2.01679e-05
-5.7352e-06
1.92048e-05
-3.87885e-06
1.77386e-05
-2.28644e-06
1.59609e-05
-1.01843e-06
1.39319e-05
-5.45109e-08
1.17302e-05
9.39709e-06
6.53396e-07
-4.94129e-06
1.26252e-05
-7.81352e-06
1.4443e-05
-8.32256e-06
1.60691e-05
-6.82539e-06
1.72483e-05
-4.24347e-06
1.76424e-05
-1.38376e-06
1.73086e-05
1.33754e-06
1.64838e-05
3.74161e-06
1.53348e-05
5.76782e-06
1.3935e-05
7.39821e-06
1.23017e-05
8.66529e-06
1.04633e-05
8.44355e-06
9.61895e-06
-4.37849e-06
1.70042e-05
-6.04625e-06
1.6111e-05
-4.8474e-06
1.48705e-05
-1.95667e-06
1.43577e-05
1.67313e-06
1.40128e-05
5.34441e-06
1.36375e-05
8.70678e-06
1.31217e-05
1.16222e-05
1.24196e-05
1.40572e-05
1.15002e-05
1.60235e-05
1.03356e-05
1.757e-05
8.91704e-06
7.25926e-06
1.87544e-05
-3.97232e-06
2.09767e-05
-2.95119e-06
1.50899e-05
7.25892e-07
1.11935e-05
5.09983e-06
9.98374e-06
9.62637e-06
9.48633e-06
1.38672e-05
9.39669e-06
1.76064e-05
9.38252e-06
2.07798e-05
9.24643e-06
2.33984e-05
8.88169e-06
2.5507e-05
8.22714e-06
2.71744e-05
7.24973e-06
5.9672e-06
2.84666e-05
4.73628e-07
2.05033e-05
5.98985e-06
9.57375e-06
1.18914e-05
5.29192e-06
1.72709e-05
4.60421e-06
2.20066e-05
4.75064e-06
2.60717e-05
5.33162e-06
2.95016e-05
5.9527e-06
3.23452e-05
6.40292e-06
3.46629e-05
6.56403e-06
3.65187e-05
6.37148e-06
3.79924e-05
5.77614e-06
4.81257e-06
3.91472e-05
2.01755e-05
3.2767e-07
2.83882e-05
1.36102e-06
3.34637e-05
2.16328e-07
3.73813e-05
6.86574e-07
4.04267e-05
1.7052e-06
4.2932e-05
2.82625e-06
4.50356e-05
3.8491e-06
4.6781e-05
4.6575e-06
4.82014e-05
5.14373e-06
4.93304e-05
5.24255e-06
5.02338e-05
4.87276e-06
5.09557e-05
4.09077e-06
-5.27071e-05
5.6017e-06
-5.63498e-05
3.64244e-06
-5.80004e-05
1.65048e-06
-5.78762e-05
-1.24425e-07
-5.60165e-05
-1.85977e-06
-5.24397e-05
-3.57689e-06
-4.69331e-05
-5.50658e-06
-3.94855e-05
-7.44759e-06
-2.99239e-05
-9.5616e-06
-1.8471e-05
-1.14529e-05
-7.05803e-06
-1.14129e-05
-7.05799e-06
-4.7203e-05
7.1356e-06
-4.80228e-05
4.46205e-06
-4.82577e-05
1.88533e-06
-4.78234e-05
-5.58773e-07
-4.66756e-05
-3.00768e-06
-4.46053e-05
-5.64717e-06
-4.1548e-05
-8.5638e-06
-3.7168e-05
-1.18276e-05
-3.12761e-05
-1.54535e-05
-2.35844e-05
-1.91446e-05
-1.31388e-05
-2.18584e-05
-2.01967e-05
-3.69241e-05
7.7966e-06
-3.74081e-05
4.94599e-06
-3.76375e-05
2.11464e-06
-3.74423e-05
-7.54038e-07
-3.66715e-05
-3.77852e-06
-3.52605e-05
-7.05817e-06
-3.31055e-05
-1.07187e-05
-3.00761e-05
-1.4857e-05
-2.60857e-05
-1.94439e-05
-2.06561e-05
-2.45741e-05
-1.27835e-05
-2.97309e-05
-3.29801e-05
-2.74518e-05
7.89622e-06
-2.74702e-05
4.96428e-06
-2.73501e-05
1.99447e-06
-2.70165e-05
-1.08765e-06
-2.64053e-05
-4.38975e-06
-2.54486e-05
-8.0149e-06
-2.40578e-05
-1.21095e-05
-2.21061e-05
-1.68086e-05
-1.93859e-05
-2.2164e-05
-1.54089e-05
-2.8551e-05
-9.41448e-06
-3.57252e-05
-4.23946e-05
-1.75781e-05
7.74504e-06
-1.74653e-05
4.85136e-06
-1.73352e-05
1.86435e-06
-1.71359e-05
-1.287e-06
-1.68261e-05
-4.69951e-06
-1.63584e-05
-8.48258e-06
-1.56746e-05
-1.27932e-05
-1.4713e-05
-1.77702e-05
-1.32729e-05
-2.36041e-05
-1.11371e-05
-3.06867e-05
-7.429e-06
-3.94333e-05
-4.98236e-05
-8.10132e-06
7.42369e-06
-7.89616e-06
4.64618e-06
-7.76695e-06
1.73515e-06
-7.68256e-06
-1.37138e-06
-7.62205e-06
-4.75999e-06
-7.56548e-06
-8.5391e-06
-7.50856e-06
-1.28501e-05
-7.41528e-06
-1.78634e-05
-7.17157e-06
-2.38477e-05
-6.59647e-06
-3.12618e-05
-4.86884e-06
-4.11608e-05
-5.46924e-05
1.14358e-06
6.93358e-06
1.45312e-06
4.33669e-06
1.60899e-06
1.57932e-06
1.62408e-06
-1.38642e-06
1.49649e-06
-4.63231e-06
1.21178e-06
-8.25432e-06
7.41397e-07
-1.23796e-05
6.6945e-08
-1.71888e-05
-7.88304e-07
-2.29924e-05
-1.70623e-06
-3.03437e-05
-2.22652e-06
-4.06404e-05
-5.69188e-05
1.03042e-05
6.24842e-06
1.07544e-05
3.88661e-06
1.09882e-05
1.34552e-06
1.10052e-05
-1.40333e-06
1.07845e-05
-4.41142e-06
1.0282e-05
-7.75174e-06
9.42329e-06
-1.15208e-05
8.11499e-06
-1.58804e-05
6.2623e-06
-2.11395e-05
3.84474e-06
-2.79261e-05
1.24259e-06
-3.80381e-05
-5.56761e-05
1.96327e-05
5.37018e-06
2.02392e-05
3.28026e-06
2.05904e-05
9.94425e-07
2.06774e-05
-1.49018e-06
2.04651e-05
-4.19906e-06
1.98857e-05
-7.17216e-06
1.88154e-05
-1.04504e-05
1.70765e-05
-1.41414e-05
1.44231e-05
-1.84861e-05
1.05982e-05
-2.4101e-05
5.6961e-06
-3.31359e-05
-4.998e-05
2.94534e-05
4.38347e-06
3.01692e-05
2.56458e-06
3.06329e-05
5.30806e-07
3.08315e-05
-1.68864e-06
3.07191e-05
-4.08655e-06
3.02095e-05
-6.66244e-06
2.91369e-05
-9.37759e-06
2.72467e-05
-1.22511e-05
2.41283e-05
-1.53675e-05
1.92767e-05
-1.92493e-05
1.1879e-05
-2.57381e-05
-3.81009e-05
4.00668e-05
3.46395e-06
4.07759e-05
1.85562e-06
4.12964e-05
1.03973e-08
4.16131e-05
-2.00522e-06
4.16716e-05
-4.14482e-06
4.1373e-05
-6.36377e-06
4.05252e-05
-8.52957e-06
3.88317e-05
-1.05575e-05
3.57428e-05
-1.22785e-05
3.05229e-05
-1.40293e-05
2.06621e-05
-1.58772e-05
-1.74388e-05
5.15998e-05
2.81985e-06
5.21654e-05
1.29016e-06
5.26752e-05
-4.99334e-07
5.31061e-05
-2.43601e-06
5.3391e-05
-4.42955e-06
5.34213e-05
-6.39394e-06
5.30029e-05
-8.11115e-06
5.18681e-05
-9.42261e-06
4.9493e-05
-9.90332e-06
4.49407e-05
-9.47701e-06
3.4578e-05
-5.51444e-06
1.71393e-05
5.16342e-06
-5.16324e-06
8.75667e-06
-3.59404e-06
1.14663e-05
-2.70951e-06
1.29105e-05
-1.44417e-06
1.29231e-05
-1.2675e-08
1.08661e-05
2.05954e-06
6.12168e-06
4.74415e-06
-1.32386e-06
7.44786e-06
-1.50398e-05
1.37155e-05
-2.88873e-05
1.38477e-05
-3.91156e-05
1.0228e-05
7.98714e-06
-4.71029e-05
1.56335e-06
-6.72637e-06
3.79609e-06
-5.82716e-06
3.82756e-06
-2.74079e-06
1.83206e-06
5.51492e-07
-2.71653e-06
4.53625e-06
-1.11517e-05
1.04954e-05
-2.29487e-05
1.65414e-05
-3.39449e-05
1.84444e-05
-3.87844e-05
1.8555e-05
-4.10712e-05
1.61344e-05
-4.35961e-05
1.2753e-05
1.00635e-05
-4.56727e-05
1.13614e-06
-7.86228e-06
6.40788e-07
-5.3319e-06
-1.89609e-06
-2.03823e-07
-7.55157e-06
6.2071e-06
-1.65346e-05
1.35194e-05
-2.53426e-05
1.93037e-05
-3.04242e-05
2.16231e-05
-3.31731e-05
2.11935e-05
-3.4201e-05
1.95829e-05
-3.47471e-05
1.66804e-05
-3.55917e-05
1.35975e-05
1.07401e-05
-3.62685e-05
-1.89467e-06
-5.96733e-06
-5.12364e-06
-2.10288e-06
-1.01268e-05
4.79956e-06
-1.65782e-05
1.26586e-05
-2.22581e-05
1.91995e-05
-2.55177e-05
2.25634e-05
-2.67919e-05
2.28973e-05
-2.71524e-05
2.15542e-05
-2.71052e-05
1.95356e-05
-2.71189e-05
1.6694e-05
-2.72563e-05
1.37348e-05
1.08416e-05
-2.73579e-05
-3.74824e-06
-2.21879e-06
-8.71771e-06
2.86718e-06
-1.3727e-05
9.80889e-06
-1.78574e-05
1.67894e-05
-2.01626e-05
2.1505e-05
-2.06747e-05
2.30757e-05
-2.03184e-05
2.25413e-05
-1.96799e-05
2.09155e-05
-1.88993e-05
1.8755e-05
-1.83405e-05
1.61351e-05
-1.79825e-05
1.33767e-05
1.05929e-05
-1.7734e-05
-4.84919e-06
2.63229e-06
-9.59745e-06
7.61562e-06
-1.32336e-05
1.34459e-05
-1.51303e-05
1.86865e-05
-1.52512e-05
2.16263e-05
-1.43218e-05
2.21469e-05
-1.30231e-05
2.12427e-05
-1.17103e-05
1.9603e-05
-1.0516e-05
1.75606e-05
-9.58706e-06
1.52063e-05
-8.90983e-06
1.26994e-05
1.01091e-05
-8.42608e-06
-5.03728e-06
7.67028e-06
-8.97928e-06
1.15586e-05
-1.10858e-05
1.55527e-05
-1.11429e-05
1.87443e-05
-9.74436e-06
2.02284e-05
-7.77172e-06
2.01747e-05
-5.74073e-06
1.92122e-05
-3.88327e-06
1.77457e-05
-2.28994e-06
1.59675e-05
-1.02129e-06
1.39377e-05
-5.6861e-08
1.1735e-05
9.4009e-06
6.51379e-07
-4.94468e-06
1.26159e-05
-7.82061e-06
1.44347e-05
-8.33164e-06
1.60643e-05
-6.83446e-06
1.72475e-05
-4.25104e-06
1.76453e-05
-1.38957e-06
1.73136e-05
1.33328e-06
1.64896e-05
3.73853e-06
1.53407e-05
5.76561e-06
1.39406e-05
7.39661e-06
1.23068e-05
8.66412e-06
1.04676e-05
8.44696e-06
9.61808e-06
-4.38328e-06
1.69995e-05
-6.05382e-06
1.61057e-05
-4.85613e-06
1.48666e-05
-1.96497e-06
1.43565e-05
1.66624e-06
1.40143e-05
5.3392e-06
1.36408e-05
8.70306e-06
1.3126e-05
1.16196e-05
1.24243e-05
1.40555e-05
1.15048e-05
1.60225e-05
1.03399e-05
1.75694e-05
8.92073e-06
7.26224e-06
1.87542e-05
-3.97623e-06
2.09763e-05
-2.95698e-06
1.50865e-05
7.18836e-07
1.11911e-05
5.0927e-06
9.98276e-06
9.62012e-06
9.48706e-06
1.38622e-05
9.39888e-06
1.76027e-05
9.38565e-06
2.07771e-05
9.25002e-06
2.33966e-05
8.88538e-06
2.55059e-05
8.23062e-06
2.71739e-05
7.25278e-06
5.96967e-06
2.84665e-05
4.72246e-07
2.05043e-05
5.98605e-06
9.573e-06
1.1886e-05
5.29101e-06
1.72651e-05
4.60384e-06
2.2001e-05
4.75129e-06
2.60667e-05
5.33329e-06
2.94974e-05
5.9551e-06
3.23418e-05
6.40568e-06
3.46604e-05
6.56687e-06
3.6517e-05
6.37415e-06
3.79914e-05
5.77843e-06
4.81438e-06
3.91468e-05
2.0174e-05
3.30557e-07
2.83848e-05
1.36218e-06
3.3459e-05
2.16993e-07
3.73757e-05
6.87247e-07
4.04207e-05
1.70627e-06
4.29263e-05
2.82781e-06
4.50304e-05
3.85106e-06
4.67766e-05
4.6596e-06
4.81977e-05
5.14577e-06
4.93276e-05
5.24433e-06
5.02319e-05
4.87417e-06
5.09546e-05
4.09172e-06
-5.27075e-05
5.60449e-06
-5.6353e-05
3.64537e-06
-5.80047e-05
1.65171e-06
-5.78815e-05
-1.2331e-07
-5.60219e-05
-1.85955e-06
-5.24452e-05
-3.57673e-06
-4.69381e-05
-5.507e-06
-3.949e-05
-7.44811e-06
-2.99275e-05
-9.56254e-06
-1.84734e-05
-1.1454e-05
-7.05918e-06
-1.14141e-05
-7.05914e-06
-4.72081e-05
7.13987e-06
-4.80279e-05
4.46513e-06
-4.82633e-05
1.88716e-06
-4.7829e-05
-5.57723e-07
-4.66811e-05
-3.00736e-06
-4.46104e-05
-5.64744e-06
-4.15528e-05
-8.56462e-06
-3.7172e-05
-1.18288e-05
-3.12793e-05
-1.54552e-05
-2.35866e-05
-1.91466e-05
-1.314e-05
-2.18606e-05
-2.01991e-05
-3.69295e-05
7.80084e-06
-3.74135e-05
4.94903e-06
-3.76429e-05
2.11653e-06
-3.74475e-05
-7.53143e-07
-3.66764e-05
-3.77853e-06
-3.52649e-05
-7.05894e-06
-3.31093e-05
-1.07201e-05
-3.00793e-05
-1.48589e-05
-2.60881e-05
-1.94463e-05
-2.06578e-05
-2.45769e-05
-1.27844e-05
-2.9734e-05
-3.29834e-05
-2.74574e-05
7.90018e-06
-2.74754e-05
4.96699e-06
-2.7355e-05
1.99599e-06
-2.7021e-05
-1.08717e-06
-2.64093e-05
-4.39019e-06
-2.54521e-05
-8.01614e-06
-2.40608e-05
-1.21114e-05
-2.21086e-05
-1.68111e-05
-1.93879e-05
-2.2167e-05
-1.54103e-05
-2.85544e-05
-9.41523e-06
-3.57289e-05
-4.23986e-05
-1.75825e-05
7.74858e-06
-1.74693e-05
4.85367e-06
-1.73389e-05
1.86554e-06
-1.71393e-05
-1.28684e-06
-1.68292e-05
-4.70027e-06
-1.63612e-05
-8.48417e-06
-1.5677e-05
-1.27956e-05
-1.47149e-05
-1.77731e-05
-1.32743e-05
-2.36076e-05
-1.1138e-05
-3.06906e-05
-7.42941e-06
-3.94375e-05
-4.9828e-05
-8.1044e-06
7.4268e-06
-7.89894e-06
4.64818e-06
-7.76951e-06
1.73608e-06
-7.68492e-06
-1.37144e-06
-7.6242e-06
-4.76096e-06
-7.56742e-06
-8.54092e-06
-7.51024e-06
-1.28527e-05
-7.41667e-06
-1.78667e-05
-7.17259e-06
-2.38516e-05
-6.59712e-06
-3.1266e-05
-4.86915e-06
-4.11653e-05
-5.46971e-05
1.14183e-06
6.93636e-06
1.45156e-06
4.33846e-06
1.60758e-06
1.58009e-06
1.6228e-06
-1.38659e-06
1.49529e-06
-4.6334e-06
1.21071e-06
-8.25625e-06
7.40444e-07
-1.23824e-05
6.6206e-08
-1.71923e-05
-7.88819e-07
-2.29965e-05
-1.70651e-06
-3.03482e-05
-2.22661e-06
-4.06451e-05
-5.69237e-05
1.03036e-05
6.25093e-06
1.07539e-05
3.88819e-06
1.09878e-05
1.34619e-06
1.10049e-05
-1.40358e-06
1.07842e-05
-4.41254e-06
1.02817e-05
-7.75372e-06
9.42308e-06
-1.15236e-05
8.11486e-06
-1.5884e-05
6.26226e-06
-2.11438e-05
3.84487e-06
-2.79307e-05
1.24271e-06
-3.80428e-05
-5.56808e-05
1.96328e-05
5.3724e-06
2.02394e-05
3.28163e-06
2.05907e-05
9.94952e-07
2.06778e-05
-1.49052e-06
2.04656e-05
-4.20022e-06
1.98862e-05
-7.17416e-06
1.88159e-05
-1.04532e-05
1.7077e-05
-1.4145e-05
1.44236e-05
-1.84903e-05
1.05986e-05
-2.41057e-05
5.6965e-06
-3.31404e-05
-4.99843e-05
2.94537e-05
4.38527e-06
3.01698e-05
2.56565e-06
3.06337e-05
5.31094e-07
3.08325e-05
-1.68913e-06
3.07202e-05
-4.08783e-06
3.02107e-05
-6.66448e-06
2.9138e-05
-9.3804e-06
2.72478e-05
-1.22547e-05
2.41293e-05
-1.53717e-05
1.92775e-05
-1.92538e-05
1.18796e-05
-2.57425e-05
-3.81045e-05
4.00669e-05
3.46519e-06
4.07765e-05
1.85625e-06
4.12974e-05
1.0312e-08
4.16144e-05
-2.00601e-06
4.1673e-05
-4.14633e-06
4.13746e-05
-6.36595e-06
4.05268e-05
-8.53244e-06
3.88333e-05
-1.05611e-05
3.57442e-05
-1.22825e-05
3.0524e-05
-1.40336e-05
2.06629e-05
-1.58812e-05
-1.74415e-05
5.15995e-05
2.82036e-06
5.21657e-05
1.29014e-06
5.26761e-05
-4.99953e-07
5.31075e-05
-2.43727e-06
5.33926e-05
-4.4314e-06
5.34232e-05
-6.39639e-06
5.3005e-05
-8.11418e-06
5.18702e-05
-9.42619e-06
4.94949e-05
-9.90723e-06
4.49423e-05
-9.4808e-06
3.45791e-05
-5.51795e-06
1.71377e-05
6.55487e-05
4.15783e-06
-6.93776e-05
6.48519e-05
2.05756e-06
6.3484e-05
1.58305e-06
6.27447e-05
1.42479e-06
6.25357e-05
1.91368e-06
6.26391e-05
2.72316e-06
6.2876e-05
3.61331e-06
6.31226e-05
4.41269e-06
6.33134e-05
4.9551e-06
6.34287e-05
5.12977e-06
6.35163e-05
4.78778e-06
4.00138e-06
6.36084e-05
8.42242e-05
3.29599e-06
-8.33625e-05
8.38793e-05
2.40244e-06
8.3199e-05
2.26328e-06
8.23374e-05
2.28639e-06
8.15068e-05
2.74423e-06
8.0725e-05
3.50496e-06
7.99596e-05
4.37883e-06
7.9179e-05
5.19323e-06
7.83798e-05
5.75433e-06
7.75938e-05
5.91577e-06
7.69177e-05
5.46395e-06
4.48489e-06
7.64342e-05
9.72584e-05
2.3149e-06
-9.62772e-05
9.75648e-05
2.09598e-06
9.75125e-05
2.3156e-06
9.71057e-05
2.69318e-06
9.64302e-05
3.41971e-06
9.55262e-05
4.40902e-06
9.44211e-05
5.48401e-06
9.3159e-05
6.45535e-06
9.18163e-05
7.09703e-06
9.0517e-05
7.21513e-06
8.94383e-05
6.54258e-06
5.12953e-06
8.87937e-05
0.000109096
-0.000108502
1.72055e-06
0.000109362
1.83e-06
0.000109313
2.36516e-06
0.000108905
3.10051e-06
0.000108149
4.17622e-06
0.000107079
5.47832e-06
0.000105757
6.80657e-06
0.000104283
7.92852e-06
0.00010281
8.57022e-06
0.000101557
8.46857e-06
0.000100778
7.32108e-06
0.000100907
5.0014e-06
6.38603e-05
2.57052e-06
6.42275e-05
9.2525e-07
6.473e-05
-9.99716e-07
6.53177e-05
-3.02217e-06
6.58954e-05
-5.00625e-06
6.63303e-05
-6.82862e-06
6.6444e-05
-8.22549e-06
6.60361e-05
-9.01626e-06
6.4887e-05
-8.75687e-06
6.27409e-05
-7.33391e-06
6.10593e-05
-3.83662e-06
8.81848e-06
6.93762e-05
7.6418e-05
2.58672e-06
7.67374e-05
6.05883e-07
7.7391e-05
-1.65322e-06
7.82671e-05
-3.89826e-06
7.92248e-05
-5.96387e-06
8.00857e-05
-7.68955e-06
8.06665e-05
-8.80618e-06
8.07735e-05
-9.12329e-06
8.03497e-05
-8.33298e-06
7.92723e-05
-6.25667e-06
7.89472e-05
-3.51148e-06
4.40348e-06
8.33623e-05
8.90024e-05
2.37814e-06
8.96882e-05
-7.98237e-08
9.0794e-05
-2.75893e-06
9.21149e-05
-5.21915e-06
9.34674e-05
-7.31631e-06
9.46378e-05
-8.85993e-06
9.54523e-05
-9.62065e-06
9.57279e-05
-9.39882e-06
9.54827e-05
-8.08787e-06
9.4717e-05
-5.49077e-06
9.41683e-05
-2.96276e-06
2.29351e-06
9.62782e-05
0.000102244
1.04071e-06
0.000103769
-1.60434e-06
0.000105476
-4.46609e-06
0.000107132
-6.87517e-06
0.000108577
-8.76125e-06
0.000109635
-9.91862e-06
0.000110201
-1.0186e-05
0.000110173
-9.37167e-06
0.000109635
-7.54958e-06
0.000108771
-4.62629e-06
0.000107825
-2.01758e-06
0.000108504
1.61466e-06
6.55484e-05
4.15673e-06
6.48523e-05
2.05666e-06
6.3485e-05
1.58232e-06
6.27462e-05
1.42427e-06
6.25375e-05
1.91321e-06
6.26411e-05
2.7227e-06
6.28782e-05
3.61285e-06
6.31248e-05
4.41222e-06
6.33156e-05
4.95461e-06
6.34309e-05
5.12924e-06
6.35185e-05
4.78719e-06
4.00069e-06
6.36105e-05
8.42243e-05
3.29482e-06
8.38796e-05
2.4013e-06
8.31998e-05
2.26235e-06
8.23385e-05
2.2855e-06
8.15083e-05
2.74343e-06
8.07267e-05
3.50424e-06
7.99614e-05
4.37819e-06
7.9181e-05
5.19265e-06
7.83818e-05
5.7538e-06
7.75958e-05
5.91526e-06
7.69197e-05
5.46341e-06
4.48426e-06
7.64362e-05
9.72593e-05
2.31376e-06
9.75657e-05
2.09487e-06
9.75135e-05
2.31439e-06
9.71069e-05
2.69213e-06
9.64316e-05
3.41876e-06
9.55277e-05
4.40816e-06
9.44226e-05
5.48329e-06
9.31605e-05
6.45475e-06
9.18179e-05
7.09652e-06
9.05185e-05
7.21467e-06
8.94398e-05
6.54209e-06
5.1289e-06
8.87952e-05
0.000109098
1.71993e-06
0.000109364
1.82916e-06
0.000109314
2.36421e-06
0.000108907
3.09952e-06
0.00010815
4.17529e-06
0.000107081
5.47751e-06
0.000105758
6.80592e-06
0.000104285
7.92801e-06
0.000102811
8.56982e-06
0.000101558
8.46821e-06
0.000100779
7.32065e-06
0.000100908
5.00072e-06
6.38624e-05
2.5697e-06
6.42297e-05
9.24284e-07
6.47321e-05
-1.00079e-06
6.53199e-05
-3.02334e-06
6.58975e-05
-5.00745e-06
6.63324e-05
-6.82978e-06
6.64461e-05
-8.2265e-06
6.6038e-05
-9.01704e-06
6.48888e-05
-8.7573e-06
6.27425e-05
-7.33418e-06
6.10609e-05
-3.83651e-06
8.8187e-06
6.9378e-05
7.642e-05
2.58589e-06
7.67395e-05
6.04888e-07
7.73931e-05
-1.65434e-06
7.82692e-05
-3.89946e-06
7.92269e-05
-5.96506e-06
8.00877e-05
-7.69062e-06
8.06683e-05
-8.80706e-06
8.07752e-05
-9.12387e-06
8.03511e-05
-8.33326e-06
7.92737e-05
-6.25667e-06
7.89485e-05
-3.51143e-06
4.40375e-06
8.33636e-05
8.9004e-05
2.37722e-06
8.969e-05
-8.09141e-08
9.07958e-05
-2.76013e-06
9.21168e-05
-5.22035e-06
9.34691e-05
-7.31743e-06
9.46394e-05
-8.86082e-06
9.54536e-05
-9.62129e-06
9.57289e-05
-9.39914e-06
9.54836e-05
-8.08789e-06
9.47177e-05
-5.49078e-06
9.4169e-05
-2.96256e-06
2.2936e-06
9.6279e-05
0.000102245
1.03966e-06
0.00010377
-1.60552e-06
0.000105477
-4.46726e-06
0.000107133
-6.87628e-06
0.000108578
-8.76217e-06
0.000109636
-9.91927e-06
0.000110201
-1.01864e-05
0.000110174
-9.37176e-06
0.000109635
-7.54949e-06
0.000108771
-4.62613e-06
0.000107826
-2.01768e-06
0.000108505
1.61466e-06
6.55493e-05
4.15629e-06
6.48535e-05
2.05689e-06
6.34868e-05
1.58296e-06
6.27486e-05
1.42476e-06
6.25404e-05
1.91338e-06
6.26442e-05
2.72242e-06
6.28812e-05
3.61209e-06
6.31276e-05
4.4111e-06
6.33181e-05
4.95325e-06
6.34329e-05
5.12778e-06
6.35199e-05
4.78575e-06
3.99938e-06
6.36114e-05
8.42252e-05
3.29463e-06
8.38806e-05
2.40146e-06
8.32009e-05
2.26255e-06
8.234e-05
2.2856e-06
8.15101e-05
2.74321e-06
8.07288e-05
3.50363e-06
7.99636e-05
4.37724e-06
7.91831e-05
5.19151e-06
7.83837e-05
5.75261e-06
7.75973e-05
5.91415e-06
7.69207e-05
5.46243e-06
4.48344e-06
7.64367e-05
9.72599e-05
2.31371e-06
9.75663e-05
2.09498e-06
9.75142e-05
2.31461e-06
9.71078e-05
2.69203e-06
9.64327e-05
3.4183e-06
9.55289e-05
4.40733e-06
9.44239e-05
5.48218e-06
9.31618e-05
6.45358e-06
9.18189e-05
7.09548e-06
9.05192e-05
7.21389e-06
8.944e-05
6.54156e-06
5.12854e-06
8.87949e-05
0.000109098
1.7198e-06
0.000109364
1.82921e-06
0.000109314
2.36415e-06
0.000108907
3.09928e-06
0.000108151
4.17469e-06
0.000107081
5.47656e-06
0.000105759
6.80479e-06
0.000104285
7.92697e-06
0.000102811
8.56911e-06
0.000101557
8.46792e-06
0.000100778
7.32064e-06
0.000100906
5.00076e-06
6.38628e-05
2.56852e-06
6.42296e-05
9.23411e-07
6.47317e-05
-1.00125e-06
6.5319e-05
-3.02325e-06
6.58963e-05
-5.00674e-06
6.63308e-05
-6.82836e-06
6.64441e-05
-8.22434e-06
6.60357e-05
-9.01409e-06
6.48861e-05
-8.75379e-06
6.27397e-05
-7.33038e-06
6.1058e-05
-3.8327e-06
8.82257e-06
6.93748e-05
7.64201e-05
2.58514e-06
7.67391e-05
6.04416e-07
7.73923e-05
-1.65438e-06
7.8268e-05
-3.89892e-06
7.92252e-05
-5.96386e-06
8.00855e-05
-7.68868e-06
8.06656e-05
-8.80434e-06
8.07719e-05
-9.12042e-06
8.03475e-05
-8.32927e-06
7.92697e-05
-6.25271e-06
7.89445e-05
-3.50735e-06
4.40761e-06
8.33595e-05
8.90034e-05
2.3768e-06
8.96889e-05
-8.10369e-08
9.07943e-05
-2.75975e-06
9.21148e-05
-5.21933e-06
9.34666e-05
-7.31565e-06
9.46362e-05
-8.85826e-06
9.54499e-05
-9.61793e-06
9.57246e-05
-9.39514e-06
9.54789e-05
-8.0835e-06
9.47127e-05
-5.48641e-06
9.41639e-05
-2.95854e-06
2.29752e-06
9.6274e-05
0.000102243
1.03942e-06
0.000103768
-1.60528e-06
0.000105474
-4.46642e-06
0.00010713
-6.87468e-06
0.000108574
-8.75977e-06
0.000109632
-9.91609e-06
0.000110196
-1.01825e-05
0.000110168
-9.36734e-06
0.00010963
-7.54483e-06
0.000108765
-4.62178e-06
0.00010782
-2.01353e-06
0.000108499
1.61834e-06
6.55458e-05
4.15961e-06
6.48488e-05
2.05919e-06
6.34812e-05
1.58453e-06
6.27423e-05
1.4262e-06
6.25337e-05
1.91487e-06
6.26376e-05
2.72403e-06
6.28749e-05
3.61377e-06
6.31219e-05
4.41265e-06
6.33133e-05
4.95453e-06
6.3429e-05
5.12861e-06
6.35171e-05
4.78613e-06
3.99928e-06
6.36096e-05
8.42208e-05
3.29828e-06
8.38757e-05
2.40435e-06
8.31954e-05
2.26497e-06
8.23339e-05
2.28769e-06
8.15035e-05
2.74519e-06
8.0722e-05
3.50551e-06
7.99569e-05
4.37889e-06
7.91769e-05
5.19271e-06
7.83783e-05
5.75319e-06
7.75929e-05
5.91398e-06
7.69175e-05
5.46161e-06
4.48208e-06
7.64348e-05
9.72549e-05
2.31732e-06
9.75612e-05
2.09808e-06
9.75088e-05
2.31721e-06
9.7102e-05
2.69452e-06
9.64266e-05
3.42065e-06
9.55227e-05
4.40944e-06
9.44177e-05
5.48381e-06
9.3156e-05
6.45442e-06
9.1814e-05
7.09531e-06
9.05154e-05
7.21258e-06
8.94377e-05
6.53936e-06
5.12581e-06
8.8794e-05
0.000109093
1.72332e-06
0.000109359
1.83226e-06
0.000109309
2.36697e-06
0.000108902
3.1019e-06
0.000108145
4.17714e-06
0.000107076
5.47863e-06
0.000105754
6.80609e-06
0.000104281
7.92712e-06
0.000102809
8.56782e-06
0.000101556
8.46516e-06
0.000100778
7.31695e-06
0.000100907
4.99694e-06
6.3862e-05
2.56809e-06
6.42297e-05
9.22575e-07
6.47324e-05
-1.00255e-06
6.53203e-05
-3.02507e-06
6.5898e-05
-5.00904e-06
6.63329e-05
-6.83116e-06
6.64464e-05
-8.2276e-06
6.60381e-05
-9.01782e-06
6.48886e-05
-8.75769e-06
6.2742e-05
-7.33415e-06
6.10602e-05
-3.836e-06
8.82027e-06
7.64193e-05
2.58363e-06
7.67392e-05
6.02705e-07
7.73931e-05
-1.65641e-06
7.82694e-05
-3.90131e-06
7.9227e-05
-5.96664e-06
8.00878e-05
-7.69186e-06
8.06681e-05
-8.80794e-06
8.07747e-05
-9.12436e-06
8.03504e-05
-8.33334e-06
7.92726e-05
-6.25632e-06
7.89472e-05
-3.51073e-06
4.40505e-06
8.90034e-05
2.3743e-06
8.96897e-05
-8.34662e-08
9.07957e-05
-2.76234e-06
9.21166e-05
-5.22216e-06
9.34688e-05
-7.31884e-06
9.46388e-05
-8.86184e-06
9.54528e-05
-9.62191e-06
9.57279e-05
-9.39934e-06
9.54822e-05
-8.08765e-06
9.4716e-05
-5.49012e-06
9.41671e-05
-2.96165e-06
2.29489e-06
0.000102245
1.03654e-06
0.00010377
-1.60803e-06
0.000105477
-4.46924e-06
0.000107132
-6.87779e-06
0.000108577
-8.76328e-06
0.000109635
-9.92e-06
0.0001102
-1.01867e-05
0.000110172
-9.37165e-06
0.000109633
-7.54893e-06
0.000108768
-4.6252e-06
0.000107823
-2.01649e-06
1.61581e-06
-3.98505e-05
1.61293e-06
3.99581e-05
-4.0206e-05
2.1854e-06
-4.09292e-05
3.0883e-06
-4.20247e-05
4.19595e-06
-4.34131e-05
5.56455e-06
-4.49542e-05
7.0194e-06
-4.6466e-05
8.31841e-06
-4.772e-05
9.18247e-06
-4.84641e-05
9.31424e-06
-4.84449e-05
8.4494e-06
-4.74497e-05
6.3258e-06
2.84572e-06
-4.52942e-05
-3.54946e-05
1.99341e-06
3.51139e-05
-3.6297e-05
2.98762e-06
-3.74404e-05
4.23154e-06
-3.88835e-05
5.63889e-06
-4.0486e-05
7.16691e-06
-4.20515e-05
8.58479e-06
-4.33443e-05
9.61112e-06
-4.41125e-05
9.9506e-06
-4.4135e-05
9.33674e-06
-4.32749e-05
7.58915e-06
-4.14839e-05
4.53471e-06
7.26193e-08
-3.87106e-05
-3.1358e-05
2.66798e-06
3.06834e-05
-3.23877e-05
4.01716e-06
-3.36966e-05
5.54031e-06
-3.52063e-05
7.14845e-06
-3.6749e-05
8.70952e-06
-3.81075e-05
9.94323e-06
-3.90394e-05
1.05429e-05
-3.93151e-05
1.02263e-05
-3.8781e-05
8.80256e-06
-3.74393e-05
6.24744e-06
-3.54577e-05
2.55305e-06
-2.5231e-06
-3.28622e-05
-2.73035e-05
2.6521e-05
3.45023e-06
-2.83622e-05
5.07568e-06
-2.96228e-05
6.8007e-06
-3.09856e-05
8.51103e-06
-3.22771e-05
1.00008e-05
-3.3279e-05
1.0945e-05
-3.37531e-05
1.10169e-05
-3.3479e-05
9.95216e-06
-3.23186e-05
7.64211e-06
-3.03337e-05
4.26248e-06
-2.78626e-05
8.18698e-08
-2.69961e-05
-3.38959e-06
-4.22474e-05
-2.00589e-06
-4.02817e-05
-3.56993e-06
-3.86587e-05
-6.08901e-06
-3.74499e-05
-8.08391e-06
-3.67413e-05
-9.46993e-06
-3.65677e-05
-1.00923e-05
-3.69137e-05
-9.84e-06
-3.76807e-05
-8.60465e-06
-3.87084e-05
-6.52201e-06
-3.96131e-05
-3.72144e-06
-4.03108e-05
-1.31996e-06
1.25955e-06
-3.99557e-05
-3.49267e-05
-5.78977e-06
-3.30188e-05
-5.47787e-06
-3.17857e-05
-7.32214e-06
-3.10328e-05
-8.83685e-06
-3.08053e-05
-9.69756e-06
-3.10735e-05
-9.82415e-06
-3.17601e-05
-9.15348e-06
-3.27108e-05
-7.65405e-06
-3.37314e-05
-5.50141e-06
-3.45274e-05
-2.92566e-06
-3.50794e-05
-7.67999e-07
1.2914e-06
-3.51112e-05
-2.86076e-05
-1.00442e-05
-2.70652e-05
-7.02021e-06
-2.63203e-05
-8.06708e-06
-2.597e-05
-9.18723e-06
-2.60461e-05
-9.6215e-06
-2.65151e-05
-9.35519e-06
-2.72897e-05
-8.37897e-06
-2.82185e-05
-6.72534e-06
-2.91304e-05
-4.58952e-06
-2.98313e-05
-2.22469e-06
-3.03618e-05
-2.37607e-07
1.61015e-06
-3.06807e-05
-2.23082e-05
-1.4732e-05
-2.17061e-05
-7.62226e-06
-2.16153e-05
-8.15801e-06
-2.16651e-05
-9.13754e-06
-2.19542e-05
-9.33253e-06
-2.25058e-05
-8.80376e-06
-2.32593e-05
-7.62553e-06
-2.40953e-05
-5.88946e-06
-2.48844e-05
-3.80052e-06
-2.55099e-05
-1.59942e-06
-2.6041e-05
2.93463e-07
-2.65185e-05
2.08758e-06
-3.98485e-05
1.61265e-06
-4.02041e-05
2.18478e-06
-4.09275e-05
3.08738e-06
-4.20231e-05
4.19512e-06
-4.34117e-05
5.56377e-06
-4.4953e-05
7.01877e-06
-4.64651e-05
8.31797e-06
-4.77193e-05
9.18219e-06
-4.84636e-05
9.31407e-06
-4.84446e-05
8.44923e-06
-4.74494e-05
6.32546e-06
2.84504e-06
-4.5294e-05
-3.54924e-05
1.99388e-06
-3.6295e-05
2.98734e-06
-3.74386e-05
4.23106e-06
-3.8882e-05
5.63832e-06
-4.04848e-05
7.16642e-06
-4.20506e-05
8.58447e-06
-4.33438e-05
9.61101e-06
-4.41123e-05
9.95065e-06
-4.41352e-05
9.33685e-06
-4.32752e-05
7.58919e-06
-4.14844e-05
4.53447e-06
7.19849e-08
-3.87111e-05
-3.13558e-05
2.66892e-06
-3.23857e-05
4.0172e-06
-3.36949e-05
5.54004e-06
-3.52049e-05
7.14822e-06
-3.6748e-05
8.70941e-06
-3.8107e-05
9.94331e-06
-3.90393e-05
1.05432e-05
-3.93154e-05
1.02267e-05
-3.87816e-05
8.80297e-06
-3.74402e-05
6.24767e-06
-3.54587e-05
2.55292e-06
-2.52373e-06
-3.28632e-05
-2.73014e-05
3.45183e-06
-2.83604e-05
5.07613e-06
-2.96213e-05
6.80092e-06
-3.09844e-05
8.51121e-06
-3.22764e-05
1.00012e-05
-3.32787e-05
1.09455e-05
-3.37533e-05
1.10176e-05
-3.34796e-05
9.95291e-06
-3.23195e-05
7.64278e-06
-3.03347e-05
4.26285e-06
-2.78638e-05
8.17721e-08
-2.69974e-05
-3.39012e-06
-4.2247e-05
-2.00701e-06
-4.02814e-05
-3.57104e-06
-3.86585e-05
-6.09004e-06
-3.74499e-05
-8.08488e-06
-3.67414e-05
-9.47071e-06
-3.65679e-05
-1.00928e-05
-3.6914e-05
-9.8403e-06
-3.7681e-05
-8.60475e-06
-3.87085e-05
-6.52197e-06
-3.96131e-05
-3.72156e-06
-4.03106e-05
-1.32002e-06
1.25933e-06
-3.99555e-05
-3.49271e-05
-5.791e-06
-3.30192e-05
-5.47892e-06
-3.17862e-05
-7.32306e-06
-3.10334e-05
-8.83775e-06
-3.08059e-05
-9.69834e-06
-3.1074e-05
-9.82474e-06
-3.17606e-05
-9.15386e-06
-3.27111e-05
-7.65427e-06
-3.37316e-05
-5.50155e-06
-3.45274e-05
-2.92577e-06
-3.50793e-05
-7.68352e-07
1.29117e-06
-3.51111e-05
-2.86084e-05
-1.00457e-05
-2.7066e-05
-7.02126e-06
-2.63212e-05
-8.06795e-06
-2.59709e-05
-9.18814e-06
-2.60469e-05
-9.62236e-06
-2.65158e-05
-9.35589e-06
-2.72902e-05
-8.3795e-06
-2.82188e-05
-6.72571e-06
-2.91306e-05
-4.58978e-06
-2.98315e-05
-2.22504e-06
-3.03618e-05
-2.37884e-07
1.60975e-06
-3.06807e-05
-2.23091e-05
-1.47339e-05
-2.17071e-05
-7.62332e-06
-2.16163e-05
-8.15887e-06
-2.16661e-05
-9.13851e-06
-2.1955e-05
-9.33351e-06
-2.25064e-05
-8.80462e-06
-2.32598e-05
-7.62621e-06
-2.40957e-05
-5.88998e-06
-2.48846e-05
-3.80091e-06
-2.551e-05
-1.59974e-06
-2.60411e-05
2.92991e-07
-2.65186e-05
2.08721e-06
-3.98483e-05
1.61251e-06
-4.02039e-05
2.18472e-06
-4.09272e-05
3.08734e-06
-4.20228e-05
4.19479e-06
-4.34115e-05
5.5632e-06
-4.4953e-05
7.01802e-06
-4.64656e-05
8.31724e-06
-4.77204e-05
9.18173e-06
-4.84654e-05
9.31403e-06
-4.84472e-05
8.44957e-06
-4.74525e-05
6.32591e-06
2.84527e-06
-4.52972e-05
-3.54924e-05
1.9936e-06
-3.6295e-05
2.98715e-06
-3.74386e-05
4.2308e-06
-3.88821e-05
5.63806e-06
-4.04852e-05
7.1661e-06
-4.20515e-05
8.58419e-06
-4.33454e-05
9.61095e-06
-4.41147e-05
9.95095e-06
-4.41384e-05
9.33757e-06
-4.32791e-05
7.59016e-06
-4.14887e-05
4.53533e-06
7.22856e-08
-3.87155e-05
-3.13558e-05
2.66862e-06
-3.23858e-05
4.01697e-06
-3.36951e-05
5.53995e-06
-3.52054e-05
7.14817e-06
-3.67489e-05
8.7095e-06
-3.81086e-05
9.94365e-06
-3.90416e-05
1.05439e-05
-3.93186e-05
1.02278e-05
-3.87855e-05
8.80441e-06
-3.74447e-05
6.24923e-06
-3.54636e-05
2.55414e-06
-2.52339e-06
-3.28681e-05
-2.73016e-05
3.45145e-06
-2.83607e-05
5.07588e-06
-2.96218e-05
6.80084e-06
-3.09853e-05
8.51143e-06
-3.22777e-05
1.00017e-05
-3.32807e-05
1.09465e-05
-3.3756e-05
1.1019e-05
-3.3483e-05
9.95468e-06
-3.23235e-05
7.64474e-06
-3.03391e-05
4.2648e-06
-2.78684e-05
8.32771e-08
-2.70023e-05
-3.38945e-06
-4.22504e-05
-2.00723e-06
-4.02851e-05
-3.57038e-06
-3.86629e-05
-6.08868e-06
-3.74548e-05
-8.08277e-06
-3.67467e-05
-9.46788e-06
-3.65735e-05
-1.00893e-05
-3.69197e-05
-9.83623e-06
-3.76868e-05
-8.6003e-06
-3.87142e-05
-6.51747e-06
-3.96186e-05
-3.71723e-06
-4.03159e-05
-1.31626e-06
1.26289e-06
-3.99605e-05
-3.49314e-05
-5.79141e-06
-3.30238e-05
-5.47795e-06
-3.17912e-05
-7.32129e-06
-3.10388e-05
-8.83528e-06
-3.08115e-05
-9.69525e-06
-3.10797e-05
-9.82111e-06
-3.17662e-05
-9.14982e-06
-3.27166e-05
-7.64999e-06
-3.37368e-05
-5.49728e-06
-3.45323e-05
-2.92187e-06
-3.50839e-05
-7.64733e-07
1.29429e-06
-3.51153e-05
-2.86128e-05
-1.00465e-05
-2.70707e-05
-7.02007e-06
-2.63262e-05
-8.06587e-06
-2.59761e-05
-9.18546e-06
-2.60522e-05
-9.61916e-06
-2.65211e-05
-9.35229e-06
-2.72953e-05
-8.37561e-06
-2.82236e-05
-6.72173e-06
-2.91351e-05
-4.58591e-06
-2.98355e-05
-2.22143e-06
-3.03655e-05
-2.34829e-07
1.61252e-06
-3.06838e-05
-2.23132e-05
-1.47355e-05
-2.17115e-05
-7.62186e-06
-2.16209e-05
-8.15653e-06
-2.16708e-05
-9.13569e-06
-2.19598e-05
-9.33029e-06
-2.25111e-05
-8.80112e-06
-2.32642e-05
-7.62258e-06
-2.40997e-05
-5.88635e-06
-2.48882e-05
-3.79747e-06
-2.55131e-05
-1.5967e-06
-2.60437e-05
2.95699e-07
-2.65206e-05
2.08938e-06
-3.98529e-05
1.61571e-06
-4.02082e-05
2.18754e-06
-4.09312e-05
3.08981e-06
-4.20265e-05
4.19712e-06
-4.34146e-05
5.56515e-06
-4.49553e-05
7.01925e-06
-4.64666e-05
8.31735e-06
-4.77199e-05
9.18043e-06
-4.84633e-05
9.3112e-06
-4.84437e-05
8.44547e-06
-4.74482e-05
6.32142e-06
2.84143e-06
-4.52928e-05
-3.5496e-05
1.99646e-06
-3.62981e-05
2.98957e-06
-3.74411e-05
4.23291e-06
-3.88838e-05
5.6397e-06
-4.04859e-05
7.16706e-06
-4.20509e-05
8.58411e-06
-4.33432e-05
9.60952e-06
-4.41109e-05
9.94805e-06
-4.41331e-05
9.33333e-06
-4.32728e-05
7.5851e-06
-4.1482e-05
4.53051e-06
6.89073e-08
-3.87093e-05
-3.13583e-05
2.67092e-06
-3.23876e-05
4.01878e-06
-3.3696e-05
5.54118e-06
-3.52053e-05
7.14882e-06
-3.67475e-05
8.7092e-06
-3.81056e-05
9.94206e-06
-3.90371e-05
1.05409e-05
-3.93126e-05
1.02234e-05
-3.87784e-05
8.79906e-06
-3.74369e-05
6.24355e-06
-3.54557e-05
2.54929e-06
-2.52614e-06
-3.2861e-05
-2.73029e-05
3.4532e-06
-2.83612e-05
5.077e-06
-2.96213e-05
6.80129e-06
-3.09836e-05
8.51099e-06
-3.22747e-05
1.00001e-05
-3.32762e-05
1.09434e-05
-3.37501e-05
1.10146e-05
-3.3476e-05
9.94921e-06
-3.23157e-05
7.63876e-06
-3.03312e-05
4.25899e-06
-2.78609e-05
7.87295e-08
-2.69949e-05
-3.39214e-06
-4.22466e-05
-2.00941e-06
-4.02815e-05
-3.573e-06
-3.86592e-05
-6.09155e-06
-3.7451e-05
-8.08596e-06
-3.67429e-05
-9.47142e-06
-3.65698e-05
-1.00931e-05
-3.69162e-05
-9.84025e-06
-3.76836e-05
-8.60427e-06
-3.87115e-05
-6.52108e-06
-3.96163e-05
-3.72042e-06
-4.03137e-05
-1.31891e-06
1.26009e-06
-3.49265e-05
-5.79226e-06
-3.30193e-05
-5.48008e-06
-3.1787e-05
-7.32397e-06
-3.10347e-05
-8.83829e-06
-3.08077e-05
-9.69855e-06
-3.10763e-05
-9.82461e-06
-3.17633e-05
-9.15336e-06
-3.27142e-05
-7.65338e-06
-3.3735e-05
-5.50038e-06
-3.45309e-05
-2.9245e-06
-3.50827e-05
-7.67356e-07
1.2913e-06
-2.86076e-05
-1.00454e-05
-2.70661e-05
-7.0215e-06
-2.6322e-05
-8.0682e-06
-2.59722e-05
-9.18811e-06
-2.60488e-05
-9.62203e-06
-2.65182e-05
-9.35526e-06
-2.7293e-05
-8.37854e-06
-2.8222e-05
-6.72446e-06
-2.91341e-05
-4.58837e-06
-2.9835e-05
-2.2237e-06
-3.03651e-05
-2.37113e-07
1.60936e-06
-2.23084e-05
-1.47318e-05
-2.17073e-05
-7.62268e-06
-2.16171e-05
-8.15851e-06
-2.16674e-05
-9.13794e-06
-2.19569e-05
-9.33267e-06
-2.25087e-05
-8.80352e-06
-2.32625e-05
-7.62485e-06
-2.40987e-05
-5.88841e-06
-2.48878e-05
-3.79932e-06
-2.55132e-05
-1.59839e-06
-2.60441e-05
2.93542e-07
2.0862e-06
-2.32947e-05
4.19608e-06
2.25487e-05
-2.42305e-05
6.01135e-06
-2.52838e-05
7.85381e-06
-2.63475e-05
9.57462e-06
-2.72529e-05
1.09061e-05
-2.77856e-05
1.14776e-05
-2.76954e-05
1.09267e-05
-2.67061e-05
8.96279e-06
-2.45055e-05
5.44144e-06
-2.0653e-05
4.09955e-07
-1.40183e-05
-6.55288e-06
-1.74079e-05
-1.93597e-05
4.80386e-06
1.87517e-05
-2.00709e-05
6.72226e-06
-2.08162e-05
8.59897e-06
-2.14922e-05
1.02505e-05
-2.19438e-05
1.13576e-05
-2.19692e-05
1.15029e-05
-2.1316e-05
1.02734e-05
-1.96737e-05
7.32035e-06
-1.66488e-05
2.41659e-06
-1.16592e-05
-4.57972e-06
-4.95674e-06
-1.32553e-05
-2.23645e-05
-1.55558e-05
5.21238e-06
1.51471e-05
-1.59871e-05
7.15342e-06
-1.63786e-05
8.99034e-06
-1.664e-05
1.05117e-05
-1.6642e-05
1.13595e-05
-1.62182e-05
1.10791e-05
-1.51594e-05
9.21454e-06
-1.32206e-05
5.38147e-06
-1.02074e-05
-5.96662e-07
-6.186e-06
-8.60109e-06
-2.09174e-06
-1.73495e-05
-2.44561e-05
-1.19464e-05
5.39182e-06
1.17668e-05
-1.20794e-05
7.28623e-06
-1.21135e-05
9.02431e-06
-1.198e-05
1.03781e-05
-1.15889e-05
1.09683e-05
-1.08334e-05
1.03235e-05
-9.59097e-06
7.97209e-06
-7.75566e-06
3.54613e-06
-5.39607e-06
-2.95627e-06
-2.90358e-06
-1.10936e-05
-8.74069e-07
-1.9379e-05
-2.53302e-05
-8.58963e-06
5.33546e-06
8.64586e-06
-8.43008e-06
7.12658e-06
-8.12924e-06
8.72339e-06
-7.64604e-06
9.89485e-06
-6.93836e-06
1.02605e-05
-5.9729e-06
9.35794e-06
-4.73004e-06
6.72919e-06
-3.23692e-06
2.05296e-06
-1.70249e-06
-4.49071e-06
-4.51896e-07
-1.23442e-05
3.36941e-07
-2.01678e-05
-2.49932e-05
-5.53035e-06
5.05248e-06
5.81315e-06
-5.09848e-06
6.69459e-06
-4.49681e-06
8.12162e-06
-3.71533e-06
9.1133e-06
-2.76158e-06
9.30669e-06
-1.67647e-06
8.27278e-06
-5.32681e-07
5.58536e-06
5.55522e-07
9.6473e-07
1.33567e-06
-5.27087e-06
1.61333e-06
-1.26219e-05
1.36802e-06
-1.99225e-05
-2.36252e-05
-2.79705e-06
4.56301e-06
3.28643e-06
-2.12056e-06
6.01802e-06
-1.25468e-06
7.25576e-06
-2.20704e-07
8.07926e-06
9.28029e-07
8.15795e-06
2.08482e-06
7.11594e-06
3.10559e-06
4.56456e-06
3.83032e-06
2.39971e-07
3.99097e-06
-5.43157e-06
3.4726e-06
-1.21035e-05
2.34707e-06
-1.8797e-05
-2.12781e-05
-4.00909e-07
3.89298e-06
1.07076e-06
4.89845e-07
5.12726e-06
1.5859e-06
6.15967e-06
2.83687e-06
6.82827e-06
4.15174e-06
6.84301e-06
5.36952e-06
5.89813e-06
6.29162e-06
3.64242e-06
6.73457e-06
-2.03028e-07
6.40078e-06
-5.0978e-06
5.18508e-06
-1.08878e-05
3.18948e-06
-1.68014e-05
-1.80887e-05
1.66549e-06
3.07129e-06
-8.43678e-07
2.74094e-06
4.05156e-06
4.03828e-06
4.86259e-06
5.4827e-06
5.38363e-06
6.95435e-06
5.37152e-06
8.24695e-06
4.60543e-06
9.11844e-06
2.77095e-06
9.3689e-06
-4.53477e-07
8.6379e-06
-4.3669e-06
6.77854e-06
-9.02841e-06
3.91296e-06
-1.3936e-05
-1.41757e-05
3.4338e-06
2.12551e-06
-2.48819e-06
4.66807e-06
2.81726e-06
6.14414e-06
3.38662e-06
7.77047e-06
3.75723e-06
9.40421e-06
3.73782e-06
1.0799e-05
3.21056e-06
1.16706e-05
1.89937e-06
1.18075e-05
-5.9042e-07
1.07401e-05
-3.29948e-06
8.2541e-06
-6.54245e-06
4.48232e-06
-1.01643e-05
-9.69343e-06
4.9897e-06
1.08327e-06
-3.94793e-06
6.35922e-06
1.44762e-06
7.99704e-06
1.74896e-06
9.8025e-06
1.95166e-06
1.16071e-05
1.93325e-06
1.31429e-05
1.67467e-06
1.40515e-05
9.90771e-07
1.41017e-05
-6.40637e-07
1.2679e-05
-1.87688e-06
9.57313e-06
-3.43656e-06
4.94848e-06
-5.5397e-06
-4.74509e-06
6.492e-06
-5.40896e-06
7.93966e-06
9.68859e-06
1.16403e-05
1.35735e-05
1.52482e-05
1.62389e-05
1.55983e-05
1.37214e-05
1.02848e-05
4.74509e-06
-1.40847e-05
-6.47657e-07
-1.66306e-05
-5.07648e-06
-1.73962e-05
-7.39251e-06
-1.7857e-05
-8.67689e-06
-1.83101e-05
-8.87951e-06
-1.88882e-05
-8.22572e-06
-1.95791e-05
-6.93477e-06
-2.0304e-05
-5.16466e-06
-2.09748e-05
-3.12982e-06
-2.15266e-05
-1.04756e-06
-2.20315e-05
7.98257e-07
2.60248e-06
-2.25465e-05
-9.05132e-06
8.40359e-06
-1.24599e-05
-1.66794e-06
-1.3718e-05
-6.13453e-06
-1.44528e-05
-7.94223e-06
-1.50158e-05
-8.31674e-06
-1.55901e-05
-7.65149e-06
-1.62065e-05
-6.31852e-06
-1.68217e-05
-4.54955e-06
-1.73807e-05
-2.57099e-06
-1.78501e-05
-5.78318e-07
-1.8291e-05
1.23903e-06
3.06135e-06
-1.87499e-05
-6.18319e-06
1.45866e-05
-9.13217e-06
1.28089e-06
-1.05417e-05
-4.72516e-06
-1.13961e-05
-7.08785e-06
-1.20163e-05
-7.69671e-06
-1.25719e-05
-7.09594e-06
-1.31171e-05
-5.77342e-06
-1.36332e-05
-4.03353e-06
-1.40873e-05
-2.11696e-06
-1.44631e-05
-2.02546e-07
-1.48062e-05
1.58199e-06
3.40075e-06
-1.51457e-05
-4.11701e-06
1.87034e-05
-6.41689e-06
3.58071e-06
-7.76531e-06
-3.37687e-06
-8.6323e-06
-6.221e-06
-9.27037e-06
-7.05879e-06
-9.80615e-06
-6.56029e-06
-1.02929e-05
-5.28681e-06
-1.07256e-05
-3.6009e-06
-1.10848e-05
-1.75792e-06
-1.13604e-05
7.29424e-08
-1.15828e-05
1.80427e-06
3.58363e-06
-1.17657e-05
-2.39996e-06
2.11039e-05
-4.07108e-06
5.25181e-06
-5.27358e-06
-2.17443e-06
-6.10048e-06
-5.39419e-06
-6.74107e-06
-6.41829e-06
-7.2699e-06
-6.03155e-06
-7.71812e-06
-4.83869e-06
-8.08702e-06
-3.2321e-06
-8.36458e-06
-1.48047e-06
-8.54168e-06
2.49995e-07
-8.6344e-06
1.89687e-06
3.59437e-06
-8.64524e-06
-8.63216e-07
2.19671e-05
-1.9386e-06
6.32712e-06
-2.9637e-06
-1.14944e-06
-3.74516e-06
-4.61289e-06
-4.3992e-06
-5.76439e-06
-4.94275e-06
-5.48813e-06
-5.37813e-06
-4.40343e-06
-5.70606e-06
-2.90428e-06
-5.91897e-06
-1.26766e-06
-6.00659e-06
3.3747e-07
-5.97306e-06
1.86326e-06
3.4342e-06
-5.81294e-06
5.89655e-07
2.13779e-05
7.97298e-08
6.83717e-06
-7.58497e-07
-3.11322e-07
-1.51745e-06
-3.85396e-06
-2.21496e-06
-5.06702e-06
-2.80444e-06
-4.89873e-06
-3.25785e-06
-3.95016e-06
-3.57092e-06
-2.59131e-06
-3.73953e-06
-1.09918e-06
-3.75221e-06
3.5009e-07
-3.6046e-06
1.71554e-06
3.11609e-06
-3.28658e-06
1.98374e-06
1.93943e-05
2.03292e-06
6.78781e-06
1.39285e-06
3.28683e-07
6.24145e-07
-3.08547e-06
-1.57203e-07
-4.2858e-06
-8.32617e-07
-4.22349e-06
-1.3394e-06
-3.44349e-06
-1.66665e-06
-2.26419e-06
-1.81387e-06
-9.52062e-07
-1.77008e-06
3.06158e-07
-1.52648e-06
1.47184e-06
2.66077e-06
-1.07123e-06
3.3025e-06
1.60908e-05
3.94014e-06
6.15076e-06
3.5196e-06
7.48562e-07
2.71227e-06
-2.27774e-06
1.80652e-06
-3.38049e-06
1.00156e-06
-3.41839e-06
4.02585e-07
-2.84481e-06
2.90795e-08
-1.89065e-06
-1.21579e-07
-8.01654e-07
-4.1858e-08
2.26474e-07
2.75863e-07
1.15402e-06
2.0936e-06
8.42958e-07
4.59172e-06
1.14986e-05
5.78942e-06
4.95278e-06
5.63497e-06
9.02654e-07
4.78275e-06
-1.4256e-06
3.72677e-06
-2.3248e-06
2.75289e-06
-2.44467e-06
2.01778e-06
-2.10993e-06
1.55842e-06
-1.43148e-06
1.37562e-06
-6.1908e-07
1.46982e-06
1.32181e-07
1.8368e-06
7.86958e-07
1.44307e-06
2.48723e-06
5.61464e-06
5.88291e-06
7.5397e-06
3.02722e-06
7.74274e-06
6.98802e-07
6.9058e-06
-5.88906e-07
5.72207e-06
-1.14164e-06
4.5569e-06
-1.27986e-06
3.62757e-06
-1.18113e-06
3.02092e-06
-8.25295e-07
2.76485e-06
-3.63572e-07
2.84905e-06
4.77292e-08
3.24082e-06
3.94983e-07
7.36989e-07
3.94667e-06
5.88282e-06
8.90987e-06
9.60863e-06
9.01961e-06
7.87791e-06
6.59794e-06
5.41672e-06
4.5913e-06
4.22768e-06
4.27536e-06
4.6703e-06
5.40725e-06
-2.32928e-05
4.19804e-06
-2.42289e-05
6.0121e-06
-2.52824e-05
7.85433e-06
-2.63466e-05
9.57519e-06
-2.72524e-05
1.09068e-05
-2.77856e-05
1.14785e-05
-2.76958e-05
1.09277e-05
-2.67068e-05
8.96383e-06
-2.45064e-05
5.44228e-06
-2.0654e-05
4.10346e-07
-1.40191e-05
-6.55325e-06
-1.74094e-05
-1.93582e-05
4.80627e-06
-2.00695e-05
6.72337e-06
-2.08151e-05
8.59991e-06
-2.14915e-05
1.02514e-05
-2.19435e-05
1.13586e-05
-2.19692e-05
1.15041e-05
-2.13164e-05
1.02747e-05
-1.96743e-05
7.3216e-06
-1.66496e-05
2.41754e-06
-1.166e-05
-4.57935e-06
-4.95733e-06
-1.3256e-05
-2.23668e-05
-1.55545e-05
5.21501e-06
-1.5986e-05
7.15476e-06
-1.63777e-05
8.99153e-06
-1.66394e-05
1.05129e-05
-1.66417e-05
1.13608e-05
-1.62183e-05
1.10806e-05
-1.51597e-05
9.21607e-06
-1.32211e-05
5.38285e-06
-1.0208e-05
-5.95658e-07
-6.18656e-06
-8.60082e-06
-2.09211e-06
-1.73506e-05
-2.4459e-05
-1.19454e-05
5.39468e-06
-1.20785e-05
7.2878e-06
-1.21129e-05
9.0258e-06
-1.19796e-05
1.03796e-05
-1.15887e-05
1.09698e-05
-1.08334e-05
1.03251e-05
-9.59118e-06
7.97375e-06
-7.75599e-06
3.54758e-06
-5.39644e-06
-2.95525e-06
-2.90388e-06
-1.10934e-05
-8.74228e-07
-1.93803e-05
-2.53333e-05
-8.58898e-06
5.33835e-06
-8.42948e-06
7.12823e-06
-8.12876e-06
8.72498e-06
-7.6457e-06
9.89642e-06
-6.93818e-06
1.02622e-05
-5.97285e-06
9.35967e-06
-4.73011e-06
6.73091e-06
-3.23704e-06
2.05443e-06
-1.7026e-06
-4.48976e-06
-4.51902e-07
-1.23442e-05
3.37035e-07
-2.01694e-05
-2.49964e-05
-5.53e-06
5.05537e-06
-5.0981e-06
6.6963e-06
-4.49648e-06
8.12334e-06
-3.71506e-06
9.11492e-06
-2.76138e-06
9.30841e-06
-1.67633e-06
8.27451e-06
-5.32575e-07
5.58707e-06
5.55638e-07
9.66149e-07
1.33584e-06
-5.27e-06
1.6136e-06
-1.2622e-05
1.3683e-06
-1.99242e-05
-2.36282e-05
-2.79697e-06
4.5657e-06
-2.12038e-06
6.01966e-06
-1.25449e-06
7.25738e-06
-2.20474e-07
8.08083e-06
9.28269e-07
8.15961e-06
2.08509e-06
7.1176e-06
3.10589e-06
4.56618e-06
3.8307e-06
2.41286e-07
3.99143e-06
-5.43082e-06
3.47311e-06
-1.21038e-05
2.34751e-06
-1.87987e-05
-2.12809e-05
-4.01042e-07
3.89546e-06
4.89872e-07
5.12871e-06
1.586e-06
6.16122e-06
2.83708e-06
6.82969e-06
4.15205e-06
6.84453e-06
5.36994e-06
5.89961e-06
6.29214e-06
3.64388e-06
6.73521e-06
-2.01875e-07
6.40151e-06
-5.09717e-06
5.18582e-06
-1.08882e-05
3.19004e-06
-1.68031e-05
-1.8091e-05
1.66517e-06
3.07319e-06
2.74089e-06
4.05294e-06
4.03831e-06
4.86375e-06
5.48294e-06
5.38488e-06
6.95473e-06
5.37275e-06
8.24754e-06
4.60672e-06
9.11918e-06
2.77214e-06
9.36982e-06
-4.52492e-07
8.63889e-06
-4.36643e-06
6.77949e-06
-9.02875e-06
3.91361e-06
-1.39374e-05
-1.41774e-05
3.4334e-06
2.12694e-06
4.66797e-06
2.81831e-06
6.14417e-06
3.38741e-06
7.77073e-06
3.7581e-06
9.40469e-06
3.73869e-06
1.07998e-05
3.21152e-06
1.16716e-05
1.90023e-06
1.18087e-05
-5.89702e-07
1.07413e-05
-3.29919e-06
8.25525e-06
-6.54276e-06
4.48303e-06
-1.01654e-05
-9.6946e-06
4.98923e-06
1.0842e-06
6.35913e-06
1.44824e-06
7.99709e-06
1.74914e-06
9.80279e-06
1.95198e-06
1.16077e-05
1.93358e-06
1.31438e-05
1.67513e-06
1.40527e-05
9.91169e-07
1.41031e-05
-6.40301e-07
1.26806e-05
-1.87682e-06
9.5745e-06
-3.43683e-06
4.94923e-06
-5.54039e-06
-4.74587e-06
6.49142e-06
7.93959e-06
9.68865e-06
1.16406e-05
1.35741e-05
1.52492e-05
1.62404e-05
1.56e-05
1.37232e-05
1.02863e-05
4.74587e-06
-1.40855e-05
-6.48821e-07
-1.66316e-05
-5.0774e-06
-1.73972e-05
-7.39339e-06
-1.78579e-05
-8.67794e-06
-1.83109e-05
-8.88061e-06
-1.88888e-05
-8.22674e-06
-1.95795e-05
-6.9356e-06
-2.03043e-05
-5.16529e-06
-2.0975e-05
-3.13029e-06
-2.15268e-05
-1.04803e-06
-2.20317e-05
7.97885e-07
2.60204e-06
-2.25468e-05
-9.05209e-06
8.40296e-06
-1.24609e-05
-1.66873e-06
-1.3719e-05
-6.13544e-06
-1.44537e-05
-7.94336e-06
-1.50165e-05
-8.31796e-06
-1.55907e-05
-7.65263e-06
-1.62069e-05
-6.31947e-06
-1.68221e-05
-4.55027e-06
-1.7381e-05
-2.57152e-06
-1.78504e-05
-5.78723e-07
-1.82913e-05
1.23856e-06
3.06098e-06
-1.87503e-05
-6.18381e-06
1.45864e-05
-9.133e-06
1.28028e-06
-1.05425e-05
-4.72608e-06
-1.13969e-05
-7.08904e-06
-1.20169e-05
-7.69802e-06
-1.25724e-05
-7.09718e-06
-1.31175e-05
-5.77446e-06
-1.36336e-05
-4.0343e-06
-1.40877e-05
-2.1175e-06
-1.44635e-05
-2.03005e-07
-1.48066e-05
1.58164e-06
3.40037e-06
-1.51462e-05
-4.11755e-06
1.87036e-05
-6.41761e-06
3.58025e-06
-7.76604e-06
-3.37776e-06
-8.63299e-06
-6.22222e-06
-9.27099e-06
-7.06014e-06
-9.80669e-06
-6.5616e-06
-1.02934e-05
-5.28789e-06
-1.07261e-05
-3.6017e-06
-1.10852e-05
-1.75845e-06
-1.13609e-05
7.25775e-08
-1.15834e-05
1.8039e-06
3.58335e-06
-1.17664e-05
-2.40043e-06
2.11045e-05
-4.0717e-06
5.25149e-06
-5.27423e-06
-2.17528e-06
-6.10112e-06
-5.3954e-06
-6.74169e-06
-6.41966e-06
-7.27048e-06
-6.03288e-06
-7.71866e-06
-4.8398e-06
-8.08756e-06
-3.23288e-06
-8.36515e-06
-1.48095e-06
-8.54233e-06
2.49651e-07
-8.63513e-06
1.89665e-06
3.59416e-06
-8.64611e-06
-8.6363e-07
2.19678e-05
-1.93913e-06
6.32691e-06
-2.96429e-06
-1.15021e-06
-3.74579e-06
-4.61403e-06
-4.39984e-06
-5.7657e-06
-4.94339e-06
-5.48945e-06
-5.37877e-06
-4.4045e-06
-5.70673e-06
-2.90502e-06
-5.91969e-06
-1.26808e-06
-6.00738e-06
3.37232e-07
-5.97396e-06
1.86308e-06
3.43411e-06
-5.81398e-06
5.89302e-07
2.13788e-05
7.92599e-08
6.83706e-06
-7.59054e-07
-3.12012e-07
-1.51807e-06
-3.855e-06
-2.21565e-06
-5.06825e-06
-2.80516e-06
-4.89998e-06
-3.25861e-06
-3.95117e-06
-3.57173e-06
-2.59198e-06
-3.74041e-06
-1.09953e-06
-3.75318e-06
3.49905e-07
-3.60567e-06
1.71551e-06
3.1161e-06
-3.2878e-06
1.98347e-06
1.93954e-05
2.03251e-06
6.78778e-06
1.39232e-06
3.28129e-07
6.23509e-07
-3.0864e-06
-1.5795e-07
-4.28689e-06
-8.3343e-07
-4.22464e-06
-1.34029e-06
-3.4444e-06
-1.66762e-06
-2.26477e-06
-1.81493e-06
-9.52329e-07
-1.77121e-06
3.06056e-07
-1.52771e-06
1.47188e-06
2.6609e-06
-1.07261e-06
3.30232e-06
1.60918e-05
3.93981e-06
6.15087e-06
3.51907e-06
7.48108e-07
2.71162e-06
-2.27845e-06
1.80571e-06
-3.38145e-06
1.00065e-06
-3.41936e-06
4.01555e-07
-2.84563e-06
2.79606e-08
-1.89109e-06
-1.22813e-07
-8.01873e-07
-4.31467e-08
2.2646e-07
2.74502e-07
1.15416e-06
2.09386e-06
8.41456e-07
4.59166e-06
1.14993e-05
5.78915e-06
4.95294e-06
5.63449e-06
9.02366e-07
4.7821e-06
-1.42612e-06
3.72591e-06
-2.32553e-06
2.75189e-06
-2.44543e-06
2.01662e-06
-2.11057e-06
1.55714e-06
-1.43177e-06
1.37423e-06
-6.19232e-07
1.46839e-06
1.32225e-07
1.83535e-06
7.87187e-07
1.44331e-06
2.48563e-06
5.6147e-06
5.88304e-06
7.53954e-06
3.02737e-06
7.74236e-06
6.98615e-07
6.90522e-06
-5.89191e-07
5.72122e-06
-1.14203e-06
4.55583e-06
-1.28028e-06
3.62628e-06
-1.18149e-06
3.01949e-06
-8.25393e-07
2.7633e-06
-3.63695e-07
2.84751e-06
4.78219e-08
3.23933e-06
3.95199e-07
7.36972e-07
3.94503e-06
5.88289e-06
8.91006e-06
9.60864e-06
9.01935e-06
7.87728e-06
6.59691e-06
5.41534e-06
4.5898e-06
4.22606e-06
4.27385e-06
4.66892e-06
5.40573e-06
-2.32932e-05
4.19771e-06
-2.42294e-05
6.01194e-06
-2.52832e-05
7.8545e-06
-2.63477e-05
9.57571e-06
-2.7254e-05
1.09078e-05
-2.77877e-05
1.148e-05
-2.76985e-05
1.09297e-05
-2.671e-05
8.96602e-06
-2.45097e-05
5.44438e-06
-2.0657e-05
4.12047e-07
-1.40212e-05
-6.55256e-06
-1.74107e-05
-1.93587e-05
4.80594e-06
-2.00702e-05
6.72325e-06
-2.08161e-05
8.60017e-06
-2.14927e-05
1.02522e-05
-2.19451e-05
1.136e-05
-2.19713e-05
1.1506e-05
-2.13188e-05
1.02771e-05
-1.96768e-05
7.32393e-06
-1.66519e-05
2.41941e-06
-1.16615e-05
-4.57837e-06
-4.95776e-06
-1.32563e-05
-2.23685e-05
-1.55552e-05
5.21477e-06
-1.59869e-05
7.15476e-06
-1.63788e-05
8.992e-06
-1.66407e-05
1.05139e-05
-1.66433e-05
1.13625e-05
-1.62201e-05
1.10827e-05
-1.51617e-05
9.21852e-06
-1.32229e-05
5.38511e-06
-1.02094e-05
-5.94189e-07
-6.18729e-06
-8.60047e-06
-2.09219e-06
-1.73514e-05
-2.44606e-05
-1.19463e-05
5.39449e-06
-1.20795e-05
7.28785e-06
-1.2114e-05
9.02632e-06
-1.19809e-05
1.03807e-05
-1.15902e-05
1.09716e-05
-1.08349e-05
1.03273e-05
-9.59264e-06
7.97617e-06
-7.75723e-06
3.54963e-06
-5.39727e-06
-2.95417e-06
-2.90426e-06
-1.10935e-05
-8.74271e-07
-1.93814e-05
-2.53349e-05
-8.59001e-06
5.33827e-06
-8.43063e-06
7.12837e-06
-8.13002e-06
8.72561e-06
-7.64702e-06
9.89757e-06
-6.93951e-06
1.0264e-05
-5.9741e-06
9.36185e-06
-4.73118e-06
6.73317e-06
-3.23784e-06
2.05624e-06
-1.70306e-06
-4.48899e-06
-4.52106e-07
-1.23444e-05
3.37006e-07
-2.01705e-05
-2.49979e-05
-5.5312e-06
5.05537e-06
-5.09939e-06
6.69643e-06
-4.49784e-06
8.12393e-06
-3.71638e-06
9.11598e-06
-2.76261e-06
9.31012e-06
-1.67736e-06
8.27651e-06
-5.33344e-07
5.58909e-06
5.55148e-07
9.67709e-07
1.33562e-06
-5.26947e-06
1.61351e-06
-1.26223e-05
1.36829e-06
-1.99253e-05
-2.36296e-05
-2.79835e-06
4.56578e-06
-2.1218e-06
6.01984e-06
-1.25594e-06
7.25796e-06
-2.21798e-07
8.08179e-06
9.27108e-07
8.16114e-06
2.08422e-06
7.11935e-06
3.10534e-06
4.56793e-06
3.8304e-06
2.4259e-07
3.99136e-06
-5.43043e-06
3.47311e-06
-1.21041e-05
2.34754e-06
-1.87997e-05
-2.12821e-05
-4.02573e-07
3.89566e-06
4.88308e-07
5.12884e-06
1.58446e-06
6.16173e-06
2.83573e-06
6.8304e-06
4.15092e-06
6.84586e-06
5.36916e-06
5.90102e-06
6.29172e-06
3.64531e-06
6.73506e-06
-2.00779e-07
6.40155e-06
-5.09697e-06
5.18589e-06
-1.08884e-05
3.1901e-06
-1.6804e-05
-1.8092e-05
1.66347e-06
3.0733e-06
2.73922e-06
4.05325e-06
4.03665e-06
4.864e-06
5.48157e-06
5.38561e-06
6.9536e-06
5.37367e-06
8.24682e-06
4.60783e-06
9.11885e-06
2.77329e-06
9.36973e-06
-4.51766e-07
8.63905e-06
-4.36617e-06
6.7796e-06
-9.02912e-06
3.9137e-06
-1.39381e-05
-1.41783e-05
3.43161e-06
2.12701e-06
4.66618e-06
2.81856e-06
6.14244e-06
3.38755e-06
7.76931e-06
3.75865e-06
9.40356e-06
3.73931e-06
1.07991e-05
3.21227e-06
1.16713e-05
1.90104e-06
1.18087e-05
-5.89207e-07
1.07416e-05
-3.29902e-06
8.25543e-06
-6.54307e-06
4.48314e-06
-1.01658e-05
-9.69524e-06
4.98737e-06
1.08394e-06
6.35728e-06
1.44832e-06
7.99529e-06
1.74909e-06
9.80136e-06
1.9524e-06
1.16065e-05
1.93388e-06
1.31432e-05
1.67555e-06
1.40525e-05
9.91678e-07
1.41032e-05
-6.40031e-07
1.26809e-05
-1.87669e-06
9.57473e-06
-3.437e-06
4.94937e-06
-5.54054e-06
-4.74601e-06
6.48961e-06
7.93783e-06
9.68688e-06
1.16392e-05
1.35731e-05
1.52486e-05
1.62403e-05
1.56003e-05
1.37236e-05
1.02866e-05
4.74601e-06
-1.40884e-05
-6.47404e-07
-1.66353e-05
-5.07513e-06
-1.74012e-05
-7.39078e-06
-1.7862e-05
-8.67503e-06
-1.83149e-05
-8.87746e-06
-1.88927e-05
-8.22341e-06
-1.95831e-05
-6.93226e-06
-2.03074e-05
-5.16207e-06
-2.09776e-05
-3.12734e-06
-2.15289e-05
-1.04542e-06
-2.20333e-05
7.99941e-07
2.6037e-06
-2.25477e-05
-9.0542e-06
8.40668e-06
-1.24638e-05
-1.66561e-06
-1.37222e-05
-6.13256e-06
-1.44569e-05
-7.9404e-06
-1.50196e-05
-8.31489e-06
-1.55936e-05
-7.64952e-06
-1.62095e-05
-6.31646e-06
-1.68243e-05
-4.54748e-06
-1.73827e-05
-2.56904e-06
-1.78516e-05
-5.76699e-07
-1.82918e-05
1.24017e-06
3.06202e-06
-1.87502e-05
-6.18539e-06
1.45918e-05
-9.13519e-06
1.28403e-06
-1.05449e-05
-4.72301e-06
-1.13993e-05
-7.08609e-06
-1.20192e-05
-7.6951e-06
-1.25744e-05
-7.09433e-06
-1.31192e-05
-5.77179e-06
-1.36348e-05
-4.03194e-06
-1.40884e-05
-2.11551e-06
-1.44638e-05
-2.01423e-07
-1.48064e-05
1.58266e-06
3.40092e-06
-1.51453e-05
-4.11857e-06
1.87102e-05
-6.41905e-06
3.58444e-06
-7.76758e-06
-3.3746e-06
-8.63447e-06
-6.21934e-06
-9.27229e-06
-7.05742e-06
-9.80773e-06
-6.55901e-06
-1.02941e-05
-5.28558e-06
-1.07264e-05
-3.59975e-06
-1.10851e-05
-1.7569e-06
-1.13603e-05
7.36639e-08
-1.15822e-05
1.80453e-06
3.5834e-06
-1.17648e-05
-2.40091e-06
2.11116e-05
-4.0724e-06
5.25589e-06
-5.27494e-06
-2.17212e-06
-6.10168e-06
-5.39269e-06
-6.74202e-06
-6.41718e-06
-7.27055e-06
-6.03057e-06
-7.71841e-06
-4.83783e-06
-8.08691e-06
-3.23133e-06
-8.36409e-06
-1.47983e-06
-8.54084e-06
2.50365e-07
-8.63325e-06
1.89683e-06
3.59386e-06
-8.64379e-06
-8.63592e-07
2.19751e-05
-1.93909e-06
6.3313e-06
-2.96415e-06
-1.14717e-06
-3.74544e-06
-4.61156e-06
-4.39923e-06
-5.76352e-06
-4.94252e-06
-5.48741e-06
-5.37759e-06
-4.40286e-06
-5.70519e-06
-2.90383e-06
-5.91778e-06
-1.26732e-06
-6.00512e-06
3.37581e-07
-5.97137e-06
1.86299e-06
3.4335e-06
-5.81107e-06
5.89839e-07
2.13857e-05
8.00303e-08
6.84121e-06
-7.58071e-07
-3.09176e-07
-1.51683e-06
-3.85284e-06
-2.21412e-06
-5.06637e-06
-2.80338e-06
-4.89822e-06
-3.25655e-06
-3.94982e-06
-3.56935e-06
-2.59112e-06
-3.73771e-06
-1.09908e-06
-3.75019e-06
3.50001e-07
-3.60245e-06
1.71513e-06
3.11532e-06
-3.28436e-06
1.98445e-06
1.94013e-05
2.03397e-06
6.7915e-06
1.39412e-06
3.30593e-07
6.25613e-07
-3.08455e-06
-1.55533e-07
-4.28535e-06
-8.30793e-07
-4.22312e-06
-1.3374e-06
-3.44332e-06
-1.66446e-06
-2.26419e-06
-1.81149e-06
-9.52135e-07
-1.76757e-06
3.05949e-07
-1.52392e-06
1.47138e-06
2.66001e-06
-1.06869e-06
3.3037e-06
1.60967e-05
3.94188e-06
6.15383e-06
3.52166e-06
7.50198e-07
2.71452e-06
-2.27708e-06
1.80896e-06
-3.38017e-06
1.00408e-06
-3.41815e-06
4.05223e-07
-2.84473e-06
3.18464e-08
-1.89079e-06
-1.18701e-07
-8.01844e-07
-3.89141e-08
2.26214e-07
2.78783e-07
1.15358e-06
2.09294e-06
8.45767e-07
4.59337e-06
1.15027e-05
5.79178e-06
4.9551e-06
5.63775e-06
9.03864e-07
4.78573e-06
-1.42518e-06
3.72989e-06
-2.32461e-06
2.75605e-06
-2.4445e-06
2.02099e-06
-2.10989e-06
1.5617e-06
-1.43168e-06
1.37895e-06
-6.19312e-07
1.47315e-06
1.31944e-07
1.84005e-06
7.86611e-07
1.44258e-06
2.49029e-06
5.61658e-06
5.88495e-06
7.54261e-06
3.02851e-06
7.74616e-06
6.99472e-07
6.90941e-06
-5.88729e-07
5.7258e-06
-1.14155e-06
4.56066e-06
-1.27974e-06
3.63136e-06
-1.18109e-06
3.02469e-06
-8.25472e-07
2.76858e-06
-3.63744e-07
2.85273e-06
4.7607e-08
3.24436e-06
3.94793e-07
7.36728e-07
3.94997e-06
5.88484e-06
8.91317e-06
9.61259e-06
9.02375e-06
7.88214e-06
6.6023e-06
5.42112e-06
4.59553e-06
4.23174e-06
4.27931e-06
4.67405e-06
5.41073e-06
-2.32933e-05
4.19878e-06
-2.42287e-05
6.01228e-06
-2.52815e-05
7.85396e-06
-2.63448e-05
9.57419e-06
-2.72499e-05
1.0905e-05
-2.77824e-05
1.14758e-05
-2.76921e-05
1.09242e-05
-2.6703e-05
8.95992e-06
-2.45027e-05
5.43846e-06
-2.06509e-05
4.07093e-07
-1.4017e-05
-6.55525e-06
-1.74094e-05
-1.93579e-05
4.80641e-06
-2.00686e-05
6.72291e-06
-2.08135e-05
8.59886e-06
-2.14892e-05
1.02498e-05
-2.19406e-05
1.13562e-05
-2.19659e-05
1.15009e-05
-2.13128e-05
1.0271e-05
-1.96707e-05
7.31776e-06
-1.66466e-05
2.41422e-06
-1.16579e-05
-4.58161e-06
-4.95651e-06
-1.32568e-05
-2.2366e-05
-1.55536e-05
5.21464e-06
-1.59846e-05
7.15375e-06
-1.63758e-05
8.98994e-06
-1.66369e-05
1.05108e-05
-1.66388e-05
1.1358e-05
-1.62151e-05
1.1077e-05
-1.51565e-05
9.21224e-06
-1.32182e-05
5.37931e-06
-1.02057e-05
-5.98337e-07
-6.18521e-06
-8.60216e-06
-2.09163e-06
-1.73505e-05
-2.44577e-05
-1.19441e-05
5.3939e-06
-1.20768e-05
7.28638e-06
-1.21107e-05
9.02381e-06
-1.19771e-05
1.03771e-05
-1.1586e-05
1.09667e-05
-1.08306e-05
1.03215e-05
-9.58853e-06
7.97009e-06
-7.75375e-06
3.54445e-06
-5.39481e-06
-2.95733e-06
-2.90289e-06
-1.10941e-05
-8.73755e-07
-1.93797e-05
-2.53316e-05
-8.58726e-06
5.3373e-06
-8.42749e-06
7.12655e-06
-8.12652e-06
8.72275e-06
-7.6433e-06
9.89376e-06
-6.93574e-06
1.02591e-05
-5.97053e-06
9.35621e-06
-4.72807e-06
6.72752e-06
-3.23543e-06
2.05172e-06
-1.70147e-06
-4.49134e-06
-4.51198e-07
-1.23445e-05
3.37392e-07
-2.01684e-05
-2.49943e-05
-5.528e-06
5.05418e-06
-5.09599e-06
6.69451e-06
-4.49429e-06
8.12103e-06
-3.71286e-06
9.11226e-06
-2.7593e-06
9.3054e-06
-1.6745e-06
8.27131e-06
-5.31096e-07
5.58403e-06
5.56712e-07
9.63847e-07
1.33654e-06
-5.27123e-06
1.61403e-06
-1.2622e-05
1.36852e-06
-1.9923e-05
-2.36259e-05
-2.79474e-06
4.56449e-06
-2.11818e-06
6.0179e-06
-1.25237e-06
7.25516e-06
-2.1851e-07
8.07833e-06
9.29986e-07
8.15685e-06
2.08646e-06
7.11475e-06
3.10687e-06
4.56354e-06
3.83129e-06
2.39358e-07
3.99174e-06
-5.43175e-06
3.47325e-06
-1.21036e-05
2.34756e-06
-1.87975e-05
-2.12785e-05
-3.98609e-07
3.89434e-06
4.9213e-07
5.12713e-06
1.58803e-06
6.15923e-06
2.83882e-06
6.82748e-06
4.15344e-06
6.84214e-06
5.37089e-06
5.89719e-06
6.29267e-06
3.64167e-06
6.73538e-06
-2.03438e-07
6.40144e-06
-5.09787e-06
5.18567e-06
-1.08879e-05
3.18993e-06
-1.68019e-05
-1.80887e-05
1.66778e-06
3.07227e-06
2.74322e-06
4.05165e-06
4.04028e-06
4.86212e-06
5.48449e-06
5.38305e-06
6.95584e-06
5.37084e-06
8.24813e-06
4.60478e-06
9.11932e-06
2.77041e-06
9.3696e-06
-4.5372e-07
8.63847e-06
-4.3669e-06
6.77903e-06
-9.02851e-06
3.91331e-06
-1.39364e-05
-1.41755e-05
3.43619e-06
2.12628e-06
4.67039e-06
2.81739e-06
6.14611e-06
3.38623e-06
7.77215e-06
3.75679e-06
9.40557e-06
3.73734e-06
1.08001e-05
3.21014e-06
1.16714e-05
1.89901e-06
1.18081e-05
-5.90548e-07
1.07406e-05
-3.29945e-06
8.2545e-06
-6.54255e-06
4.48256e-06
-1.01646e-05
-9.6931e-06
4.9922e-06
1.08386e-06
6.36167e-06
1.44775e-06
7.99905e-06
1.74849e-06
9.80413e-06
1.95126e-06
1.16084e-05
1.93287e-06
1.31439e-05
1.67439e-06
1.40522e-05
9.90514e-07
1.41022e-05
-6.40724e-07
1.26795e-05
-1.87689e-06
9.57346e-06
-3.43669e-06
4.94859e-06
-5.54004e-06
-4.74501e-06
6.49456e-06
7.94223e-06
9.69063e-06
1.16418e-05
1.35747e-05
1.5249e-05
1.62395e-05
1.55988e-05
1.37219e-05
1.02851e-05
4.74501e-06
-1.40854e-05
-6.4694e-07
-1.66319e-05
-5.07633e-06
-1.7398e-05
-7.39255e-06
-1.78591e-05
-8.67691e-06
-1.83125e-05
-8.87934e-06
-1.88909e-05
-8.22523e-06
-1.95819e-05
-6.93389e-06
-2.03069e-05
-5.16348e-06
-2.09777e-05
-3.12857e-06
-2.15295e-05
-1.04671e-06
-2.20341e-05
7.98154e-07
2.60058e-06
-9.05204e-06
8.40481e-06
-1.24611e-05
-1.66735e-06
-1.37196e-05
-6.13422e-06
-1.44547e-05
-7.94196e-06
-1.50178e-05
-8.31633e-06
-1.55924e-05
-7.6508e-06
-1.62089e-05
-6.3175e-06
-1.68242e-05
-4.54828e-06
-1.73831e-05
-2.56973e-06
-1.78525e-05
-5.77464e-07
-1.82931e-05
1.2386e-06
3.05907e-06
-6.18387e-06
1.45883e-05
-9.1332e-06
1.28181e-06
-1.0543e-05
-4.72458e-06
-1.13976e-05
-7.08737e-06
-1.20179e-05
-7.69615e-06
-1.25736e-05
-7.09513e-06
-1.31189e-05
-5.77232e-06
-1.3635e-05
-4.03222e-06
-1.40891e-05
-2.1157e-06
-1.44649e-05
-2.01824e-07
-1.48079e-05
1.5815e-06
3.39819e-06
-4.11758e-06
1.87056e-05
-6.41773e-06
3.58186e-06
-7.76631e-06
-3.37612e-06
-8.63341e-06
-6.22039e-06
-9.27155e-06
-7.05812e-06
-9.80737e-06
-6.55942e-06
-1.02941e-05
-5.28567e-06
-1.07268e-05
-3.59959e-06
-1.1086e-05
-1.75668e-06
-1.13616e-05
7.36708e-08
-1.15839e-05
1.80365e-06
3.58095e-06
-2.40041e-06
2.11064e-05
-4.0717e-06
5.25313e-06
-5.27427e-06
-2.17359e-06
-6.10119e-06
-5.39353e-06
-6.74179e-06
-6.4176e-06
-7.27061e-06
-6.03067e-06
-7.71879e-06
-4.83757e-06
-8.08764e-06
-3.23081e-06
-8.36517e-06
-1.47925e-06
-8.54226e-06
2.50655e-07
-8.63499e-06
1.89629e-06
3.59167e-06
-8.63537e-07
2.19697e-05
-1.93899e-06
6.3285e-06
-2.96409e-06
-1.14857e-06
-3.7455e-06
-4.61224e-06
-4.39948e-06
-5.76371e-06
-4.94297e-06
-5.48729e-06
-5.37827e-06
-4.40235e-06
-5.70612e-06
-2.90305e-06
-5.919e-06
-1.26646e-06
-6.00662e-06
3.38149e-07
-5.97314e-06
1.86265e-06
3.43158e-06
5.89471e-07
2.13806e-05
7.95703e-08
6.83851e-06
-7.58603e-07
-3.10505e-07
-1.51744e-06
-3.85339e-06
-2.21485e-06
-5.06643e-06
-2.80421e-06
-4.89796e-06
-3.25751e-06
-3.94916e-06
-3.57047e-06
-2.59015e-06
-3.73903e-06
-1.09804e-06
-3.75172e-06
3.50732e-07
-3.6042e-06
1.71502e-06
3.1137e-06
1.9837e-06
1.93969e-05
2.03298e-06
6.78901e-06
1.39302e-06
3.29415e-07
6.24465e-07
-3.08503e-06
-1.5674e-07
-4.28531e-06
-8.31996e-07
-4.22285e-06
-1.33863e-06
-3.4426e-06
-1.66574e-06
-2.26316e-06
-1.81289e-06
-9.51005e-07
-1.7691e-06
3.06785e-07
-1.52563e-06
1.47143e-06
2.65868e-06
3.30259e-06
1.60931e-05
3.94042e-06
6.15176e-06
3.52e-06
7.49092e-07
2.71287e-06
-2.2774e-06
1.80727e-06
-3.38019e-06
1.00251e-06
-3.41785e-06
4.03707e-07
-2.84411e-06
3.04058e-08
-1.88977e-06
-1.20165e-07
-8.00769e-07
-4.04158e-08
2.27094e-07
2.77121e-07
1.15381e-06
2.0919e-06
4.59196e-06
1.15003e-05
5.78989e-06
4.95341e-06
5.63561e-06
9.02988e-07
4.78357e-06
-1.4254e-06
3.72776e-06
-2.32462e-06
2.7541e-06
-2.44427e-06
2.0192e-06
-2.1094e-06
1.5601e-06
-1.4308e-06
1.37744e-06
-6.18414e-07
1.47171e-06
1.32737e-07
1.83846e-06
7.86942e-07
1.44173e-06
5.61513e-06
5.88367e-06
7.54035e-06
3.0275e-06
7.74357e-06
6.98862e-07
6.9068e-06
-5.88809e-07
5.72323e-06
-1.14153e-06
4.55832e-06
-1.27955e-06
3.62926e-06
-1.18077e-06
3.02292e-06
-8.24864e-07
2.76706e-06
-3.63263e-07
2.85142e-06
4.81044e-08
3.24294e-06
3.9493e-07
7.35833e-07
5.88354e-06
8.91084e-06
9.60967e-06
9.02077e-06
7.87921e-06
6.59958e-06
5.41874e-06
4.59372e-06
4.2304e-06
4.27841e-06
4.67312e-06
)
;

boundaryField
{
    rotor
    {
        type            calculated;
        value           uniform 0;
    }
    stator
    {
        type            calculated;
        value           uniform 0;
    }
    front
    {
        type            empty;
        value           nonuniform 0();
    }
    back
    {
        type            empty;
        value           nonuniform 0();
    }
}


// ************************************************************************* //
