/*--------------------------------*- C++ -*----------------------------------*\
| =========                 |                                                 |
| \\      /  F ield         | OpenFOAM: The Open Source CFD Toolbox           |
|  \\    /   O peration     | Version:  4.0                                   |
|   \\  /    A nd           | Web:      www.OpenFOAM.org                      |
|    \\/     M anipulation  |                                                 |
\*---------------------------------------------------------------------------*/
FoamFile
{
    version     2.0;
    format      ascii;
    class       volVectorField;
    location    "400";
    object      U;
}
// * * * * * * * * * * * * * * * * * * * * * * * * * * * * * * * * * * * * * //

dimensions      [0 1 -1 0 0 0 0];

internalField   nonuniform List<vector> 
3072
(
(0.287818 2.21815 0)
(0.309399 1.93417 0)
(0.391922 1.76511 1.43056e-19)
(0.504445 1.65976 7.10662e-19)
(0.62041 1.58516 -1.19547e-18)
(0.751001 1.54589 7.64083e-19)
(0.896274 1.66933 3.66058e-19)
(1.3007 1.69382 9.4159e-19)
(2.26799 1.45176 -2.76283e-19)
(2.93492 1.7935 9.24526e-19)
(3.12978 2.11518 8.07369e-19)
(3.43649 2.24474 7.32819e-19)
(-0.376877 2.74394 -2.67498e-19)
(-0.215991 2.38018 -6.18633e-19)
(0.0419508 2.34585 5.38306e-19)
(0.320291 2.35484 0)
(0.651663 2.42705 1.12748e-18)
(1.19088 2.39617 -1.40193e-18)
(2.04917 2.54116 0)
(2.68482 2.77686 0)
(2.98289 2.7633 0)
(3.09816 2.83697 8.07791e-19)
(3.13137 2.83983 -2.79581e-18)
(3.24247 2.82631 3.51171e-19)
(-0.345059 2.99775 1.77122e-19)
(-0.0947025 2.70827 0)
(0.33378 2.7442 0)
(0.855449 2.77451 -3.63331e-18)
(1.54289 2.88268 1.32541e-18)
(2.2444 3.01515 -2.05049e-18)
(2.71241 3.03586 1.78531e-18)
(2.983 3.0002 0)
(3.13589 2.87299 0)
(3.20652 2.78288 -1.0232e-18)
(3.2609 2.69711 -1.09293e-18)
(3.33761 2.61215 3.8163e-18)
(-0.293064 3.32117 -1.33148e-18)
(0.112816 3.12732 -2.2374e-18)
(0.698238 3.22922 1.96343e-18)
(1.365 3.30203 -1.771e-18)
(2.01189 3.36054 3.60914e-18)
(2.49981 3.32299 -3.6153e-18)
(2.78564 3.20378 -2.15916e-18)
(2.94845 3.07054 -6.699e-18)
(3.05869 2.91842 -3.0179e-19)
(3.11748 2.8037 3.50205e-18)
(3.169 2.69933 3.90751e-18)
(3.22774 2.59856 -3.11226e-18)
(-0.0752228 3.53212 0)
(0.385555 3.49246 1.23928e-18)
(0.997509 3.60037 -2.77342e-18)
(1.63292 3.63161 3.22746e-18)
(2.16573 3.5762 6.00845e-19)
(2.50947 3.43728 2.15696e-18)
(2.71255 3.2687 2.43227e-18)
(2.84126 3.10139 2.36246e-18)
(2.92898 2.93842 -4.92086e-18)
(2.99101 2.79644 4.17063e-18)
(3.04831 2.66936 -5.64484e-18)
(3.10702 2.55079 7.48014e-18)
(0.137086 3.71949 -4.64174e-18)
(0.627278 3.7766 1.75227e-18)
(1.19392 3.85465 5.05252e-18)
(1.74078 3.81824 0)
(2.15736 3.68606 -7.24814e-18)
(2.42258 3.50246 7.57718e-18)
(2.59245 3.30749 0)
(2.71065 3.11924 -5.67885e-18)
(2.79951 2.94201 4.83331e-18)
(2.86947 2.78335 0)
(2.93302 2.64086 2.77553e-19)
(2.9948 2.51012 4.40122e-18)
(0.345039 3.88487 0)
(0.815582 4.02917 -4.07742e-18)
(1.30629 4.05254 3.7192e-18)
(1.74925 3.9598 0)
(2.0785 3.78057 -4.38131e-18)
(2.30127 3.56732 7.00913e-19)
(2.45778 3.35059 6.17745e-18)
(2.57574 3.14414 5.69526e-18)
(2.67 2.95231 -5.01069e-18)
(2.74867 2.77854 4.969e-18)
(2.81955 2.62158 -4.30143e-18)
(2.88645 2.47848 -1.2066e-17)
(0.541863 4.06957 0)
(0.949543 4.27702 3.40971e-18)
(1.34575 4.23283 -4.95472e-18)
(1.69431 4.09627 4.93529e-18)
(1.96427 3.88247 0)
(2.16499 3.64298 -6.37133e-18)
(2.31841 3.40441 6.27677e-18)
(2.44122 3.1786 1.23416e-19)
(2.54322 2.96966 -1.04595e-17)
(2.63049 2.77962 -4.9057e-18)
(2.70837 2.60768 -2.74611e-19)
(2.78024 2.45159 8.83514e-18)
(0.695958 4.24128 0)
(1.03357 4.51416 -3.88317e-18)
(1.32639 4.39407 -5.43237e-18)
(1.59634 4.2149 -3.8813e-18)
(1.82465 3.97129 7.85132e-18)
(2.01289 3.70811 0)
(2.16826 3.44913 0)
(2.29857 3.20496 0)
(2.40962 2.97958 0)
(2.50576 2.77449 4.94369e-18)
(2.59074 2.589 -4.98023e-18)
(2.6677 2.42108 4.77063e-18)
(0.822942 4.50474 0)
(1.02621 4.71662 2.70748e-18)
(1.22015 4.49192 -6.16955e-19)
(1.44017 4.25377 4.4603e-18)
(1.64389 3.98288 4.44385e-18)
(1.82697 3.70367 -7.13251e-18)
(1.98856 3.4342 0)
(2.12973 3.18188 -2.17755e-19)
(2.2527 2.94951 -1.77106e-17)
(2.36 2.73782 0)
(2.45413 2.54601 1.1039e-17)
(2.53796 2.37217 -5.17235e-18)
(0.972955 4.56683 0)
(0.935429 4.68984 3.1419e-18)
(1.02304 4.37881 9.23507e-18)
(1.2073 4.08472 -7.88963e-18)
(1.4004 3.81196 -1.10586e-17)
(1.58866 3.54595 1.75125e-17)
(1.76348 3.29405 -1.99044e-19)
(1.92103 3.05871 -6.88193e-18)
(2.06041 2.84049 5.62925e-18)
(2.18272 2.63974 -1.19993e-17)
(2.28936 2.45608 -1.6649e-17)
(2.38308 2.28787 1.68531e-17)
(0.39894 4.18548 -1.86155e-18)
(0.564774 4.11275 -1.23164e-17)
(0.692639 3.81206 2.37333e-18)
(0.888058 3.56505 0)
(1.10185 3.37078 0)
(1.31104 3.17867 3.63173e-19)
(1.50533 2.98976 1.86398e-17)
(1.68174 2.80636 1.15151e-17)
(1.83901 2.6298 0)
(1.97798 2.46229 1.08619e-17)
(2.09877 2.30487 0)
(2.2043 2.15701 4.97257e-19)
(3.67861 2.27581 1.65067e-19)
(3.90973 2.21966 -3.65163e-19)
(4.05424 2.11531 -3.30091e-19)
(4.14564 1.9718 -5.77064e-19)
(4.15169 1.81378 -2.88938e-19)
(4.10842 1.62532 0)
(3.97522 1.43562 0)
(3.77441 1.23522 8.03421e-19)
(3.48764 1.03101 -9.43399e-19)
(3.10803 0.789999 0)
(2.68283 0.379589 0)
(2.54025 -0.217229 -6.63085e-19)
(3.33282 2.80682 1.66709e-18)
(3.4347 2.74987 0)
(3.53216 2.65869 -8.9513e-19)
(3.62745 2.53058 5.06228e-19)
(3.70584 2.36916 2.95664e-19)
(3.745 2.20609 2.66516e-18)
(3.73862 2.04704 -4.34013e-18)
(3.68087 1.90098 6.77656e-19)
(3.56904 1.78802 0)
(3.32635 1.68255 0)
(3.05072 1.54268 0)
(3.19069 1.02914 7.28199e-19)
(3.40782 2.52607 1.55897e-18)
(3.48469 2.43513 -4.2686e-18)
(3.55705 2.33821 1.18838e-18)
(3.61884 2.23769 2.87223e-18)
(3.66077 2.13836 -2.91326e-18)
(3.67749 2.04367 0)
(3.66337 1.96467 0)
(3.6195 1.91155 -2.35597e-19)
(3.55339 1.88729 1.09757e-18)
(3.41694 1.87769 0)
(3.19927 1.86652 0)
(3.41145 1.74584 -4.6938e-19)
(3.28392 2.50195 3.44832e-19)
(3.34218 2.4063 4.24319e-18)
(3.39882 2.31044 2.9912e-18)
(3.45001 2.21588 -2.97636e-18)
(3.49087 2.1274 0)
(3.51732 2.05091 1.73144e-18)
(3.52578 1.99407 0)
(3.51914 1.96674 2.52006e-18)
(3.49439 1.9695 -7.70248e-19)
(3.42674 2.02546 0)
(3.24906 2.10826 -5.51291e-19)
(3.54702 2.15751 6.60541e-19)
(3.16499 2.43994 -3.04739e-18)
(3.2237 2.33486 0)
(3.28079 2.23511 0)
(3.33363 2.14252 0)
(3.37972 2.061 0)
(3.41768 1.99547 -3.13184e-18)
(3.44607 1.95447 -1.40598e-19)
(3.46433 1.94501 -1.40212e-18)
(3.47925 1.97588 0)
(3.47549 2.06301 -1.22326e-18)
(3.3604 2.20507 4.91811e-19)
(3.77277 2.4022 -1.69121e-19)
(3.05526 2.38963 -2.42544e-19)
(3.11534 2.27791 -7.22792e-18)
(3.17419 2.17464 3.40322e-18)
(3.23071 2.08125 3.11726e-21)
(3.28411 2.0009 2.2302e-19)
(3.33421 1.93807 4.85191e-18)
(3.38194 1.89897 -1.5472e-19)
(3.42941 1.89085 -5.40432e-18)
(3.47878 1.92448 -2.16815e-18)
(3.53251 2.01684 1.08713e-18)
(3.47847 2.20432 -1.34027e-18)
(3.93772 2.5232 -5.42176e-19)
(2.95081 2.34749 1.15256e-17)
(3.01379 2.22726 3.7706e-18)
(3.07568 2.11743 0)
(3.13669 2.019 0)
(3.19745 1.93437 2.1072e-19)
(3.25931 1.86724 -3.52155e-18)
(3.32469 1.82277 5.50561e-18)
(3.39724 1.80778 -1.29491e-19)
(3.48054 1.83319 1.85358e-18)
(3.58105 1.91849 0)
(3.60222 2.10513 -2.40908e-19)
(4.0972 2.50919 -7.9755e-20)
(2.84803 2.30944 -4.2374e-18)
(2.91342 2.17961 -3.90024e-18)
(2.97763 2.06148 4.18367e-18)
(3.04197 1.95543 -3.91215e-18)
(3.10818 1.86304 5.50285e-22)
(3.17888 1.78692 7.7343e-18)
(3.25808 1.73087 -3.54123e-18)
(3.35151 1.70071 1.99417e-18)
(3.46503 1.70661 0)
(3.61087 1.76938 1.19829e-18)
(3.70919 1.94152 6.10895e-19)
(4.20308 2.39072 -9.20755e-19)
(2.73876 2.26866 4.62683e-18)
(2.80614 2.12965 -4.48094e-18)
(2.87176 2.003 -4.18354e-18)
(2.93773 1.88833 -8.70606e-18)
(3.0067 1.78634 8.36333e-18)
(3.08226 1.69853 -8.00549e-18)
(3.1699 1.62681 0)
(3.27772 1.57527 -1.8935e-18)
(3.41479 1.55174 0)
(3.60043 1.5764 0)
(3.77885 1.71239 0)
(4.26116 2.13131 4.38902e-19)
(2.61349 2.21423 5.01463e-18)
(2.68344 2.06951 -1.0075e-17)
(2.75016 1.93678 9.81771e-18)
(2.81626 1.81497 9.41029e-18)
(2.88491 1.70391 4.53656e-18)
(2.96064 1.60395 0)
(3.05017 1.51486 0)
(3.16345 1.43814 4.37876e-18)
(3.31341 1.37748 0)
(3.52956 1.34968 -1.22283e-18)
(3.77023 1.41086 7.96401e-19)
(4.2479 1.72023 -1.27448e-18)
(2.46522 2.13371 -1.10579e-17)
(2.53903 1.99034 1.02025e-17)
(2.60701 1.857 -9.96468e-18)
(2.67197 1.73209 -2.50128e-17)
(2.73727 1.61499 -2.47587e-19)
(2.80784 1.50512 1.34915e-19)
(2.89183 1.39994 -4.77352e-18)
(2.99944 1.2977 -4.35299e-18)
(3.14759 1.19581 0)
(3.37416 1.10557 3.67066e-18)
(3.64813 1.03835 8.98492e-19)
(4.1177 1.02278 -1.79013e-18)
(2.29417 2.01871 -4.93479e-19)
(2.37218 1.88578 0)
(2.4406 1.75924 0)
(2.50209 1.63713 4.7828e-18)
(2.56054 1.5189 1.45838e-17)
(2.62059 1.4036 -4.7596e-18)
(2.69154 1.28707 -2.19518e-19)
(2.7816 1.16439 -2.44147e-18)
(2.9098 1.02534 -2.26595e-18)
(3.10396 0.871258 -2.27782e-18)
(3.38751 0.646641 0)
(3.71813 -0.0356134 2.34095e-18)
(2.21861 -0.287211 -3.93573e-24)
(1.93437 -0.309109 0)
(1.76518 -0.391724 -1.43032e-19)
(1.65976 -0.50431 0)
(1.58519 -0.620317 -6.04036e-19)
(1.54586 -0.750947 7.64235e-19)
(1.66921 -0.89615 0)
(1.69395 -1.30034 6.68769e-19)
(1.45159 -2.26747 -2.43402e-19)
(1.79305 -2.93497 -1.12998e-19)
(2.11503 -3.12982 -8.11041e-19)
(2.24449 -3.43651 -7.32961e-19)
(2.74415 0.377141 -3.38912e-19)
(2.38011 0.21614 -1.90774e-19)
(2.34583 -0.0418458 6.25581e-19)
(2.35478 -0.320237 0)
(2.42695 -0.651564 -1.1264e-18)
(2.39615 -1.19057 6.14256e-19)
(2.54091 -2.04885 0)
(2.7768 -2.68481 9.10681e-19)
(2.76324 -2.98301 -2.57865e-18)
(2.8369 -3.09834 2.02017e-18)
(2.83981 -3.13149 1.5055e-18)
(2.82627 -3.24257 -3.77194e-18)
(2.99786 0.345385 -1.77008e-19)
(2.7083 0.0949403 0)
(2.74425 -0.333618 -1.72026e-18)
(2.77451 -0.855263 0)
(2.88258 -1.54263 0)
(3.01512 -2.24426 -8.20837e-19)
(3.03584 -2.71243 4.06423e-18)
(3.00025 -2.98311 -2.86951e-18)
(2.87302 -3.13602 9.95442e-19)
(2.78288 -3.20669 0)
(2.69711 -3.26103 2.67365e-18)
(2.61214 -3.33773 -1.62123e-18)
(3.32122 0.293283 8.61319e-19)
(3.12738 -0.112554 1.30589e-18)
(3.22928 -0.697995 1.4387e-18)
(3.30205 -1.36479 2.68091e-18)
(3.36057 -2.01177 -1.66479e-18)
(3.32308 -2.49985 -1.22474e-18)
(3.20386 -2.78575 0)
(3.07063 -2.94858 0)
(2.91847 -3.05883 2.20054e-18)
(2.80373 -3.11763 0)
(2.69935 -3.16912 4.83425e-19)
(2.59858 -3.22784 1.35564e-18)
(3.53221 0.0753937 1.34817e-18)
(3.49252 -0.38531 -9.94205e-19)
(3.60045 -0.997305 -2.77413e-18)
(3.63172 -1.63281 0)
(3.57634 -2.16573 0)
(3.43743 -2.50955 3.02172e-18)
(3.26881 -2.71266 0)
(3.10149 -2.84138 -5.65194e-18)
(2.9385 -2.92909 -2.35626e-18)
(2.79649 -2.99112 4.1714e-18)
(2.6694 -3.0484 -5.64585e-18)
(2.55082 -3.1071 3.55063e-18)
(3.71957 -0.136954 -2.61059e-18)
(3.77667 -0.627105 -1.50387e-18)
(3.85475 -1.1938 2.16348e-18)
(3.81839 -1.74074 3.81779e-19)
(3.68622 -2.15739 3.6537e-18)
(3.5026 -2.42264 -7.26258e-18)
(3.30762 -2.59253 6.59349e-18)
(3.11934 -2.71074 6.59242e-19)
(2.94209 -2.7996 0)
(2.78341 -2.86955 0)
(2.6409 -2.93309 8.56312e-18)
(2.51015 -2.99485 5.64717e-20)
(3.88492 -0.344986 -3.36301e-20)
(4.02924 -0.815494 -2.25414e-18)
(4.05265 -1.30623 0)
(3.95995 -1.74924 -4.41265e-18)
(3.78071 -2.07853 4.66355e-18)
(3.56745 -2.30132 1.11653e-17)
(3.3507 -2.45784 6.82218e-18)
(3.14423 -2.5758 8.62302e-19)
(2.95238 -2.67006 -1.05608e-17)
(2.77859 -2.74872 4.62242e-18)
(2.62162 -2.81959 4.94224e-18)
(2.47851 -2.88648 2.65242e-19)
(4.06961 -0.541841 2.18845e-19)
(4.27709 -0.949511 3.41009e-18)
(4.23293 -1.34572 0)
(4.09638 -1.69431 -4.93585e-18)
(3.88259 -1.96429 -3.5894e-18)
(3.64308 -2.16502 6.36552e-19)
(3.4045 -2.31845 -1.1864e-17)
(3.17867 -2.44125 4.21983e-19)
(2.96971 -2.54325 -2.71336e-19)
(2.77966 -2.63052 5.1566e-18)
(2.60772 -2.70839 -4.16317e-18)
(2.45162 -2.78025 2.20653e-19)
(4.24131 -0.695992 -3.48686e-18)
(4.51421 -1.03357 1.55522e-18)
(4.39413 -1.32639 -7.90744e-18)
(4.21497 -1.59634 3.88142e-18)
(3.97136 -1.82466 0)
(3.70818 -2.01291 0)
(3.44918 -2.16827 6.51429e-18)
(3.205 -2.29858 1.18884e-17)
(2.97962 -2.40963 -5.42969e-18)
(2.77452 -2.50576 -4.94404e-18)
(2.58901 -2.59074 -4.7402e-18)
(2.4211 -2.66768 0)
(4.50475 -0.822986 7.31224e-20)
(4.71662 -1.02621 4.11695e-18)
(4.49193 -1.22014 9.33797e-18)
(4.25378 -1.44017 0)
(3.9829 -1.64388 7.75758e-18)
(3.70368 -1.82696 0)
(3.43422 -1.98855 3.37889e-19)
(3.18188 -2.12972 -5.73149e-18)
(2.94951 -2.25269 6.20561e-18)
(2.73782 -2.35998 0)
(2.54601 -2.4541 0)
(2.37217 -2.53792 -1.06751e-17)
(4.5668 -0.973006 -6.59915e-18)
(4.68981 -0.935435 3.14185e-18)
(4.37877 -1.02303 5.26009e-19)
(4.08468 -1.20728 -8.7018e-18)
(3.81192 -1.40037 -3.42005e-18)
(3.54592 -1.58864 -3.50123e-18)
(3.29401 -1.76344 -6.8208e-18)
(3.05868 -1.92099 -1.92533e-17)
(2.84045 -2.06036 -5.62906e-18)
(2.63971 -2.18267 -1.19989e-17)
(2.45605 -2.2893 1.16417e-17)
(2.28784 -2.38302 1.06975e-17)
(4.18544 -0.398952 3.5631e-18)
(4.11268 -0.564759 -1.41193e-18)
(3.81198 -0.692623 3.55877e-19)
(3.56497 -0.888034 7.39834e-18)
(3.3707 -1.10182 0)
(3.17859 -1.31101 -6.69931e-18)
(2.98969 -1.50529 6.00179e-18)
(2.8063 -1.68169 5.34569e-18)
(2.62974 -1.83896 -1.74127e-17)
(2.46223 -1.97791 1.08613e-17)
(2.30483 -2.0987 -1.06377e-17)
(2.15697 -2.20422 0)
(2.27578 -3.67861 -4.25867e-19)
(2.21955 -3.90974 1.03375e-18)
(2.11531 -4.05429 -9.57268e-19)
(1.97175 -4.14568 -2.59525e-19)
(1.8138 -4.15174 -1.10216e-19)
(1.62531 -4.10846 7.97274e-20)
(1.43565 -3.97527 -1.27081e-19)
(1.23523 -3.77445 -3.20066e-19)
(1.03103 -3.48768 -9.43414e-19)
(0.790021 -3.10805 0)
(0.379626 -2.68286 0)
(-0.217179 -2.54028 -6.63075e-19)
(2.80678 -3.33292 -6.05939e-20)
(2.74985 -3.43478 2.16252e-18)
(2.6587 -3.53222 -8.9511e-19)
(2.5306 -3.62751 0)
(2.36918 -3.70589 1.73589e-18)
(2.20612 -3.74505 0)
(2.04706 -3.73866 1.29967e-18)
(1.90101 -3.68091 2.24041e-18)
(1.78805 -3.56907 -1.9062e-18)
(1.68259 -3.32637 0)
(1.54273 -3.05074 0)
(1.0292 -3.19071 -2.96666e-20)
(2.52607 -3.40792 1.12145e-18)
(2.43512 -3.48478 -1.05747e-18)
(2.33821 -3.55712 1.18853e-18)
(2.2377 -3.6189 0)
(2.13838 -3.66082 -1.2809e-18)
(2.0437 -3.67752 3.22899e-18)
(1.9647 -3.6634 -4.6677e-18)
(1.91159 -3.61952 -5.20226e-18)
(1.88734 -3.55341 3.08521e-18)
(1.87774 -3.41695 0)
(1.86658 -3.19928 6.12025e-19)
(1.74591 -3.41146 1.52289e-19)
(2.50196 -3.28401 1.30239e-18)
(2.40631 -3.34225 -2.95587e-18)
(2.31045 -3.39887 2.99159e-18)
(2.21591 -3.45005 -2.97673e-18)
(2.12742 -3.4909 0)
(2.05094 -3.51734 1.73158e-18)
(1.9941 -3.52579 1.17878e-18)
(1.96678 -3.51915 6.94184e-19)
(1.96955 -3.49439 -1.56374e-18)
(2.02552 -3.42675 0)
(2.10832 -3.24907 -3.55041e-19)
(2.15759 -3.54703 5.92223e-19)
(2.43996 -3.16505 3.41391e-18)
(2.33488 -3.22375 -1.76718e-18)
(2.23513 -3.28082 0)
(2.14255 -3.33365 0)
(2.06102 -3.37973 1.70275e-18)
(1.9955 -3.41768 -1.43182e-18)
(1.9545 -3.44608 -2.55459e-19)
(1.94505 -3.46433 0)
(1.97593 -3.47925 -8.32371e-19)
(2.06306 -3.47549 1.22321e-18)
(2.20514 -3.3604 -1.07683e-18)
(2.40229 -3.77278 -2.72513e-19)
(2.38966 -3.0553 -7.2846e-18)
(2.27793 -3.11537 3.48579e-18)
(2.17466 -3.1742 7.03502e-18)
(2.08128 -3.23072 3.1183e-21)
(2.00093 -3.28411 -8.37857e-18)
(1.9381 -3.3342 -3.55403e-18)
(1.89901 -3.38193 -2.44331e-19)
(1.89089 -3.4294 0)
(1.92452 -3.47878 0)
(2.0169 -3.53251 -1.08713e-18)
(2.20439 -3.47847 -7.80043e-19)
(2.52329 -3.93772 2.37847e-19)
(2.34752 -2.95083 3.93845e-18)
(2.22728 -3.0138 -7.76868e-18)
(2.11746 -3.07568 -3.45024e-18)
(2.01902 -3.13668 -1.99812e-19)
(1.9344 -3.19744 3.32033e-18)
(1.86727 -3.25929 3.28432e-18)
(1.8228 -3.32467 1.85619e-18)
(1.80781 -3.39722 1.81023e-18)
(1.83323 -3.48052 -2.01057e-18)
(1.91855 -3.58103 0)
(2.1052 -3.60222 1.25402e-18)
(2.50928 -4.0972 -3.61154e-19)
(2.30946 -2.84803 0)
(2.17963 -2.91341 3.9007e-18)
(2.0615 -2.97762 0)
(1.95545 -3.04194 -1.99583e-19)
(1.86306 -3.10815 5.5041e-22)
(1.78695 -3.17885 7.73496e-18)
(1.7309 -3.25805 -7.47222e-18)
(1.70074 -3.35148 0)
(1.70665 -3.465 -2.13378e-18)
(1.76942 -3.61085 1.19831e-18)
(1.94158 -3.70918 -2.33584e-18)
(2.3908 -4.20307 1.17568e-18)
(2.26868 -2.73873 4.62725e-18)
(2.12966 -2.80611 -4.48136e-18)
(2.00301 -2.87172 -4.5362e-18)
(1.88834 -2.93769 4.43284e-18)
(1.78636 -3.00665 4.18536e-18)
(1.69855 -3.08221 -1.2263e-17)
(1.62684 -3.16985 3.83039e-18)
(1.5753 -3.27768 0)
(1.55177 -3.41474 1.95103e-18)
(1.57643 -3.60039 0)
(1.71245 -3.77883 2.85115e-18)
(2.13139 -4.26115 -2.08607e-18)
(2.21422 -2.61344 0)
(2.06951 -2.68339 -1.00756e-17)
(1.93678 -2.75011 -5.23008e-18)
(1.81498 -2.8162 -9.1293e-18)
(1.70392 -2.88484 4.53681e-18)
(1.60396 -2.96057 4.27954e-18)
(1.51487 -3.05011 0)
(1.43815 -3.16339 0)
(1.3775 -3.31336 0)
(1.34971 -3.52952 0)
(1.4109 -3.7702 -7.98506e-19)
(1.72028 -4.24788 -1.03984e-19)
(2.13369 -2.46516 5.38846e-18)
(1.99032 -2.53896 4.94264e-18)
(1.85699 -2.60693 2.05076e-17)
(1.73209 -2.6719 5.2636e-18)
(1.61499 -2.73719 1.97723e-17)
(1.50512 -2.80776 -4.76166e-18)
(1.39995 -2.89175 -4.77358e-18)
(1.29771 -2.99937 0)
(1.19582 -3.14752 -4.53566e-18)
(1.10559 -3.3741 -2.44117e-18)
(1.03837 -3.64808 -1.84149e-18)
(1.02281 -4.11766 -1.11217e-25)
(2.01867 -2.29409 0)
(1.88576 -2.3721 0)
(1.75922 -2.44051 -2.04462e-17)
(1.63712 -2.50201 -1.48798e-17)
(1.51889 -2.56046 -4.70396e-18)
(1.4036 -2.6205 0)
(1.28708 -2.69146 4.73176e-18)
(1.1644 -2.78151 0)
(1.02535 -2.90972 -1.98023e-19)
(0.871261 -3.10389 2.27773e-18)
(0.646646 -3.38745 6.64316e-19)
(-0.0356182 -3.71809 4.6349e-18)
(-0.287268 -2.21862 1.16431e-19)
(-0.309177 -1.9344 1.86466e-19)
(-0.391819 -1.76523 -1.69112e-19)
(-0.504415 -1.65991 5.43739e-21)
(-0.620481 -1.58525 0)
(-0.751075 -1.54612 4.95797e-20)
(-0.896652 -1.66979 0)
(-1.3017 -1.69351 5.00304e-19)
(-2.26927 -1.4522 1.16831e-18)
(-2.93492 -1.79452 1.27698e-20)
(-3.12976 -2.11558 6.09226e-19)
(-3.43647 -2.24525 8.19572e-19)
(0.37704 -2.74418 4.47937e-19)
(0.215982 -2.38022 -6.18767e-19)
(-0.0420105 -2.34609 5.82389e-19)
(-0.320437 -2.35521 -9.006e-21)
(-0.652086 -2.42744 -1.12801e-18)
(-1.19196 -2.39633 -2.08937e-19)
(-2.05014 -2.54197 -1.046e-18)
(-2.68497 -2.77723 -1.51245e-18)
(-2.98268 -2.76366 2.40534e-18)
(-3.09777 -2.8373 -6.06796e-19)
(-3.13111 -2.84003 7.5636e-19)
(-3.24229 -2.82647 4.57044e-19)
(0.345145 -2.99793 -3.54254e-19)
(0.0945391 -2.70849 0)
(-0.334123 -2.74456 0)
(-0.856178 -2.77495 -1.54086e-18)
(-1.54393 -2.88337 0)
(-2.24493 -3.0157 -1.22919e-18)
(-2.7124 -3.03628 6.85017e-19)
(-2.98272 -3.00038 2.50017e-18)
(-3.13555 -2.87317 -1.24453e-18)
(-3.20613 -2.78308 -1.82144e-18)
(-3.26059 -2.69728 -3.76719e-18)
(-3.33734 -2.61229 3.81676e-18)
(0.292769 -3.3212 -1.72397e-18)
(-0.113354 -3.1276 -1.30745e-18)
(-0.698979 -3.22961 2.53668e-18)
(-1.36578 -3.30255 9.09147e-19)
(-2.0123 -3.36098 0)
(-2.49968 -3.3232 -4.45274e-18)
(-2.78528 -3.20396 3.31254e-18)
(-2.94804 -3.07065 0)
(-3.05827 -2.91856 3.27944e-18)
(-3.11708 -2.80385 -5.02583e-18)
(-3.16868 -2.69946 3.42336e-18)
(-3.22746 -2.59867 4.67989e-19)
(0.0747947 -3.53206 2.04951e-18)
(-0.386208 -3.49264 3.03546e-18)
(-0.998149 -3.60058 9.11757e-19)
(-1.6333 -3.63178 0)
(-2.16567 -3.57625 -2.73213e-18)
(-2.5091 -3.4373 4.62981e-18)
(-2.71211 -3.26876 0)
(-2.84082 -3.10146 -3.08184e-18)
(-2.92858 -2.93852 -2.81679e-18)
(-2.99067 -2.79655 4.16926e-18)
(-3.04802 -2.66947 0)
(-3.10679 -2.55089 -3.21475e-18)
(-0.137668 -3.71927 2.03036e-18)
(-0.627898 -3.77663 7.09683e-19)
(-1.19438 -3.85461 -2.16217e-18)
(-1.74093 -3.81813 -8.90997e-18)
(-2.15717 -3.68593 -3.05445e-19)
(-2.42222 -3.50239 7.57633e-18)
(-2.59206 -3.3075 0)
(-2.71028 -3.11929 8.57649e-18)
(-2.79918 -2.9421 -5.00577e-18)
(-2.86918 -2.78346 4.38982e-18)
(-2.93279 -2.64097 2.77446e-19)
(-2.9946 -2.51022 -5.64288e-20)
(-0.345577 -3.88461 -1.85088e-18)
(-0.816074 -4.02908 -1.45239e-18)
(-1.3066 -4.05232 0)
(-1.7493 -3.95957 9.53364e-18)
(-2.07832 -3.78038 -1.31563e-17)
(-2.30098 -3.56722 -2.1713e-19)
(-2.45747 -3.35057 -1.29928e-17)
(-2.57544 -3.14418 5.30533e-19)
(-2.66974 -2.95239 -5.00896e-18)
(-2.74844 -2.77864 -4.9674e-18)
(-2.81935 -2.62169 4.94006e-18)
(-2.88629 -2.47858 -4.08873e-18)
(-0.542301 -4.06932 -1.66987e-19)
(-0.949917 -4.27685 -1.83994e-18)
(-1.34596 -4.23254 0)
(-1.69435 -4.09597 4.93328e-18)
(-1.96415 -3.88225 3.37171e-18)
(-2.16478 -3.64285 2.99581e-18)
(-2.31817 -3.40437 -5.11405e-19)
(-2.44098 -3.17862 -1.23343e-19)
(-2.54301 -2.96972 -5.60817e-18)
(-2.6303 -2.77971 -5.98119e-19)
(-2.70821 -2.60779 2.33608e-19)
(-2.7801 -2.45169 0)
(-0.696279 -4.24104 2.16974e-18)
(-1.03382 -4.51394 0)
(-1.32655 -4.39376 0)
(-1.59637 -4.21458 -3.88069e-18)
(-1.82457 -3.97103 3.43856e-18)
(-2.01274 -3.70794 -7.08405e-18)
(-2.16807 -3.44904 0)
(-2.29837 -3.20494 5.81878e-18)
(-2.40943 -2.97961 -2.4528e-19)
(-2.50559 -2.77455 4.94246e-18)
(-2.59059 -2.58907 -5.17239e-18)
(-2.66756 -2.42117 9.93948e-18)
(-0.823054 -4.5045 4.44316e-18)
(-1.02638 -4.71644 -1.40961e-18)
(-1.22026 -4.49164 -4.97761e-18)
(-1.4402 -4.25346 -8.56649e-18)
(-1.64383 -3.98261 0)
(-1.82685 -3.70346 6.45586e-18)
(-1.98841 -3.43406 -1.30709e-17)
(-2.12956 -3.1818 5.8024e-18)
(-2.25253 -2.94948 6.20409e-18)
(-2.35983 -2.73783 0)
(-2.45397 -2.54604 -5.90343e-18)
(-2.53782 -2.37222 -9.94709e-18)
(-0.973004 -4.56673 -6.54536e-18)
(-0.935537 -4.6897 1.42915e-18)
(-1.02311 -4.37858 4.35446e-18)
(-1.20731 -4.08445 3.68992e-18)
(-1.40036 -3.8117 -4.9953e-20)
(-1.58856 -3.54572 -1.08307e-17)
(-1.76334 -3.29386 1.29465e-17)
(-1.92087 -3.05858 2.53126e-17)
(-2.06023 -2.8404 -1.77063e-17)
(-2.18255 -2.63969 -1.19967e-17)
(-2.28919 -2.45606 1.09758e-17)
(-2.38292 -2.28787 0)
(-0.398896 -4.18539 5.50359e-18)
(-0.564782 -4.11265 1.86675e-18)
(-0.692659 -3.81189 2.01727e-18)
(-0.888056 -3.56483 7.95562e-18)
(-1.1018 -3.37054 0)
(-1.31095 -3.17844 6.33582e-18)
(-1.50521 -2.98956 -1.26361e-17)
(-1.68158 -2.8062 -5.59469e-18)
(-1.83885 -2.62967 -5.73029e-18)
(-1.97781 -2.4622 1.08604e-17)
(-2.09861 -2.30482 5.68282e-18)
(-2.20414 -2.15698 1.6316e-17)
(-3.67859 -2.2759 1.24389e-19)
(-3.90968 -2.21987 5.92265e-19)
(-4.05414 -2.11534 2.81745e-19)
(-4.14555 -1.97188 -6.56107e-19)
(-4.15157 -1.81376 1.78401e-19)
(-4.10831 -1.62533 0)
(-3.9751 -1.43557 -5.122e-19)
(-3.77432 -1.23519 3.88024e-19)
(-3.48755 -1.03096 0)
(-3.10798 -0.789963 1.15535e-19)
(-2.68281 -0.379558 0)
(-2.54023 0.21724 0)
(-3.33262 -2.80695 -4.25911e-18)
(-3.43455 -2.74994 3.03115e-18)
(-3.53203 -2.65871 2.29838e-18)
(-3.62734 -2.53056 -9.64718e-19)
(-3.70572 -2.36913 0)
(-3.74489 -2.20605 0)
(-3.73852 -2.04699 1.48524e-18)
(-3.68078 -1.90093 -1.60273e-18)
(-3.56896 -1.78795 0)
(-3.3263 -1.68248 6.08585e-19)
(-3.0507 -1.54262 -3.91611e-20)
(-3.19067 -1.02912 -1.10254e-18)
(-3.40759 -2.52619 1.61376e-18)
(-3.4845 -2.43522 -2.77712e-18)
(-3.55689 -2.33827 0)
(-3.6187 -2.23772 -2.90218e-18)
(-3.66064 -2.13837 -2.98539e-18)
(-3.67738 -2.04365 6.38544e-18)
(-3.66328 -1.96463 -5.69881e-18)
(-3.61943 -1.9115 0)
(-3.55334 -1.88723 0)
(-3.4169 -1.87761 0)
(-3.19925 -1.86644 -5.35205e-19)
(-3.41141 -1.74575 1.64829e-19)
(-3.2837 -2.50204 -1.30194e-18)
(-3.34199 -2.40637 -3.90482e-19)
(-3.39867 -2.31048 0)
(-3.44989 -2.2159 -3.68671e-19)
(-3.49077 -2.12739 0)
(-3.51724 -2.05088 0)
(-3.52571 -1.99402 1.33902e-18)
(-3.51909 -1.96668 -1.60414e-18)
(-3.49434 -1.96943 1.72268e-18)
(-3.4267 -2.02537 0)
(-3.24905 -2.10816 -5.51352e-19)
(-3.54699 -2.15742 -6.6066e-19)
(-3.1648 -2.44003 7.11081e-18)
(-3.22355 -2.33492 -1.76651e-18)
(-3.28067 -2.23516 3.17525e-18)
(-3.33353 -2.14255 1.4294e-18)
(-3.37964 -2.061 -4.84076e-18)
(-3.41761 -1.99545 0)
(-3.44602 -1.95442 -1.64419e-18)
(-3.46429 -1.94495 0)
(-3.47921 -1.9758 0)
(-3.47547 -2.06291 1.22328e-18)
(-3.3604 -2.20496 3.14342e-20)
(-3.77273 -2.40209 7.41755e-19)
(-3.0551 -2.38973 -3.39614e-18)
(-3.11521 -2.27798 -2.57281e-19)
(-3.17408 -2.17469 0)
(-3.23063 -2.08128 0)
(-3.28404 -2.00091 -5.3028e-18)
(-3.33415 -1.93805 3.33263e-18)
(-3.38189 -1.89893 3.39842e-18)
(-3.42937 -1.89078 1.7722e-18)
(-3.47876 -1.92439 -4.20508e-18)
(-3.53249 -2.01674 -1.08713e-18)
(-3.47847 -2.20421 0)
(-3.93769 -2.52309 8.46622e-19)
(-2.95068 -2.34759 -8.08654e-18)
(-3.01369 -2.22734 3.32478e-18)
(-3.07559 -2.11749 3.67736e-18)
(-3.13662 -2.01904 2.01428e-19)
(-3.19739 -1.93439 -4.13445e-19)
(-3.25926 -1.86723 -3.71624e-18)
(-3.32465 -1.82273 -5.40273e-18)
(-3.39721 -1.80771 -1.94126e-18)
(-3.48051 -1.8331 1.85333e-18)
(-3.58103 -1.91839 0)
(-3.60222 -2.10502 2.12035e-18)
(-4.09717 -2.50906 -5.41027e-19)
(-2.84791 -2.30953 8.28144e-18)
(-2.91332 -2.17969 -4.50346e-18)
(-2.97755 -2.06155 -4.18274e-18)
(-3.04191 -1.95547 -7.6231e-18)
(-3.10813 -1.86306 7.47518e-18)
(-3.17884 -1.78692 -1.93723e-19)
(-3.25805 -1.73084 1.12173e-17)
(-3.35148 -1.70065 1.78448e-18)
(-3.46501 -1.70653 2.13336e-18)
(-3.61085 -1.76927 0)
(-3.70919 -1.94141 -1.45293e-18)
(-4.20306 -2.39059 -6.94962e-19)
(-2.73864 -2.26875 0)
(-2.80604 -2.12973 4.29205e-18)
(-2.87168 -2.00306 4.18261e-18)
(-2.93767 -1.88838 -4.27266e-18)
(-3.00664 -1.78637 -1.63497e-19)
(-3.08222 -1.69853 -4.2557e-18)
(-3.16987 -1.62679 -3.82934e-18)
(-3.2777 -1.57522 0)
(-3.41477 -1.55166 -1.95064e-18)
(-3.60041 -1.57629 -1.2109e-18)
(-3.77885 -1.71228 4.66494e-18)
(-4.26114 -2.13118 -9.99084e-19)
(-2.61336 -2.21428 0)
(-2.68333 -2.06956 0)
(-2.75008 -1.93683 0)
(-2.81619 -1.81501 -1.42298e-17)
(-2.88485 -1.70393 9.04654e-18)
(-2.96059 -1.60395 8.71395e-18)
(-3.05014 -1.51484 0)
(-3.16343 -1.43808 -4.37773e-18)
(-3.3134 -1.3774 0)
(-3.52955 -1.34958 -2.49763e-18)
(-3.77023 -1.41075 -7.98448e-19)
(-4.24789 -1.72009 -1.27459e-18)
(-2.46509 -2.13373 0)
(-2.53892 -1.99037 0)
(-2.60691 -1.85703 1.05401e-17)
(-2.6719 -1.73212 1.47298e-17)
(-2.73721 -1.61501 4.06775e-19)
(-2.8078 -1.50512 4.89529e-18)
(-2.8918 -1.39992 -2.3389e-18)
(-2.99942 -1.29765 6.59025e-18)
(-3.14758 -1.19573 4.5346e-18)
(-3.37416 -1.10547 2.27852e-18)
(-3.64812 -1.03823 -1.84133e-18)
(-4.11769 -1.02265 -1.9612e-18)
(-2.29403 -2.0187 0)
(-2.37206 -1.88579 0)
(-2.4405 -1.75925 -9.98285e-18)
(-2.50202 -1.63714 5.25156e-18)
(-2.56049 -1.5189 -4.70342e-18)
(-2.62055 -1.4036 -4.75894e-18)
(-2.69152 -1.28705 4.95066e-18)
(-2.78159 -1.16434 0)
(-2.90981 -1.02527 -4.45299e-18)
(-3.10397 -0.871161 -2.3692e-18)
(-3.38752 -0.646524 2.28003e-18)
(-3.71814 0.0357284 -4.65464e-18)
(-2.21861 0.2872 1.16371e-19)
(-1.93437 0.3091 0)
(-1.76517 0.39172 0)
(-1.65977 0.504312 5.75051e-19)
(-1.58519 0.620327 -6.14993e-19)
(-1.5459 0.750947 0)
(-1.66932 0.896231 0)
(-1.69386 1.30063 4.9982e-19)
(-1.45171 2.26793 1.28154e-18)
(-1.79344 2.93506 1.08812e-18)
(-2.11521 3.12988 -2.01545e-19)
(-2.24474 3.4366 7.39033e-19)
(-2.74416 -0.377146 -6.21152e-19)
(-2.38012 -0.216131 0)
(-2.34585 0.0418666 0)
(-2.35482 0.320279 -9.70047e-19)
(-2.427 0.651665 2.29246e-18)
(-2.39618 1.19084 -2.48589e-18)
(-2.54112 2.04914 8.86775e-19)
(-2.77689 2.68493 8.10846e-19)
(-2.76334 2.98305 -3.28238e-19)
(-2.83701 3.09832 8.0783e-19)
(-2.8399 3.1315 0)
(-2.82638 3.24259 -1.71407e-18)
(-2.99787 -0.345382 3.53984e-19)
(-2.70831 -0.0949098 0)
(-2.74427 0.333683 0)
(-2.77455 0.855396 -9.07735e-19)
(-2.88267 1.54283 6.74459e-19)
(-3.01517 2.24443 -1.55403e-18)
(-3.0359 2.71255 0)
(-3.00027 2.98317 -3.29284e-18)
(-2.87306 3.13605 3.94754e-18)
(-2.78295 3.20668 -1.02307e-18)
(-2.69718 3.26103 -2.6514e-18)
(-2.61222 3.33773 3.81598e-18)
(-3.32122 -0.293267 -8.61305e-19)
(-3.12738 0.112606 1.30592e-18)
(-3.22929 0.698089 0)
(-3.30207 1.36492 9.09584e-19)
(-3.36059 2.01192 -6.44149e-19)
(-3.32308 2.49996 1.2247e-18)
(-3.20387 2.78582 0)
(-3.07064 2.94861 -2.4166e-18)
(-2.9185 3.05884 -5.47911e-18)
(-2.80379 3.11762 3.50218e-18)
(-2.69941 3.16912 3.42435e-18)
(-2.59864 3.22784 -6.69303e-18)
(-3.53221 -0.0753776 1.02349e-18)
(-3.49252 0.385365 -1.2393e-18)
(-3.60044 0.997398 2.77376e-18)
(-3.6317 1.63293 0)
(-3.57632 2.16585 -5.77916e-18)
(-3.43741 2.50964 5.49143e-18)
(-3.2688 2.71271 3.27412e-18)
(-3.10149 2.84141 2.36256e-18)
(-2.93851 2.92911 0)
(-2.79652 2.99112 0)
(-2.66944 3.0484 0)
(-2.55087 3.1071 -7.14617e-19)
(-3.71956 0.136974 5.22108e-18)
(-3.77666 0.627156 0)
(-3.85473 1.19389 -2.16325e-18)
(-3.81836 1.74085 4.64463e-18)
(-3.68618 2.1575 3.61383e-18)
(-3.50257 2.42272 -7.22622e-18)
(-3.30759 2.59258 3.37157e-18)
(-3.11933 2.71076 -1.17635e-17)
(-2.94209 2.79961 -1.74361e-19)
(-2.78343 2.86955 -4.25451e-19)
(-2.64093 2.93309 2.77584e-19)
(-2.51019 2.99485 1.14675e-17)
(-3.88491 0.345 -6.62953e-18)
(-4.02922 0.815539 4.07804e-18)
(-4.05263 1.30631 -6.20092e-18)
(-3.95991 1.74935 -4.41233e-18)
(-3.78067 2.07863 -8.20142e-18)
(-3.5674 2.30139 -4.35724e-18)
(-3.35066 2.45789 -6.43626e-18)
(-3.1442 2.57583 1.06823e-17)
(-2.95237 2.67007 0)
(-2.77859 2.74872 9.30898e-18)
(-2.62163 2.81958 -1.30648e-17)
(-2.47853 2.88647 4.37557e-18)
(-4.0696 0.541854 -3.15471e-18)
(-4.27707 0.949553 -5.40422e-18)
(-4.23291 1.3458 7.62325e-18)
(-4.09634 1.6944 0)
(-3.88253 1.96438 -4.21076e-18)
(-3.64302 2.16508 6.3718e-18)
(-3.40445 2.31849 -3.18438e-19)
(-3.17863 2.44128 1.23414e-19)
(-2.96969 2.54326 -5.18747e-18)
(-2.77965 2.63051 -9.77292e-18)
(-2.60771 2.70838 4.37635e-18)
(-2.45163 2.78023 -4.43196e-18)
(-4.24131 0.695996 2.17031e-18)
(-4.5142 1.03361 0)
(-4.39411 1.32645 0)
(-4.21494 1.59641 0)
(-3.97131 1.82473 3.43929e-18)
(-3.70812 2.01296 0)
(-3.44913 2.16831 -4.08754e-19)
(-3.20496 2.2986 1.15603e-17)
(-2.97958 2.40963 2.79086e-19)
(-2.77449 2.50576 4.9437e-18)
(-2.589 2.59072 -4.98024e-18)
(-2.4211 2.66766 1.47126e-17)
(-4.50475 0.823004 7.31192e-20)
(-4.71662 1.02625 7.48044e-18)
(-4.49192 1.22019 -2.29143e-18)
(-4.25376 1.44023 0)
(-3.98286 1.64394 0)
(-3.70364 1.82701 0)
(-3.43417 1.98859 0)
(-3.18184 2.12974 6.06438e-18)
(-2.94948 2.2527 -2.32339e-17)
(-2.73779 2.35997 -1.14621e-17)
(-2.54599 2.45408 1.10385e-17)
(-2.37216 2.53789 5.89734e-18)
(-4.56681 0.973003 -6.54506e-18)
(-4.68981 0.935462 -4.34336e-18)
(-4.37878 1.02308 -2.60049e-18)
(-4.08468 1.20734 0)
(-3.81192 1.40044 0)
(-3.54591 1.58869 7.27782e-18)
(-3.294 1.76349 -1.34414e-17)
(-3.05866 1.92103 2.55366e-17)
(-2.84044 2.06038 1.80515e-17)
(-2.6397 2.18268 1.12964e-17)
(-2.45605 2.28929 -1.0977e-17)
(-2.28785 2.383 6.35186e-19)
(-4.18547 0.398975 -1.86148e-18)
(-4.11273 0.564806 0)
(-3.81204 0.692685 3.86248e-18)
(-3.56504 0.888109 -1.18272e-17)
(-3.37076 1.1019 1.07125e-17)
(-3.17864 1.31108 3.63136e-19)
(-2.98973 1.50536 6.00154e-18)
(-2.80633 1.68174 -5.59483e-18)
(-2.62977 1.839 -2.85563e-17)
(-2.46226 1.97794 0)
(-2.30485 2.09871 0)
(-2.15699 2.20422 4.97195e-19)
(-2.27588 3.67871 -6.33871e-19)
(-2.2197 3.90984 -4.54324e-19)
(-2.11539 4.05436 -1.69507e-19)
(-1.97185 4.14575 -5.78096e-19)
(-1.81385 4.1518 1.67611e-19)
(-1.62537 4.10851 7.97035e-20)
(-1.43568 3.97531 -5.11942e-19)
(-1.23526 3.77449 1.36334e-18)
(-1.03105 3.48771 -6.7381e-19)
(-0.790031 3.10807 -1.15523e-19)
(-0.379634 2.68287 0)
(0.217141 2.54031 0)
(-2.80689 3.33293 3.8264e-18)
(-2.74994 3.43481 -1.75254e-18)
(-2.65877 3.53226 -8.95114e-19)
(-2.53066 3.62755 0)
(-2.36923 3.70592 -1.44014e-18)
(-2.20616 3.74508 0)
(-2.0471 3.73869 -6.47697e-19)
(-1.90104 3.68093 1.6024e-18)
(-1.78807 3.56909 0)
(-1.6826 3.32638 1.46003e-18)
(-1.54275 3.05075 -1.73804e-18)
(-1.02925 3.19071 2.52608e-19)
(-2.52615 3.40793 1.55901e-18)
(-2.4352 3.48479 -4.26865e-18)
(-2.33829 3.55714 1.18839e-18)
(-2.23777 3.61892 0)
(-2.13844 3.66084 1.28076e-18)
(-2.04375 3.67754 3.22869e-18)
(-1.96475 3.66341 -4.42226e-18)
(-1.91163 3.61953 2.03093e-18)
(-1.88737 3.55342 -8.9009e-19)
(-1.87777 3.41696 0)
(-1.8666 3.19928 0)
(-1.74593 3.41144 -1.52287e-19)
(-2.50203 3.28402 -3.07203e-18)
(-2.40638 3.34226 2.57023e-18)
(-2.31052 3.39889 2.9913e-18)
(-2.21597 3.45006 -1.63346e-18)
(-2.12748 3.49091 -3.0441e-18)
(-2.051 3.51735 0)
(-1.99416 3.5258 1.6046e-19)
(-1.96682 3.51916 3.24675e-18)
(-1.96959 3.4944 -2.493e-18)
(-2.02555 3.42675 9.85884e-19)
(-2.10835 3.24907 -5.65843e-20)
(-2.15762 3.54703 -5.92211e-19)
(-2.44002 3.16506 3.41356e-18)
(-2.33494 3.22375 -1.76702e-18)
(-2.23519 3.28083 3.17606e-18)
(-2.14261 3.33366 -1.70287e-18)
(-2.06109 3.37974 0)
(-1.99556 3.41768 0)
(-1.95456 3.44608 -1.38889e-18)
(-1.9451 3.46433 -3.44713e-18)
(-1.97597 3.47924 1.84551e-18)
(-2.06309 3.47548 1.22308e-18)
(-2.20516 3.36039 -1.07681e-18)
(-2.4023 3.77276 0)
(-2.3897 3.0553 -2.42566e-19)
(-2.27798 3.11536 -7.22835e-18)
(-2.17471 3.1742 0)
(-2.08134 3.23071 3.33516e-18)
(-2.00099 3.2841 -3.31096e-18)
(-1.93816 3.33419 0)
(-1.89906 3.38192 -1.33442e-19)
(-1.89094 3.42939 -1.48129e-19)
(-1.92457 3.47876 0)
(-2.01693 3.53249 -2.37052e-18)
(-2.20441 3.47846 1.1005e-18)
(-2.5233 3.93771 -6.12444e-19)
(-2.34755 2.95082 -4.17099e-18)
(-2.22732 3.01379 1.13163e-17)
(-2.1175 3.07566 0)
(-2.01907 3.13666 -3.5953e-18)
(-1.93445 3.19742 3.54325e-18)
(-1.86732 3.25926 3.50565e-18)
(-1.82285 3.32464 -3.87833e-18)
(-1.80786 3.3972 -1.83612e-18)
(-1.83327 3.4805 0)
(-1.91858 3.58102 -1.50676e-18)
(-2.10521 3.6022 1.4949e-18)
(-2.50927 4.09718 0)
(-2.30948 2.848 8.49454e-18)
(-2.17966 2.91338 -8.00441e-18)
(-2.06153 2.97759 8.1877e-18)
(-1.95549 3.04191 -7.82111e-18)
(-1.8631 3.10812 5.52255e-22)
(-1.787 3.17882 3.77795e-18)
(-1.73094 3.25802 3.54121e-18)
(-1.70079 3.35145 0)
(-1.70669 3.46497 -2.13365e-18)
(-1.76945 3.61083 4.82177e-18)
(-1.9416 3.70916 -1.45281e-18)
(-2.39078 4.20306 0)
(-2.26868 2.7387 4.62686e-18)
(-2.12968 2.80607 1.7658e-19)
(-2.00304 2.87168 -4.18357e-18)
(-1.88838 2.93765 0)
(-1.7864 3.00661 0)
(-1.69859 3.08217 0)
(-1.62688 3.16981 0)
(-1.57534 3.27764 -4.1582e-18)
(-1.55181 3.41471 1.95091e-18)
(-1.57646 3.60037 2.83337e-19)
(-1.71245 3.77881 0)
(-2.13135 4.26113 0)
(-2.21423 2.61341 -5.01444e-18)
(-2.06952 2.68335 -1.47804e-17)
(-1.9368 2.75006 0)
(-1.81501 2.81615 4.93187e-18)
(-1.70395 2.88479 9.22162e-18)
(-1.604 2.96053 0)
(-1.51491 3.05006 0)
(-1.43819 3.16335 1.80493e-18)
(-1.37753 3.31333 -6.53219e-18)
(-1.34973 3.52949 2.26578e-19)
(-1.4109 3.77018 0)
(-1.72023 4.24787 0)
(-2.1337 2.46512 -5.66892e-18)
(-1.99034 2.53892 -5.85382e-18)
(-1.85701 2.60689 1.05416e-17)
(-1.73211 2.67185 -1.47321e-17)
(-1.61502 2.73714 5.26061e-18)
(-1.50515 2.80771 9.65733e-18)
(-1.39998 2.8917 -2.43385e-18)
(-1.29774 2.99933 2.11391e-18)
(-1.19585 3.14749 4.25809e-18)
(-1.1056 3.37408 -4.71991e-18)
(-1.03837 3.64807 -1.84146e-18)
(-1.02275 4.11766 0)
(-2.0187 2.29407 -4.93415e-19)
(-1.88578 2.37207 1.01378e-17)
(-1.75925 2.44047 -9.98322e-18)
(-1.63714 2.50196 0)
(-1.51892 2.56041 -9.6431e-18)
(-1.40363 2.62045 -1.47238e-17)
(-1.28711 2.69142 -2.19488e-19)
(-1.16443 2.78148 0)
(-1.02537 2.9097 0)
(-0.871273 3.10388 1.12215e-18)
(-0.646637 3.38746 9.20101e-21)
(0.0356664 3.7181 2.34101e-18)
(0.143525 2.63802 5.70228e-19)
(0.235608 2.73687 2.28603e-18)
(0.43222 2.78058 1.26725e-19)
(0.64232 2.77481 0)
(0.859658 2.73524 5.58741e-18)
(1.06974 2.66141 -5.24966e-18)
(1.26754 2.56478 -1.56029e-17)
(1.45092 2.45443 -1.03905e-17)
(1.618 2.33705 -7.67767e-21)
(1.76852 2.21793 -4.99191e-18)
(1.90022 2.10009 1.00517e-17)
(2.01566 1.98419 -9.63336e-18)
(0.173989 2.2438 0)
(0.303309 2.23633 0)
(0.439107 2.24585 -2.2272e-18)
(0.583974 2.24457 4.53259e-18)
(0.747266 2.23303 -1.12359e-17)
(0.920523 2.20326 -6.79208e-18)
(1.09617 2.1567 8.8553e-18)
(1.2687 2.09704 2.23363e-17)
(1.43276 2.02801 -4.47806e-18)
(1.5853 1.95332 0)
(1.72015 1.87492 2.45312e-19)
(1.83879 1.79295 0)
(0.139617 2.00354 -4.45547e-19)
(0.256133 1.97228 4.59377e-19)
(0.385565 1.95054 3.76099e-18)
(0.519971 1.92857 3.85228e-20)
(0.666612 1.90732 3.83623e-18)
(0.823021 1.88162 -6.63973e-20)
(0.984523 1.84994 0)
(1.14678 1.81272 -3.9322e-18)
(1.30402 1.77023 -4.03788e-18)
(1.45153 1.72342 1.2355e-17)
(1.57986 1.6718 -1.23227e-17)
(1.68888 1.61465 8.46953e-18)
(0.10665 1.79379 -8.09241e-19)
(0.220751 1.76714 1.65084e-18)
(0.343642 1.7442 2.99543e-20)
(0.47161 1.72359 -3.40801e-18)
(0.611022 1.70541 -7.00121e-18)
(0.761472 1.6864 -4.90327e-20)
(0.91938 1.66399 -7.2531e-18)
(1.07979 1.63643 3.68762e-18)
(1.23504 1.60186 -3.73403e-18)
(1.37674 1.55942 -7.56225e-18)
(1.49108 1.50772 0)
(1.57215 1.44717 7.93137e-18)
(2.11061 1.87194 9.55918e-18)
(2.18954 1.75685 9.8307e-18)
(2.25432 1.64346 0)
(2.30731 1.52949 0)
(2.35367 1.41523 4.60665e-18)
(2.39807 1.29984 -4.50951e-18)
(2.45063 1.1787 2.13664e-18)
(2.51582 1.04558 6.54164e-18)
(2.61095 0.886661 0)
(2.72458 0.691354 0)
(2.91637 0.398743 5.89566e-19)
(2.77492 -0.24744 -1.53312e-18)
(1.9298 1.70949 -9.15857e-18)
(1.99987 1.61311 2.88479e-19)
(2.05122 1.51475 0)
(2.08699 1.41127 -4.33608e-18)
(2.11452 1.30434 -6.3684e-21)
(2.1393 1.19319 4.14589e-18)
(2.17261 1.07368 0)
(2.2165 0.939152 -4.06145e-18)
(2.28852 0.77974 0)
(2.3586 0.579991 -3.93823e-18)
(2.48812 0.343451 -1.8936e-18)
(2.40472 -0.103029 -1.5172e-26)
(1.75648 1.55211 -2.49521e-19)
(1.79933 1.46568 -8.12163e-18)
(1.82284 1.37827 0)
(1.83195 1.28406 8.03997e-18)
(1.8366 1.18601 3.87132e-18)
(1.84346 1.08246 1.15304e-21)
(1.86396 0.969696 -9.31004e-18)
(1.89806 0.839382 1.09325e-17)
(1.96241 0.686796 -1.78545e-18)
(2.02019 0.49415 7.97553e-18)
(2.12125 0.29907 2.51798e-18)
(2.09967 -0.0134189 -4.42563e-19)
(1.5805 1.381 2.3264e-17)
(1.56959 1.29074 0)
(1.55422 1.21051 0)
(1.53471 1.12773 -7.0928e-18)
(1.52254 1.04555 -7.06014e-18)
(1.52374 0.95902 6.88364e-18)
(1.54704 0.863238 1.33543e-17)
(1.58982 0.747249 -6.53205e-18)
(1.66215 0.609231 3.24571e-18)
(1.72937 0.431429 -3.21852e-18)
(1.81873 0.25556 -1.56491e-18)
(1.84038 0.0217645 -3.97314e-19)
(2.63805 -0.143491 -1.14043e-18)
(2.73688 -0.235585 0)
(2.78055 -0.432205 1.26711e-19)
(2.77477 -0.642302 0)
(2.73518 -0.859632 0)
(2.66134 -1.06971 5.24932e-18)
(2.5647 -1.26749 0)
(2.45436 -1.45086 1.00449e-17)
(2.33698 -1.61794 9.89283e-18)
(2.21787 -1.76846 1.01215e-17)
(2.10003 -1.90015 -4.9503e-18)
(1.98414 -2.01559 -5.07997e-18)
(2.24381 -0.173953 -5.38263e-19)
(2.23633 -0.303275 -5.48748e-19)
(2.24583 -0.439076 -1.10492e-18)
(2.24454 -0.583943 0)
(2.23298 -0.747232 -2.24886e-18)
(2.20321 -0.920483 1.12897e-17)
(2.15665 -1.09613 0)
(2.09698 -1.26865 4.47488e-18)
(2.02795 -1.43271 -4.47774e-18)
(1.95327 -1.58524 -8.84992e-18)
(1.87487 -1.72009 -9.12051e-18)
(1.79291 -1.83873 8.89173e-18)
(2.00351 -0.139582 -8.9482e-19)
(1.97224 -0.256097 1.3736e-18)
(1.9505 -0.385526 -2.80654e-18)
(1.92853 -0.519932 1.90757e-18)
(1.90728 -0.666571 0)
(1.88158 -0.822979 -1.55961e-17)
(1.8499 -0.984479 0)
(1.81268 -1.14674 8.02204e-18)
(1.77018 -1.30397 -4.0777e-18)
(1.72338 -1.45148 8.26937e-18)
(1.67176 -1.57981 4.05718e-18)
(1.61462 -1.68883 -8.46899e-18)
(1.79371 -0.106621 1.21017e-18)
(1.76708 -0.220718 1.65076e-18)
(1.74415 -0.343603 0)
(1.72354 -0.471569 0)
(1.70536 -0.61098 0)
(1.68636 -0.76143 1.42015e-17)
(1.66395 -0.91934 7.25258e-18)
(1.6364 -1.07975 -1.10238e-17)
(1.60183 -1.235 1.12291e-17)
(1.5594 -1.37671 -7.56177e-18)
(1.5077 -1.49104 0)
(1.44716 -1.57211 7.66844e-18)
(1.8719 -2.11053 -9.93169e-18)
(1.75682 -2.18946 -9.83021e-18)
(1.64344 -2.25423 9.3341e-18)
(1.52947 -2.30722 -9.55401e-18)
(1.41522 -2.35357 0)
(1.29984 -2.39797 -9.18252e-18)
(1.1787 -2.45054 1.13279e-17)
(1.04558 -2.51573 -2.20029e-18)
(0.88666 -2.61087 4.29719e-18)
(0.691352 -2.72451 -1.10063e-18)
(0.398738 -2.91631 1.12699e-18)
(-0.247449 -2.77486 -7.95088e-19)
(1.70945 -1.92972 8.86997e-18)
(1.61308 -1.99979 8.7883e-18)
(1.51473 -2.05113 0)
(1.41125 -2.0869 4.18196e-18)
(1.30433 -2.11443 8.4804e-18)
(1.19318 -2.13922 4.02166e-18)
(1.07368 -2.17252 -1.63109e-17)
(0.939151 -2.21642 -4.0612e-18)
(0.779737 -2.28846 -3.98551e-18)
(0.579987 -2.35855 -9.83409e-19)
(0.343444 -2.48807 9.42603e-19)
(-0.103037 -2.40467 5.19576e-19)
(1.55208 -1.75642 0)
(1.46566 -1.79925 -1.24871e-17)
(1.37825 -1.82277 4.04985e-18)
(1.28404 -1.83187 4.07536e-18)
(1.18601 -1.83652 7.74408e-18)
(1.08246 -1.84338 -3.78059e-18)
(0.969695 -1.86389 9.17999e-18)
(0.839381 -1.89802 9.10674e-18)
(0.686792 -1.96237 1.77018e-18)
(0.494147 -2.02016 -1.76764e-18)
(0.299065 -2.12122 -4.21954e-19)
(-0.013424 -2.09964 -3.95049e-21)
(1.38099 -1.58045 0)
(1.29073 -1.56953 -1.57377e-19)
(1.21051 -1.55416 0)
(1.12773 -1.53465 -1.43336e-17)
(1.04555 -1.52249 3.49677e-18)
(0.959026 -1.5237 -1.03071e-17)
(0.863242 -1.54701 0)
(0.74725 -1.58981 -6.53153e-18)
(0.609226 -1.66215 3.22588e-18)
(0.431424 -1.72937 -3.22199e-18)
(0.255556 -1.81873 -1.17238e-18)
(0.0217621 -1.84037 -3.97191e-19)
(-0.14348 -2.63799 -1.14038e-18)
(-0.23559 -2.73685 1.19802e-19)
(-0.43222 -2.78049 0)
(-0.642306 -2.77468 -2.62227e-18)
(-0.859613 -2.73507 5.52709e-18)
(-1.06966 -2.66123 -8.18868e-18)
(-1.26742 -2.5646 -2.16696e-19)
(-1.45078 -2.45427 1.02499e-17)
(-1.61785 -2.33691 -5.05e-18)
(-1.76837 -2.21783 0)
(-1.90007 -2.10001 -1.97497e-17)
(-2.01552 -1.98414 3.62374e-19)
(-0.173942 -2.24377 1.08279e-18)
(-0.303277 -2.2363 -5.29519e-19)
(-0.43908 -2.24579 4.51913e-18)
(-0.583938 -2.24449 -8.98868e-18)
(-0.747211 -2.23292 4.53166e-18)
(-0.920444 -2.20314 -1.58581e-19)
(-1.09607 -2.15658 0)
(-1.26858 -2.09692 1.34937e-17)
(-1.43263 -2.0279 -4.47753e-18)
(-1.58517 -1.95323 0)
(-1.72003 -1.87485 8.87484e-18)
(-1.83868 -1.7929 -8.89132e-18)
(-0.139579 -2.00348 -4.44207e-19)
(-0.256099 -1.97222 2.45294e-20)
(-0.385527 -1.95048 -3.71855e-18)
(-0.519925 -1.9285 3.78046e-18)
(-0.66655 -1.90725 -3.8358e-18)
(-0.822943 -1.88154 1.16921e-17)
(-0.984431 -1.84986 1.18775e-17)
(-1.14668 -1.81264 -3.93174e-18)
(-1.30392 -1.77016 4.08948e-18)
(-1.45144 -1.72336 0)
(-1.57978 -1.67176 -8.3755e-18)
(-1.68882 -1.61463 0)
(-0.106619 -1.7937 -1.61837e-18)
(-0.22072 -1.76707 -3.28436e-18)
(-0.343604 -1.74413 3.36886e-18)
(-0.471563 -1.72352 -1.70534e-18)
(-0.610962 -1.70535 3.48453e-18)
(-0.7614 -1.68634 -1.23961e-17)
(-0.919302 -1.66394 -7.20367e-18)
(-1.07971 -1.63639 7.36054e-18)
(-1.23497 -1.60184 -1.11806e-17)
(-1.3767 -1.55941 0)
(-1.49106 -1.50773 7.64851e-18)
(-1.57215 -1.4472 -1.5599e-17)
(-2.11048 -1.87192 1.48123e-17)
(-2.18943 -1.75684 -4.82861e-18)
(-2.25423 -1.64346 0)
(-2.30724 -1.52949 -9.19178e-18)
(-2.35362 -1.41522 0)
(-2.39804 -1.29983 0)
(-2.45063 -1.17867 -4.3845e-18)
(-2.51584 -1.04553 0)
(-2.61099 -0.886586 0)
(-2.72465 -0.691264 -4.45709e-20)
(-2.91643 -0.398636 2.27896e-18)
(-2.77498 0.247552 1.59017e-18)
(-1.9297 -1.70947 -8.86955e-18)
(-1.99978 -1.6131 0)
(-2.05115 -1.51475 0)
(-2.08694 -1.41127 -4.33559e-18)
(-2.11449 -1.30434 4.23676e-18)
(-2.13931 -1.19317 0)
(-2.17264 -1.07365 -6.20943e-18)
(-2.21657 -0.9391 -2.0046e-18)
(-2.28862 -0.779664 0)
(-2.35872 -0.579904 -1.00959e-18)
(-2.48824 -0.343348 -2.35689e-18)
(-2.40484 0.103142 -5.17165e-19)
(-1.75643 -1.55211 8.47836e-18)
(-1.79928 -1.46569 -4.12396e-18)
(-1.82281 -1.37828 -8.22607e-18)
(-1.83194 -1.28406 3.9657e-18)
(-1.83662 -1.18601 -7.8383e-18)
(-1.84351 -1.08245 0)
(-1.86405 -0.969666 1.47877e-17)
(-1.8982 -0.839331 0)
(-1.96257 -0.686721 1.79864e-18)
(-2.02037 -0.494067 8.81979e-19)
(-2.12143 -0.298974 1.26282e-18)
(-2.09984 0.0135233 1.24006e-22)
(-1.58049 -1.38104 -7.64602e-18)
(-1.56958 -1.29078 0)
(-1.55424 -1.21055 7.26172e-18)
(-1.53476 -1.12776 -1.08296e-17)
(-1.52264 -1.04557 1.74917e-17)
(-1.52388 -0.959028 -6.88283e-18)
(-1.54722 -0.86322 -1.33528e-17)
(-1.59004 -0.747204 0)
(-1.66239 -0.609158 0)
(-1.72961 -0.431345 0)
(-1.81896 -0.255468 -1.5636e-18)
(-1.84059 -0.021667 -1.19595e-18)
(-2.63813 0.143579 -5.34307e-20)
(-2.73699 0.235672 5.95745e-19)
(-2.78069 0.432294 0)
(-2.77491 0.642397 5.53644e-18)
(-2.73531 0.859728 -2.63294e-18)
(-2.66146 1.0698 -7.93772e-18)
(-2.56482 1.26758 -5.2199e-18)
(-2.45446 1.45094 5.1316e-18)
(-2.33707 1.618 9.89246e-18)
(-2.21794 1.7685 1.01211e-17)
(-2.1001 1.90018 -1.00506e-17)
(-1.98419 2.0156 -9.63231e-18)
(-2.24393 0.17405 -1.65619e-26)
(-2.23647 0.303367 2.22644e-18)
(-2.24599 0.439169 4.51924e-18)
(-2.24471 0.584039 0)
(-2.23315 0.747331 4.53179e-18)
(-2.20337 0.920583 0)
(-2.15681 1.09622 4.47628e-18)
(-2.09713 1.26874 -5.2386e-21)
(-2.02809 1.43278 -1.35095e-17)
(-1.95339 1.58529 -8.84962e-18)
(-1.87497 1.72013 8.87489e-18)
(-1.79299 1.83874 9.16005e-18)
(-2.00367 0.139684 4.49248e-19)
(-1.97241 0.256201 -4.57054e-18)
(-1.95067 0.385631 -6.54153e-18)
(-1.9287 0.520038 -1.90013e-18)
(-1.90746 0.666677 -1.15703e-17)
(-1.88175 0.823083 5.8838e-18)
(-1.85007 0.984576 3.66433e-21)
(-1.81285 1.14682 3.99643e-18)
(-1.77034 1.30404 -1.14966e-19)
(-1.72352 1.45152 0)
(-1.67188 1.57983 0)
(-1.61472 1.68882 2.24446e-19)
(-1.79391 0.106721 4.08261e-19)
(-1.76726 0.220822 1.63366e-18)
(-1.74432 0.343709 3.33892e-18)
(-1.72371 0.471677 -3.43612e-18)
(-1.70553 0.611087 1.39492e-17)
(-1.68652 0.761532 -7.0761e-18)
(-1.6641 0.919429 0)
(-1.63654 1.07982 7.38392e-18)
(-1.60196 1.23504 7.44709e-18)
(-1.55951 1.37672 0)
(-1.50779 1.49101 0)
(-1.44723 1.57205 -2.32672e-17)
(-1.87195 2.11052 9.55812e-18)
(-1.75686 2.18944 -9.82959e-18)
(-1.64348 2.2542 -1.44725e-17)
(-1.5295 2.30718 -6.98506e-21)
(-1.41525 2.35353 9.33919e-18)
(-1.29987 2.39794 2.25442e-17)
(-1.17873 2.45052 4.3847e-18)
(-1.0456 2.51572 -4.48443e-18)
(-0.886677 2.61087 0)
(-0.691359 2.72453 -4.45748e-20)
(-0.398727 2.91634 0)
(0.247494 2.77488 -7.95113e-19)
(-1.70952 1.92972 0)
(-1.61313 1.99977 -2.88437e-19)
(-1.51477 2.0511 8.66899e-18)
(-1.41129 2.08687 -1.31299e-17)
(-1.30437 2.1144 -1.2693e-17)
(-1.19322 2.1392 -8.16701e-18)
(-1.07371 2.17252 1.03116e-17)
(-0.939172 2.21643 6.02763e-18)
(-0.779749 2.28848 -3.98552e-18)
(-0.579988 2.35859 1.94491e-18)
(-0.343433 2.48813 0)
(0.103076 2.40473 0)
(-1.55216 1.7564 -8.47826e-18)
(-1.46572 1.79922 3.99685e-18)
(-1.37831 1.82273 -4.17393e-18)
(-1.28409 1.83185 3.8521e-18)
(-1.18605 1.83651 1.15104e-17)
(-1.08249 1.84339 0)
(-0.969724 1.86391 1.38329e-19)
(-0.8394 1.89805 -3.60817e-18)
(-0.686801 1.96242 -2.85496e-20)
(-0.494143 2.02022 -3.54846e-18)
(-0.29905 2.12129 4.21969e-19)
(0.0134564 2.09972 -4.42428e-19)
(-1.38106 1.58039 -7.96992e-18)
(-1.29079 1.56948 0)
(-1.21056 1.55413 7.2619e-18)
(-1.12778 1.53464 -1.083e-17)
(-1.0456 1.5225 3.51007e-18)
(-0.959065 1.52373 0)
(-0.863274 1.54705 9.74754e-20)
(-0.747272 1.58987 6.60077e-18)
(-0.609236 1.66223 3.22601e-18)
(-0.431421 1.72946 -3.70303e-21)
(-0.255539 1.81883 0)
(-0.0217315 1.84048 7.96662e-19)
(0.0915213 1.58828 1.11801e-18)
(0.204277 1.58659 2.22971e-20)
(0.33018 1.58769 -4.89503e-18)
(0.46583 1.59298 0)
(0.615335 1.59839 7.71283e-18)
(0.774224 1.59814 1.82965e-17)
(0.934732 1.58711 2.62374e-17)
(1.0864 1.56108 0)
(1.2162 1.51744 0)
(1.3106 1.45644 -5.28844e-18)
(1.35578 1.38161 5.23474e-18)
(1.34322 1.30033 -2.09669e-17)
(0.0870019 1.40486 -5.69407e-19)
(0.200385 1.42116 1.80884e-18)
(0.324999 1.43887 -6.27166e-18)
(0.46041 1.45911 0)
(0.607124 1.47562 1.06383e-17)
(0.758623 1.4816 -1.06473e-17)
(0.904894 1.47105 -5.33021e-18)
(1.03323 1.43963 7.40416e-21)
(1.12984 1.38629 -5.44675e-18)
(1.18274 1.3144 0)
(1.18324 1.23322 0)
(1.13192 1.15559 2.22288e-17)
(0.0932006 1.23437 0)
(0.204749 1.25946 -2.39364e-18)
(0.326251 1.28427 5.00577e-18)
(0.457126 1.30856 2.62242e-18)
(0.594722 1.32572 -1.62285e-17)
(0.730579 1.32945 8.2762e-18)
(0.853386 1.31465 -1.68665e-17)
(0.95029 1.27849 5.72694e-18)
(1.00946 1.22192 1.45455e-20)
(1.02363 1.15076 2.9714e-20)
(0.991136 1.0782 -3.17835e-17)
(0.925651 1.0257 -2.61313e-17)
(0.103096 1.07084 0)
(0.210119 1.09713 4.80563e-18)
(0.325128 1.12112 0)
(0.446451 1.14165 1.05248e-17)
(0.569048 1.15275 0)
(0.683211 1.14939 5.74631e-18)
(0.777177 1.12786 2.36705e-17)
(0.838951 1.08651 -6.19976e-18)
(0.859192 1.02622 0)
(0.835878 0.950774 0)
(0.771498 0.86966 -8.25806e-18)
(0.702327 0.846746 8.10592e-18)
(1.25892 1.2101 -2.09528e-17)
(1.21941 1.10243 -5.15534e-18)
(1.19614 1.03821 2.55026e-17)
(1.18237 0.971762 -1.48181e-17)
(1.19179 0.908436 1.9027e-17)
(1.22478 0.838094 -1.84641e-17)
(1.28309 0.753573 -2.23883e-17)
(1.36078 0.644817 0)
(1.45199 0.510673 -4.24992e-18)
(1.5312 0.34698 0)
(1.59925 0.186338 0)
(1.61272 0.0116703 -1.08316e-18)
(1.00455 1.06659 0)
(0.96933 0.937457 0)
(0.956358 0.886419 -1.93527e-17)
(0.953819 0.834817 4.67798e-18)
(0.977516 0.78538 4.5544e-18)
(1.02445 0.728088 -5.55849e-20)
(1.09338 0.655997 1.07713e-17)
(1.17662 0.561182 6.40708e-18)
(1.26432 0.442835 0)
(1.33707 0.301506 0)
(1.3902 0.162282 -5.26876e-19)
(1.40693 0.0176639 2.72093e-18)
(0.760024 0.968308 0)
(0.751435 0.809303 -5.09661e-18)
(0.761233 0.767705 -1.4425e-17)
(0.773511 0.728073 1.84624e-17)
(0.808904 0.686222 1.79153e-17)
(0.863445 0.634526 4.33923e-18)
(0.934745 0.567769 -6.42331e-18)
(1.0148 0.480729 -6.29969e-18)
(1.09367 0.374049 8.41963e-18)
(1.15695 0.251195 0)
(1.20123 0.130528 5.31296e-19)
(1.22201 0.00812688 1.65738e-18)
(0.523624 0.874219 -3.36429e-17)
(0.556277 0.680411 -2.24258e-17)
(0.59696 0.654714 1.95989e-17)
(0.624604 0.630705 -2.30975e-17)
(0.667873 0.596827 4.53518e-18)
(0.725019 0.550157 0)
(0.793724 0.488308 -2.17197e-18)
(0.866763 0.40867 3.52136e-21)
(0.935664 0.313134 -6.31106e-18)
(0.990171 0.20613 0)
(1.02871 0.100648 -3.76166e-18)
(1.05184 -0.00620746 -4.98774e-18)
(1.58819 -0.0915072 -2.24535e-18)
(1.58651 -0.204249 -2.33804e-18)
(1.58762 -0.330143 0)
(1.59292 -0.465791 0)
(1.59834 -0.615295 7.82117e-18)
(1.59809 -0.774187 -7.77836e-18)
(1.58708 -0.9347 1.03484e-19)
(1.56106 -1.08637 1.57185e-17)
(1.51742 -1.21618 -5.15938e-18)
(1.45643 -1.31058 5.28804e-18)
(1.3816 -1.35577 -2.62974e-17)
(1.30034 -1.3432 0)
(1.40477 -0.0870003 1.70567e-18)
(1.42107 -0.200364 1.79838e-18)
(1.4388 -0.324968 -5.01779e-18)
(1.45905 -0.460377 -2.60159e-18)
(1.47557 -0.607092 -7.88123e-18)
(1.48157 -0.758596 0)
(1.47103 -0.904875 -1.61089e-17)
(1.43962 -1.03322 -5.44934e-18)
(1.38629 -1.12984 -1.0866e-17)
(1.31441 -1.18274 0)
(1.23323 -1.18325 2.21816e-17)
(1.15562 -1.13192 0)
(1.23428 -0.0932136 1.15172e-18)
(1.25937 -0.204737 -4.80045e-18)
(1.2842 -0.326229 5.00501e-18)
(1.3085 -0.457102 2.62202e-18)
(1.32568 -0.5947 -5.42367e-18)
(1.32942 -0.730565 2.76438e-18)
(1.31464 -0.853382 0)
(1.27849 -0.950297 5.68482e-18)
(1.22193 -1.00948 5.87836e-18)
(1.15078 -1.02365 6.12328e-18)
(1.07823 -0.991156 -3.17809e-17)
(1.02574 -0.92567 0)
(1.07076 -0.103122 -2.30235e-18)
(1.09704 -0.210116 7.19746e-18)
(1.12106 -0.325116 0)
(1.1416 -0.446437 -1.05231e-17)
(1.15272 -0.569038 0)
(1.14937 -0.68321 -5.74578e-18)
(1.12785 -0.777187 -5.93212e-18)
(1.08652 -0.83897 3.09645e-17)
(1.02624 -0.859219 1.05669e-20)
(0.950803 -0.835907 -7.25162e-18)
(0.869697 -0.771525 3.32961e-17)
(0.846795 -0.702354 -3.22106e-17)
(1.21011 -1.25889 0)
(1.10245 -1.21938 -1.0376e-17)
(1.03823 -1.19611 0)
(0.971781 -1.18236 4.87223e-18)
(0.908454 -1.19178 4.7817e-18)
(0.838109 -1.22479 2.30459e-17)
(0.753582 -1.2831 6.74335e-18)
(0.644822 -1.36079 -2.18636e-18)
(0.510674 -1.452 4.29511e-18)
(0.346983 -1.53121 -3.45245e-20)
(0.186343 -1.59925 2.07481e-18)
(0.0116743 -1.61271 0)
(1.06662 -1.00454 5.52492e-18)
(0.937487 -0.969325 -1.02212e-17)
(0.88645 -0.95636 4.83407e-18)
(0.834849 -0.953828 0)
(0.785409 -0.97753 9.12104e-18)
(0.728111 -1.02447 -8.82245e-18)
(0.656012 -1.0934 -1.7287e-17)
(0.56119 -1.17664 0)
(0.442839 -1.26433 -4.18043e-18)
(0.30151 -1.33707 -3.92056e-20)
(0.162287 -1.3902 -5.26801e-19)
(0.0176695 -1.40692 5.46087e-19)
(0.968356 -0.760029 0)
(0.809343 -0.751444 -8.72453e-20)
(0.767742 -0.76125 -1.92061e-17)
(0.72811 -0.773531 1.8458e-17)
(0.686255 -0.808925 -8.91818e-18)
(0.634552 -0.863467 -4.3548e-18)
(0.567788 -0.934764 1.06569e-17)
(0.480741 -1.01482 8.46555e-18)
(0.374057 -1.09368 2.10132e-18)
(0.251202 -1.15695 4.18934e-18)
(0.130536 -1.20123 0)
(0.00813419 -1.22201 1.1044e-18)
(0.874277 -0.52363 -3.36391e-17)
(0.680454 -0.556291 1.66517e-17)
(0.654753 -0.596981 4.41694e-17)
(0.630744 -0.624627 -2.30916e-17)
(0.596862 -0.667895 -1.34419e-17)
(0.550185 -0.725039 -1.31136e-17)
(0.48833 -0.793741 -4.27998e-18)
(0.408685 -0.866776 -8.44908e-18)
(0.313144 -0.935674 0)
(0.206138 -0.990176 1.05653e-18)
(0.100657 -1.02871 -1.07403e-18)
(-0.0061986 -1.05184 -2.2161e-18)
(-0.0915035 -1.58819 2.23562e-18)
(-0.204249 -1.58651 2.33779e-18)
(-0.330139 -1.58761 -4.89382e-18)
(-0.465779 -1.59291 0)
(-0.615275 -1.59834 2.58099e-18)
(-0.774162 -1.5981 7.88652e-18)
(-0.93468 -1.5871 0)
(-1.08637 -1.5611 1.0549e-17)
(-1.21621 -1.51748 0)
(-1.31064 -1.4565 2.63752e-17)
(-1.35584 -1.38169 -1.05276e-17)
(-1.34329 -1.30043 2.61919e-17)
(-0.0869952 -1.40477 -5.69286e-19)
(-0.200361 -1.42107 2.99496e-18)
(-0.324964 -1.4388 -5.0173e-18)
(-0.460369 -1.45905 -7.86675e-18)
(-0.607083 -1.47558 -1.05137e-20)
(-0.758592 -1.48159 -1.33274e-17)
(-0.904886 -1.47107 -1.62056e-17)
(-1.03326 -1.43969 -1.62291e-17)
(-1.12991 -1.38638 -2.18631e-17)
(-1.18284 -1.31452 -2.19843e-17)
(-1.18336 -1.23335 0)
(-1.13205 -1.15575 0)
(-0.0932069 -1.23429 2.30317e-18)
(-0.204732 -1.25938 -3.59108e-18)
(-0.326226 -1.2842 6.2628e-18)
(-0.457101 -1.30852 -6.76227e-20)
(-0.594705 -1.3257 1.08729e-17)
(-0.730583 -1.32947 5.55114e-18)
(-0.853421 -1.3147 1.68026e-17)
(-0.950364 -1.27858 4.00592e-17)
(-1.00957 -1.22204 1.75943e-17)
(-1.02377 -1.1509 -2.44308e-17)
(-0.991295 -1.07836 0)
(-0.925816 -1.02588 0)
(-0.103114 -1.07076 -4.60417e-18)
(-0.210111 -1.09705 1.19673e-18)
(-0.325116 -1.12108 -1.25502e-18)
(-0.446445 -1.14162 1.30985e-17)
(-0.569057 -1.15275 -1.37871e-17)
(-0.683247 -1.14943 -5.67405e-18)
(-0.777248 -1.12793 1.6446e-20)
(-0.839058 -1.08661 6.2336e-18)
(-0.859332 -1.02634 -2.64023e-17)
(-0.836039 -0.950915 2.90328e-17)
(-0.771664 -0.869813 -3.32047e-17)
(-0.702495 -0.846931 0)
(-1.25899 -1.2102 -2.10862e-17)
(-1.2195 -1.10252 -5.15433e-18)
(-1.19627 -1.0383 5.09043e-18)
(-1.18254 -0.971834 -5.01465e-18)
(-1.192 -0.908487 -4.69598e-18)
(-1.22502 -0.838118 -9.899e-20)
(-1.28335 -0.753565 1.11295e-17)
(-1.36104 -0.644781 -2.18612e-18)
(-1.45225 -0.510614 0)
(-1.53144 -0.346913 0)
(-1.59948 -0.186267 2.07458e-18)
(-1.61292 -0.0115923 2.15153e-18)
(-1.00466 -1.06674 4.42235e-17)
(-0.969471 -0.937581 0)
(-0.956538 -0.886531 0)
(-0.954032 -0.834911 9.36185e-18)
(-0.977757 -0.785449 -4.57584e-18)
(-1.02471 -0.728126 4.38985e-18)
(-1.09364 -0.656 0)
(-1.17688 -0.561154 -6.41041e-18)
(-1.26457 -0.442784 -2.1056e-18)
(-1.33729 -0.301444 4.20861e-18)
(-1.39039 -0.162217 -2.64207e-18)
(-1.4071 -0.0175946 -5.41117e-19)
(-0.760154 -0.968493 -2.48515e-17)
(-0.751598 -0.809438 1.53082e-17)
(-0.761434 -0.767819 4.78402e-18)
(-0.773736 -0.728167 4.60455e-18)
(-0.809146 -0.686291 4.44737e-18)
(-0.863696 -0.634564 0)
(-0.934993 -0.567775 2.13384e-18)
(-1.01504 -0.480707 4.18993e-18)
(-1.09388 -0.374007 2.10114e-18)
(-1.15713 -0.251144 -4.18899e-18)
(-1.20139 -0.130474 2.11934e-18)
(-1.22215 -0.00807047 -1.10433e-18)
(-0.523742 -0.87442 3.36367e-17)
(-0.556436 -0.680537 -2.22273e-17)
(-0.597157 -0.654819 -4.90752e-18)
(-0.624819 -0.630791 7.35073e-22)
(-0.668097 -0.596889 -1.34412e-17)
(-0.725244 -0.550191 -4.35801e-18)
(-0.793941 -0.488315 1.2848e-17)
(-0.866963 -0.408653 0)
(-0.93584 -0.3131 8.4581e-18)
(-0.99032 -0.206087 0)
(-1.02883 -0.100605 -4.29633e-18)
(-1.05193 0.00625057 2.21596e-18)
(-1.58837 0.0915929 1.13665e-18)
(-1.58668 0.204339 0)
(-1.58776 0.330233 4.94161e-18)
(-1.59304 0.465876 5.0643e-18)
(-1.59845 0.61537 -1.02923e-17)
(-1.59819 0.77424 5.28495e-18)
(-1.58715 0.934723 1.05452e-17)
(-1.56112 1.08636 5.15195e-20)
(-1.51746 1.21613 5.30217e-18)
(-1.45646 1.31049 -1.58002e-17)
(-1.38163 1.35566 -5.23437e-18)
(-1.30036 1.34309 2.09654e-17)
(-1.40492 0.0870735 -1.70296e-18)
(-1.4212 0.200438 -5.98358e-19)
(-1.4389 0.325038 -4.97522e-18)
(-1.45912 0.460437 0)
(-1.47562 0.607133 -1.32804e-17)
(-1.48159 0.758608 -7.96413e-18)
(-1.47103 0.904849 9.75703e-20)
(-1.43961 1.03316 5.42376e-18)
(-1.38627 1.12974 -1.63125e-17)
(-1.31439 1.18261 2.1986e-17)
(-1.23322 1.18311 0)
(-1.15561 1.1318 2.2228e-17)
(-1.2344 0.0932703 -2.87638e-18)
(-1.25946 0.20479 6.01372e-19)
(-1.28425 0.326274 0)
(-1.30853 0.457132 -1.0536e-17)
(-1.32567 0.594704 1.35089e-17)
(-1.3294 0.730534 1.38086e-17)
(-1.31459 0.853312 -1.68032e-17)
(-1.27844 0.950188 -2.2924e-17)
(-1.22187 1.00934 -2.35489e-17)
(-1.15073 1.02349 3.05566e-17)
(-1.07819 0.991007 -6.33923e-18)
(-1.0257 0.925548 -5.22371e-17)
(-1.07083 0.103161 4.02927e-18)
(-1.09709 0.210147 6.00589e-19)
(-1.12107 0.325135 0)
(-1.14158 0.446437 1.30982e-17)
(-1.15267 0.569009 -1.16569e-20)
(-1.14931 0.683144 -2.82849e-18)
(-1.12777 0.777084 0)
(-1.08643 0.838835 6.15888e-18)
(-1.02616 0.859062 1.97948e-17)
(-0.950735 0.835747 -3.50667e-20)
(-0.869643 0.771383 3.32102e-17)
(-0.846741 0.702243 6.47539e-17)
(-1.21014 1.25882 2.09512e-17)
(-1.10249 1.21935 5.15492e-18)
(-1.03827 1.1961 -5.0913e-18)
(-0.971826 1.18237 9.80114e-18)
(-0.908497 1.19182 0)
(-0.838148 1.22484 1.38774e-17)
(-0.753613 1.28317 -2.0152e-17)
(-0.644842 1.36089 -1.08639e-17)
(-0.510679 1.45212 0)
(-0.346974 1.53133 4.20453e-18)
(-0.186323 1.59939 0)
(-0.0116532 1.61283 -1.07355e-18)
(-1.06662 1.00448 0)
(-0.937512 0.969295 0)
(-0.886485 0.956358 0)
(-0.834888 0.953852 -4.68644e-18)
(-0.785448 0.977579 8.61578e-21)
(-0.728147 1.02454 -4.39094e-18)
(-0.656041 1.09349 8.6107e-18)
(-0.561209 1.17676 -8.53567e-18)
(-0.442845 1.26447 0)
(-0.301504 1.33722 3.16238e-18)
(-0.162275 1.39034 1.58257e-18)
(-0.0176626 1.40706 -5.46121e-19)
(-0.968326 0.759979 0)
(-0.809349 0.751427 1.53113e-17)
(-0.767764 0.761257 -8.54778e-21)
(-0.728138 0.773564 9.44859e-22)
(-0.686285 0.808984 4.47142e-18)
(-0.63458 0.863549 4.3817e-18)
(-0.567809 0.934869 6.41057e-18)
(-0.480752 1.01494 4.19093e-18)
(-0.374058 1.09382 2.1016e-18)
(-0.251195 1.1571 -4.18981e-18)
(-0.13053 1.20137 -2.13213e-18)
(-0.00814159 1.22214 0)
(-0.87422 0.523603 8.26633e-18)
(-0.680446 0.556289 -5.4091e-18)
(-0.654764 0.596999 0)
(-0.63076 0.624667 0)
(-0.59688 0.667957 -4.47085e-18)
(-0.550202 0.725123 1.80284e-20)
(-0.488341 0.793845 -1.28516e-17)
(-0.408688 0.866897 0)
(-0.31314 0.935805 -8.46006e-18)
(-0.20613 0.99031 0)
(-0.100655 1.02884 -2.15695e-18)
(0.00617913 1.05196 0)
(0.11251 0.91196 -1.15428e-18)
(0.212539 0.933959 -4.77237e-18)
(0.317895 0.95144 0)
(0.425625 0.962923 -1.04472e-17)
(0.528899 0.963619 -2.76171e-18)
(0.617104 0.950115 -1.47278e-17)
(0.678073 0.91996 6.31166e-18)
(0.699483 0.871831 0)
(0.670242 0.804533 0)
(0.582186 0.716477 9.21451e-18)
(0.405029 0.585726 3.92208e-17)
(0.162319 0.448763 0)
(0.119044 0.758029 1.15532e-18)
(0.209967 0.772237 0)
(0.303214 0.779726 -9.90847e-18)
(0.394623 0.779286 2.59389e-18)
(0.476051 0.767562 -2.77025e-18)
(0.536197 0.743025 1.78455e-17)
(0.562446 0.704871 1.30752e-17)
(0.541694 0.652871 -7.44223e-18)
(0.460341 0.586067 0)
(0.305932 0.507135 0)
(0.0319304 0.391717 0)
(-0.275028 0.367567 0)
(0.121479 0.610557 -1.16593e-18)
(0.201706 0.615173 -5.96998e-18)
(0.281234 0.611218 1.11011e-17)
(0.354936 0.598096 0)
(0.413877 0.574159 0)
(0.446553 0.540076 -5.35056e-17)
(0.440574 0.497576 3.30095e-17)
(0.383708 0.449319 0)
(0.265167 0.398095 -9.31195e-18)
(0.0821986 0.35467 2.49718e-17)
(-0.154575 0.314289 -2.12857e-17)
(-0.337703 0.336795 0)
(0.119437 0.471463 1.18103e-18)
(0.187991 0.465962 4.81397e-18)
(0.253058 0.450622 -9.89031e-18)
(0.308914 0.425587 7.75536e-18)
(0.346424 0.391147 -8.20982e-18)
(0.354606 0.350376 -5.88033e-18)
(0.322489 0.308171 -4.61662e-17)
(0.240965 0.270919 -7.62723e-18)
(0.10711 0.245647 9.32489e-18)
(-0.0662628 0.247545 4.84713e-17)
(-0.242492 0.276627 0)
(-0.359269 0.333017 0)
(0.113118 0.342615 0)
(0.169594 0.327333 0)
(0.220217 0.301539 9.9993e-18)
(0.25907 0.266181 -1.03946e-17)
(0.277402 0.223496 -1.37039e-17)
(0.265473 0.178917 5.62301e-17)
(0.214718 0.140485 1.31568e-17)
(0.120287 0.117749 3.78981e-17)
(-0.0122947 0.119987 0)
(-0.1617 0.160817 -4.68648e-17)
(-0.295899 0.231644 -7.27886e-17)
(-0.370659 0.302719 0)
(0.103037 0.22549 0)
(0.147505 0.201318 1.25687e-18)
(0.184267 0.166376 -1.2831e-18)
(0.207595 0.122507 2.63572e-18)
(0.209575 0.0736445 4.16784e-17)
(0.182237 0.0272706 -2.98124e-17)
(0.119805 -0.00598608 6.61425e-18)
(0.0213455 -0.0146258 -3.02302e-17)
(-0.101617 0.0106826 -9.06301e-18)
(-0.226556 0.080768 1.16574e-17)
(-0.330555 0.17913 7.11009e-17)
(-0.362215 0.267895 0)
(0.0898645 0.121025 0)
(0.122725 0.0891574 1.31833e-18)
(0.146561 0.0464786 -1.33947e-18)
(0.156134 -0.00425267 0)
(0.144637 -0.0577783 -2.57857e-17)
(0.106138 -0.105057 -3.02698e-18)
(0.0374813 -0.133631 -1.34602e-17)
(-0.0595088 -0.131115 -3.84963e-17)
(-0.169656 -0.0893512 3.69705e-17)
(-0.271888 0.00110405 0)
(-0.34941 0.119496 1.47589e-16)
(-0.34176 0.221258 0)
(0.0742986 0.0295577 0)
(0.096131 -0.00869171 1.42715e-18)
(0.108122 -0.0577427 1.00737e-17)
(0.105735 -0.114007 2.93109e-18)
(0.0833555 -0.171272 2.13704e-17)
(0.0370894 -0.219576 -6.46949e-18)
(-0.0339849 -0.245213 3.55992e-17)
(-0.1265 -0.235505 6.5127e-17)
(-0.222669 -0.183781 3.94944e-17)
(-0.30319 -0.0799901 1.31075e-17)
(-0.354802 0.0544397 -2.00153e-17)
(-0.307769 0.170713 0)
(0.0569467 -0.0492416 0)
(0.0683536 -0.0925786 0)
(0.0695494 -0.146766 -1.31547e-17)
(0.0567943 -0.207551 0)
(0.0256174 -0.26822 1.49219e-20)
(-0.0258974 -0.318275 -7.29681e-18)
(-0.0968899 -0.343304 8.01937e-18)
(-0.183452 -0.330484 -3.67893e-17)
(-0.264936 -0.274449 -1.11788e-17)
(-0.323547 -0.162939 1.34809e-16)
(-0.34792 -0.0148463 -1.88674e-16)
(-0.263456 0.115587 2.97092e-16)
(0.038585 -0.116623 0)
(0.0401425 -0.163913 8.55078e-18)
(0.0314532 -0.222213 -1.70395e-17)
(0.00956508 -0.286809 4.29936e-18)
(-0.0290066 -0.35106 -4.44866e-17)
(-0.0841331 -0.403815 3.29357e-17)
(-0.153692 -0.430609 -3.96074e-17)
(-0.233627 -0.418304 1.11388e-17)
(-0.299768 -0.361993 -1.08145e-16)
(-0.335397 -0.246636 -1.28144e-16)
(-0.330923 -0.0863911 -3.06262e-17)
(-0.210162 0.0580223 -3.85379e-16)
(0.0211367 -0.176117 0)
(0.0135145 -0.226356 -4.48387e-17)
(-0.00427215 -0.288053 2.8968e-17)
(-0.0345512 -0.355996 0)
(-0.0801853 -0.424368 -6.91264e-18)
(-0.138357 -0.480241 -3.48642e-17)
(-0.207497 -0.511153 -5.78316e-17)
(-0.278551 -0.501844 -3.14794e-17)
(-0.328867 -0.4454 1.87448e-16)
(-0.338209 -0.328747 1.72596e-16)
(-0.298428 -0.167379 0)
(-0.156908 0.000598048 0)
(0.00799106 -0.235066 -1.9886e-17)
(-0.00708665 -0.285875 -3.70901e-20)
(-0.0317248 -0.349788 0)
(-0.0673745 -0.419707 1.5232e-17)
(-0.116969 -0.493522 -1.431e-17)
(-0.174424 -0.550228 -1.3588e-16)
(-0.238647 -0.59585 4.55662e-16)
(-0.303802 -0.574043 0)
(-0.320043 -0.507798 -2.35323e-16)
(-0.302819 -0.398472 -2.71648e-16)
(-0.253375 -0.239804 -4.3082e-16)
(-0.106378 -0.0540454 1.70238e-15)
(0.262598 0.544295 8.78316e-17)
(0.402276 0.513693 2.59075e-17)
(0.456058 0.535745 -2.02499e-17)
(0.497829 0.536417 0)
(0.54515 0.513487 -2.2653e-17)
(0.601651 0.472981 -1.32645e-17)
(0.665379 0.416706 1.0799e-17)
(0.73024 0.344645 6.4336e-18)
(0.789552 0.259693 0)
(0.836196 0.166351 1.0687e-18)
(0.869797 0.073598 3.242e-18)
(0.892494 -0.0212614 2.22577e-18)
(0.301549 0.168929 1.4298e-16)
(0.312983 0.349852 -7.31709e-18)
(0.346465 0.422126 2.63921e-17)
(0.389237 0.44578 0)
(0.43637 0.435553 0)
(0.489797 0.402287 2.25382e-17)
(0.547565 0.352264 1.32458e-17)
(0.604308 0.287827 -1.08873e-17)
(0.654844 0.212706 2.17255e-18)
(0.694239 0.131201 9.7896e-18)
(0.722713 0.0495102 -1.10007e-18)
(0.742406 -0.0349174 1.12461e-18)
(0.327561 -0.0161342 -1.47553e-16)
(0.249563 0.207256 0)
(0.261203 0.32076 0)
(0.295126 0.360991 0)
(0.338717 0.363025 0)
(0.387576 0.337598 2.32763e-17)
(0.439208 0.294317 -4.30794e-17)
(0.488436 0.23749 1.1178e-17)
(0.53114 0.171529 0)
(0.563705 0.100496 -8.86989e-18)
(0.586587 0.0288106 -3.91753e-18)
(0.601356 -0.0458 -1.70812e-18)
(0.336433 -0.135665 1.27912e-16)
(0.197706 0.0969052 4.45179e-17)
(0.190084 0.231966 -3.00624e-17)
(0.212024 0.283545 2.11609e-17)
(0.249925 0.295813 0)
(0.293787 0.278376 4.86299e-18)
(0.339651 0.242153 1.64535e-17)
(0.382243 0.192926 -1.38484e-17)
(0.418083 0.135621 2.28732e-18)
(0.444296 0.0741433 -1.13787e-18)
(0.461251 0.0118264 5.72622e-18)
(0.469926 -0.0531774 0)
(0.329325 -0.212686 -3.38523e-19)
(0.149504 0.0111109 -3.95021e-17)
(0.126373 0.153648 3.28183e-17)
(0.136611 0.213088 -5.07606e-17)
(0.168142 0.23347 2.12413e-17)
(0.207528 0.223927 1.4918e-20)
(0.248396 0.195019 -2.46608e-18)
(0.285398 0.153418 2.41178e-17)
(0.315344 0.104432 -2.37982e-18)
(0.335813 0.0519338 0)
(0.346884 -0.00136916 5.90299e-19)
(0.349053 -0.0568395 -2.98181e-18)
(0.306985 -0.259487 -1.18674e-16)
(0.100724 -0.0574808 0)
(0.0658022 0.0833351 0)
(0.0659847 0.148164 3.06661e-17)
(0.0922784 0.175323 -5.12805e-17)
(0.12807 0.17344 -2.72637e-17)
(0.165032 0.152139 2.63232e-18)
(0.197578 0.118263 -2.04268e-17)
(0.222645 0.0773975 2.51027e-18)
(0.238091 0.0335263 -1.23873e-18)
(0.243687 -0.0109559 1.85507e-18)
(0.239542 -0.0569587 -6.21274e-19)
(0.269459 -0.283384 -2.45782e-16)
(0.0494639 -0.113527 -1.16312e-16)
(0.00553952 0.0187735 1.65253e-17)
(-0.00174222 0.0870363 2.05246e-17)
(0.0212834 0.120318 5.01988e-17)
(0.0547678 0.126021 5.95247e-18)
(0.0891441 0.112705 -5.71537e-18)
(0.118436 0.086759 0)
(0.139692 0.0539504 0)
(0.150941 0.0184912 9.30426e-18)
(0.151709 -0.0173016 1.31957e-18)
(0.141866 -0.0539392 2.62845e-18)
(0.214797 -0.287223 2.65544e-16)
(-0.00395206 -0.158705 -1.24836e-19)
(-0.0562479 -0.0416786 -7.72559e-17)
(-0.0676334 0.0281496 -9.40549e-17)
(-0.0458508 0.0670567 -2.85451e-17)
(-0.0130009 0.0806344 6.72565e-18)
(0.020225 0.075828 -9.6392e-18)
(0.0475216 0.0581692 3.09461e-18)
(0.0660605 0.0334886 2.40219e-17)
(0.0740022 0.00633739 -2.49948e-17)
(0.0707491 -0.0208722 2.1765e-18)
(0.0560871 -0.0483019 -3.59792e-18)
(0.148491 -0.277004 -2.6929e-16)
(-0.0591661 -0.193055 1.36902e-16)
(-0.120525 -0.0987121 9.50609e-17)
(-0.132372 -0.0296332 -2.77395e-20)
(-0.110017 0.0142164 0)
(-0.0760528 0.0361126 3.23849e-17)
(-0.0425185 0.0404984 3.84389e-18)
(-0.0158914 0.0316622 -7.70733e-21)
(0.00103992 0.0153501 -6.03247e-17)
(0.00656491 -0.00347534 1.38124e-17)
(0.000172288 -0.0221894 0)
(-0.0182562 -0.0405921 3.3386e-18)
(0.0628744 -0.251748 7.87109e-16)
(-0.114695 -0.216872 0)
(-0.18693 -0.152099 1.61609e-17)
(-0.196936 -0.0869449 1.92235e-16)
(-0.172828 -0.0390435 1.06067e-16)
(-0.136384 -0.00865296 -2.49455e-20)
(-0.100992 0.00561131 -1.57633e-17)
(-0.0733879 0.00629089 4.48268e-17)
(-0.0567866 -0.00122909 3.8062e-17)
(-0.0527803 -0.011657 1.59338e-17)
(-0.0614293 -0.0219307 2.20699e-18)
(-0.0824254 -0.0315306 0)
(-0.0115671 -0.208439 -5.23832e-16)
(-0.174588 -0.228343 0)
(-0.252573 -0.201253 0)
(-0.263268 -0.14396 -1.71301e-16)
(-0.238363 -0.0938651 -1.66158e-16)
(-0.199388 -0.0552698 -8.03465e-17)
(-0.160434 -0.0302662 -7.57968e-17)
(-0.129132 -0.0189731 -1.34243e-16)
(-0.110947 -0.0171664 -8.51765e-18)
(-0.107247 -0.0191219 -3.5686e-17)
(-0.117329 -0.021457 3.74464e-18)
(-0.139757 -0.0228313 0)
(-0.0477972 -0.146458 -7.24083e-16)
(-0.209199 -0.231275 0)
(-0.311814 -0.240552 0)
(-0.322839 -0.20306 3.99946e-17)
(-0.303891 -0.155936 -4.11567e-17)
(-0.269166 -0.111167 4.11203e-17)
(-0.227584 -0.0726063 -4.45036e-17)
(-0.189346 -0.0467317 1.9786e-16)
(-0.168442 -0.0345733 0)
(-0.163965 -0.0281606 -1.07865e-16)
(-0.174367 -0.0231871 -7.99712e-17)
(-0.197821 -0.0172811 2.14651e-17)
(0.911884 -0.112545 -3.23372e-21)
(0.933885 -0.212544 -4.77166e-18)
(0.951381 -0.317893 0)
(0.962876 -0.425622 7.836e-18)
(0.963588 -0.528901 1.38524e-17)
(0.950099 -0.617114 5.90375e-18)
(0.919959 -0.678093 6.31105e-18)
(0.871842 -0.699511 -2.72092e-17)
(0.804553 -0.670274 0)
(0.716504 -0.582216 -2.74957e-17)
(0.58576 -0.405052 3.89244e-17)
(0.448792 -0.162326 7.88683e-17)
(0.757965 -0.119088 2.31241e-18)
(0.772172 -0.20998 0)
(0.779675 -0.303221 9.90687e-18)
(0.779245 -0.394629 0)
(0.767536 -0.476061 6.00781e-21)
(0.743011 -0.536216 2.37718e-17)
(0.704869 -0.562472 6.52038e-18)
(0.652879 -0.541725 -3.71034e-17)
(0.586082 -0.460372 0)
(0.507157 -0.305957 3.45782e-17)
(0.391752 -0.0319435 -5.61478e-17)
(0.367602 0.275049 0)
(0.610506 -0.121527 -1.16445e-18)
(0.615118 -0.201725 4.77759e-18)
(0.611176 -0.281248 -9.8631e-18)
(0.598061 -0.35495 1.29252e-17)
(0.574136 -0.413895 -5.50371e-18)
(0.540062 -0.446577 -1.48851e-17)
(0.497572 -0.440604 -3.95878e-17)
(0.449322 -0.38374 3.81458e-17)
(0.398104 -0.265196 0)
(0.354687 -0.0822188 -3.73651e-17)
(0.314319 0.154573 -2.12809e-17)
(0.336833 0.33774 0)
(0.471425 -0.119489 -5.89474e-19)
(0.465918 -0.188014 -5.41097e-18)
(0.450588 -0.253078 1.23902e-18)
(0.425559 -0.308933 -2.76525e-21)
(0.391127 -0.346447 -1.09651e-17)
(0.350362 -0.354633 0)
(0.308163 -0.322519 3.29866e-17)
(0.270917 -0.240995 -7.65927e-18)
(0.24565 -0.107135 0)
(0.247555 0.0662501 9.69661e-17)
(0.27665 0.242503 0)
(0.333056 0.359312 0)
(0.34259 -0.113172 -2.41506e-18)
(0.327301 -0.169621 0)
(0.301513 -0.220242 7.50408e-18)
(0.266158 -0.259093 -1.03765e-17)
(0.223477 -0.277428 1.90625e-20)
(0.178901 -0.265501 2.6634e-17)
(0.140473 -0.214747 -6.55228e-18)
(0.11774 -0.120313 -2.26968e-17)
(0.119982 0.0122758 9.13962e-18)
(0.16082 0.161697 -4.68317e-17)
(0.23166 0.295921 -3.63681e-17)
(0.302754 0.37071 2.58236e-17)
(0.225477 -0.10309 2.49811e-18)
(0.201297 -0.147534 0)
(0.166357 -0.184294 -1.02376e-17)
(0.122488 -0.20762 2.63521e-18)
(0.0736263 -0.209601 -2.78805e-18)
(0.0272528 -0.182264 -2.98062e-17)
(-0.00600346 -0.119831 2.63949e-17)
(-0.0146416 -0.0213669 3.77973e-17)
(0.0106694 0.101606 0)
(0.0807627 0.226562 1.16823e-17)
(0.17914 0.330585 -1.77453e-17)
(0.267924 0.362266 0)
(0.121024 -0.0899138 6.56979e-19)
(0.0891462 -0.122754 -5.94841e-18)
(0.0464661 -0.146589 0)
(-0.00426807 -0.15616 0)
(-0.0577964 -0.144663 0)
(-0.105078 -0.106163 -6.09642e-18)
(-0.133653 -0.0375032 -2.01732e-17)
(-0.131138 0.0594937 -3.07762e-17)
(-0.0893728 0.169653 9.24296e-18)
(0.00109098 0.271902 3.49827e-20)
(0.1195 0.349447 -1.65934e-16)
(0.221281 0.341809 -2.23912e-16)
(0.0295658 -0.0743432 2.86617e-18)
(-0.0086949 -0.096157 7.14952e-18)
(-0.0577502 -0.108148 -1.44305e-18)
(-0.11402 -0.105758 2.93051e-18)
(-0.17129 -0.0833783 1.83238e-17)
(-0.219599 -0.0371093 2.27527e-17)
(-0.245241 0.0339688 -2.8423e-17)
(-0.235535 0.126492 7.32687e-17)
(-0.183811 0.222673 0)
(-0.0800109 0.303212 0)
(0.0544366 0.354842 1.42155e-16)
(0.170729 0.307814 3.07471e-17)
(-0.0492259 -0.0569837 -3.30629e-18)
(-0.0925763 -0.068377 -1.63794e-18)
(-0.146771 -0.0695716 1.64853e-18)
(-0.207562 -0.0568144 0)
(-0.268239 -0.0256355 -5.5329e-17)
(-0.318302 0.0258829 -3.65663e-17)
(-0.343338 0.096881 3.20001e-17)
(-0.330521 0.183452 -3.67549e-17)
(-0.274487 0.264949 1.12616e-17)
(-0.162968 0.323575 1.50073e-17)
(-0.0148564 0.347963 -2.3538e-17)
(0.115596 0.263495 2.96598e-16)
(-0.116602 -0.0386123 -4.31235e-18)
(-0.163909 -0.0401626 0)
(-0.222216 -0.0314686 -1.70365e-17)
(-0.286819 -0.00958024 4.29855e-18)
(-0.35108 0.028995 2.6682e-17)
(-0.403845 0.084125 -4.64599e-18)
(-0.430647 0.153691 -1.98276e-17)
(-0.418349 0.233635 7.7822e-17)
(-0.362039 0.29979 -9.46781e-17)
(-0.246674 0.335431 6.88982e-20)
(-0.0864087 0.330965 -3.06177e-17)
(0.0580244 0.210193 0)
(-0.176089 -0.0211571 5.63311e-18)
(-0.226351 -0.0135289 -2.43001e-17)
(-0.288056 0.00426407 5.43327e-17)
(-0.356006 0.0345432 0)
(-0.424389 0.0801809 -6.91152e-18)
(-0.480274 0.138357 7.00099e-18)
(-0.511197 0.207505 4.31852e-17)
(-0.501895 0.278568 -2.35862e-16)
(-0.445453 0.328897 1.49778e-16)
(-0.328793 0.338249 0)
(-0.167404 0.29847 0)
(0.000595703 0.156932 0)
(-0.235027 -0.00800514 3.97676e-17)
(-0.285872 0.00707744 7.2774e-17)
(-0.349794 0.0317242 -1.32857e-16)
(-0.419718 0.0673744 1.52304e-17)
(-0.493543 0.116973 -2.85194e-17)
(-0.550264 0.174432 -6.80172e-17)
(-0.595898 0.238664 -5.36346e-17)
(-0.574103 0.303831 3.77549e-17)
(-0.507859 0.32008 -2.05947e-16)
(-0.398525 0.302859 -3.39289e-17)
(-0.23984 0.253412 0)
(-0.0540553 0.106398 -1.70206e-15)
(0.544343 -0.262592 8.78203e-17)
(0.513735 -0.402293 2.61157e-17)
(0.535784 -0.45608 -2.01736e-17)
(0.536456 -0.49785 -2.36162e-17)
(0.513523 -0.545169 2.26499e-17)
(0.473011 -0.601668 2.20404e-17)
(0.416729 -0.665393 -2.16641e-18)
(0.344662 -0.730252 -4.28193e-18)
(0.259705 -0.789561 2.13696e-18)
(0.166361 -0.836203 0)
(0.073608 -0.869803 0)
(-0.0212524 -0.892502 -2.87088e-21)
(0.168956 -0.301553 0)
(0.34989 -0.313001 6.54683e-20)
(0.422163 -0.346485 0)
(0.445818 -0.389255 1.93021e-17)
(0.435589 -0.436386 -4.64836e-18)
(0.402318 -0.489811 9.0215e-18)
(0.352289 -0.547577 -2.42704e-17)
(0.287845 -0.604318 2.18097e-18)
(0.212719 -0.654853 0)
(0.131212 -0.694248 -8.70236e-18)
(0.0495201 -0.722723 0)
(-0.0349084 -0.742419 2.24694e-18)
(-0.0161154 -0.327569 0)
(0.207288 -0.24958 -4.04855e-17)
(0.320795 -0.26122 5.59131e-18)
(0.361028 -0.29514 0)
(0.363062 -0.33873 1.92765e-17)
(0.33763 -0.387588 4.64974e-18)
(0.294343 -0.439219 1.58493e-17)
(0.237509 -0.488446 -1.34069e-17)
(0.171543 -0.531151 2.22029e-18)
(0.100507 -0.563718 1.77468e-17)
(0.0288206 -0.586601 4.47514e-18)
(-0.0457919 -0.601374 -1.13774e-18)
(-0.135653 -0.336444 -1.27905e-16)
(0.0969321 -0.197722 0)
(0.231998 -0.190098 0)
(0.28358 -0.212036 2.6439e-17)
(0.295849 -0.249936 -2.51873e-17)
(0.278409 -0.293798 4.84158e-18)
(0.242179 -0.339663 -4.70648e-18)
(0.192946 -0.382256 9.22856e-18)
(0.135636 -0.418098 9.14092e-18)
(0.0741545 -0.444313 6.59159e-21)
(0.0118356 -0.461271 -4.5784e-18)
(-0.0531702 -0.469951 1.16064e-18)
(-0.212682 -0.329338 1.19829e-16)
(0.0111331 -0.149519 0)
(0.153676 -0.126384 6.5594e-18)
(0.213122 -0.136621 -5.0743e-17)
(0.233505 -0.168152 0)
(0.22396 -0.20754 -2.55115e-17)
(0.195046 -0.24841 2.71463e-17)
(0.153439 -0.285414 -2.1703e-17)
(0.104447 -0.315363 -7.13031e-18)
(0.0519445 -0.335837 -2.12585e-17)
(-0.00136079 -0.346911 0)
(-0.0568338 -0.349085 -2.38398e-18)
(-0.259488 -0.306999 2.95466e-17)
(-0.0574626 -0.100738 -5.56954e-17)
(0.0833606 -0.0658117 0)
(0.148196 -0.0659943 -1.40522e-20)
(0.175358 -0.0922894 0)
(0.173473 -0.128083 5.43839e-18)
(0.152167 -0.165049 -2.62587e-17)
(0.118284 -0.197599 1.78748e-17)
(0.0774122 -0.22267 1.25383e-17)
(0.0335366 -0.238121 9.92079e-18)
(-0.0109489 -0.243721 -4.94404e-18)
(-0.0569547 -0.239582 1.23948e-18)
(-0.28339 -0.269474 0)
(-0.113512 -0.0494764 1.55018e-16)
(0.0187963 -0.00554848 7.43604e-17)
(0.0870658 0.00173229 2.0503e-17)
(0.120351 -0.0212961 0)
(0.126054 -0.0547845 2.9762e-17)
(0.112733 -0.0891656 -2.8611e-18)
(0.0867805 -0.118463 -5.54446e-21)
(0.0539651 -0.139724 -1.34936e-17)
(0.018501 -0.150978 0)
(-0.0172957 -0.15175 -5.21743e-22)
(-0.053937 -0.141912 3.90881e-26)
(-0.287232 -0.214813 -2.65615e-16)
(-0.158693 0.00394183 -2.63741e-16)
(-0.0416581 0.0562386 -6.75344e-17)
(0.0281769 0.0676224 -6.26893e-17)
(0.0670881 0.0458354 0)
(0.0806668 0.0129805 6.72331e-18)
(0.075856 -0.0202515 -9.63607e-18)
(0.0581906 -0.0475546 6.39238e-21)
(0.0335033 -0.0660995 3.00536e-18)
(0.00634707 -0.074046 0)
(-0.0208678 -0.0707966 5.80015e-18)
(-0.0483015 -0.0561394 2.87696e-18)
(-0.277015 -0.148504 -2.4872e-19)
(-0.193048 0.0591591 1.56451e-16)
(-0.098694 0.120514 0)
(-0.0296087 0.132359 9.41059e-18)
(0.014246 0.109999 -7.79412e-21)
(0.0361438 0.0760282 -3.23838e-17)
(0.0405261 0.0424867 2.69132e-17)
(0.0316833 0.0158519 -3.31051e-17)
(0.015365 -0.00108582 0)
(-0.00346605 -0.00661572 -1.38099e-17)
(-0.0221859 -0.000225815 0)
(-0.0405938 0.0181991 -6.67684e-18)
(-0.251758 -0.0628839 3.93311e-16)
(-0.216871 0.114693 -2.56584e-17)
(-0.152083 0.186919 1.61706e-16)
(-0.0869239 0.196922 8.96613e-17)
(-0.0390164 0.172807 -8.24778e-17)
(-0.00862391 0.136356 4.44145e-17)
(0.00563825 0.100954 -1.05212e-17)
(0.00631129 0.0733419 3.48636e-17)
(-0.00121378 0.0567338 4.76191e-18)
(-0.0116478 0.0527228 3.41323e-17)
(-0.0219282 0.0613708 -6.60886e-18)
(-0.0315333 0.0823647 4.34537e-18)
(-0.208446 0.0115657 0)
(-0.228348 0.174587 0)
(-0.201241 0.252565 -1.99636e-16)
(-0.143944 0.263256 0)
(-0.0938426 0.238342 1.86866e-16)
(-0.055244 0.199356 -2.00751e-16)
(-0.0302407 0.160391 -4.73751e-17)
(-0.0189531 0.129079 6.26098e-17)
(-0.0171503 0.110887 0)
(-0.0191124 0.107184 2.3686e-21)
(-0.0214547 0.117267 4.48741e-17)
(-0.0228323 0.139695 0)
(-0.146453 0.0477925 -6.33674e-16)
(-0.231285 0.209212 -5.76107e-16)
(-0.240548 0.311816 5.95878e-17)
(-0.203052 0.322836 0)
(-0.155921 0.303877 -4.1089e-17)
(-0.111145 0.269138 4.11494e-16)
(-0.0725781 0.227535 -4.45297e-17)
(-0.0467101 0.189287 -2.22553e-16)
(-0.034555 0.168376 2.4648e-17)
(-0.0281494 0.163897 -9.58873e-17)
(-0.0231837 0.174304 -1.82808e-16)
(-0.0172788 0.197762 2.14652e-17)
(-0.112538 -0.911896 1.14753e-18)
(-0.212541 -0.933903 -1.19248e-18)
(-0.317898 -0.951406 1.24771e-18)
(-0.425638 -0.96291 1.04704e-17)
(-0.528932 -0.963633 1.10772e-17)
(-0.617165 -0.950159 -1.17935e-17)
(-0.678167 -0.920031 -6.2863e-18)
(-0.699605 -0.871926 -2.03946e-17)
(-0.670382 -0.80464 6.10294e-17)
(-0.582326 -0.716585 0)
(-0.405139 -0.585822 5.22043e-17)
(-0.162369 -0.448842 0)
(-0.119081 -0.757983 1.15501e-18)
(-0.209979 -0.772196 0)
(-0.303231 -0.779707 0)
(-0.394652 -0.779285 1.1437e-20)
(-0.476102 -0.767583 -1.10434e-17)
(-0.536276 -0.743067 -2.96991e-17)
(-0.562551 -0.704932 -1.95654e-17)
(-0.541815 -0.652945 0)
(-0.460461 -0.586145 -3.52164e-17)
(-0.306028 -0.507207 1.15106e-17)
(-0.0319654 -0.391776 3.72044e-17)
(0.275078 -0.367631 1.82945e-16)
(-0.121523 -0.61053 -1.1656e-18)
(-0.201727 -0.615149 1.19132e-18)
(-0.281262 -0.611213 8.6325e-18)
(-0.354979 -0.598104 -1.81094e-17)
(-0.413941 -0.574182 -1.64975e-17)
(-0.44664 -0.540112 -2.92198e-18)
(-0.440679 -0.497621 3.963e-17)
(-0.383818 -0.449369 2.2801e-17)
(-0.26526 -0.398144 -3.7217e-17)
(-0.0822544 -0.354716 0)
(0.154578 -0.314334 -8.53778e-17)
(0.337766 -0.336854 -4.7612e-20)
(-0.119486 -0.471457 2.36205e-18)
(-0.188019 -0.465955 0)
(-0.253095 -0.450631 -9.88668e-18)
(-0.308965 -0.425603 2.57717e-18)
(-0.346496 -0.391171 1.09465e-17)
(-0.354695 -0.350404 5.03468e-17)
(-0.322588 -0.308199 -3.29862e-17)
(-0.241059 -0.270947 -3.82071e-17)
(-0.107179 -0.245673 8.38106e-17)
(0.0662358 -0.247572 -4.84608e-17)
(0.242516 -0.276666 0)
(0.359337 -0.333076 -1.05413e-16)
(-0.11317 -0.342629 -2.41445e-18)
(-0.169627 -0.327345 0)
(-0.220261 -0.30156 0)
(-0.259127 -0.266204 7.80319e-18)
(-0.277476 -0.223519 2.74364e-17)
(-0.265559 -0.178936 -2.66563e-17)
(-0.214807 -0.140497 2.62996e-17)
(-0.120364 -0.117757 -3.0293e-17)
(0.0122484 -0.119994 -7.31179e-17)
(0.161694 -0.16083 -6.90705e-22)
(0.295936 -0.231676 7.27689e-17)
(0.370732 -0.302772 0)
(-0.10309 -0.225523 1.2489e-18)
(-0.147541 -0.201347 -5.03879e-18)
(-0.184314 -0.166408 0)
(-0.207652 -0.122536 0)
(-0.209648 -0.0736666 -2.50023e-17)
(-0.182317 -0.0272829 -2.08549e-17)
(-0.119882 0.00598655 0)
(-0.021406 0.0146337 3.02229e-17)
(0.101589 -0.0106744 2.7167e-17)
(0.226564 -0.0807686 5.82819e-17)
(0.3306 -0.179154 -1.42251e-16)
(0.362287 -0.267941 2.10596e-16)
(-0.0899164 -0.121078 -3.93151e-26)
(-0.122762 -0.0892027 6.60379e-18)
(-0.146609 -0.0465227 -1.33911e-18)
(-0.15619 0.00421674 -2.73432e-18)
(-0.144705 0.0577563 5.72942e-18)
(-0.106209 0.10505 2.14045e-17)
(-0.0375456 0.133641 0)
(0.0594635 0.131135 0)
(0.169643 0.0893721 3.6961e-17)
(0.271907 -0.00109329 0)
(0.349462 -0.119511 5.5188e-17)
(0.341828 -0.221295 -1.95603e-16)
(-0.0743479 -0.0296257 2.8658e-18)
(-0.0961661 0.0086324 5.72251e-18)
(-0.108168 0.0576887 1.1514e-17)
(-0.105785 0.113965 0)
(-0.0834168 0.171249 3.04204e-18)
(-0.037149 0.219572 -9.72453e-18)
(0.0339342 0.245231 1.42351e-17)
(0.126469 0.235536 -4.88549e-17)
(0.222669 0.183812 -2.95433e-17)
(0.303219 0.0800119 0)
(0.354857 -0.0544452 1.62803e-16)
(0.30783 -0.17074 2.50146e-16)
(-0.0569892 0.0491602 -6.61263e-18)
(-0.0683875 0.0925083 -6.56789e-18)
(-0.0695894 0.146704 -1.31512e-17)
(-0.0568402 0.207503 3.3325e-18)
(-0.0256685 0.268196 -2.44974e-20)
(0.0258493 0.318273 -3.6727e-18)
(0.0968532 0.343329 0)
(0.183435 0.330522 -3.38291e-20)
(0.264948 0.274491 -1.12666e-17)
(0.323585 0.162972 1.3477e-16)
(0.347975 0.0148511 -1.88618e-16)
(0.263509 -0.115604 -2.96584e-16)
(-0.0386168 0.116532 4.30942e-18)
(-0.0401748 0.163836 -8.54849e-18)
(-0.0314839 0.222145 1.70352e-17)
(-0.00960549 0.286758 0)
(0.0289681 0.351035 0)
(0.0840973 0.403814 -2.82173e-17)
(0.153669 0.430637 2.97127e-17)
(0.233624 0.41835 1.33384e-16)
(0.29979 0.362046 1.08213e-16)
(0.335443 0.24668 1.85007e-17)
(0.330976 0.0864079 -3.06173e-17)
(0.210205 -0.0580303 0)
(-0.0211594 0.176017 0)
(-0.0135401 0.226275 1.49324e-17)
(0.00425013 0.287982 -2.8963e-17)
(0.0345196 0.355941 7.01325e-18)
(0.0801583 0.424342 -6.95977e-18)
(0.138334 0.480242 5.57632e-17)
(0.207488 0.511186 -5.75503e-17)
(0.278562 0.501897 -1.25734e-16)
(0.3289 0.445462 -1.49774e-16)
(0.338261 0.328804 -1.97007e-16)
(0.298479 0.167408 3.5634e-16)
(0.15694 -0.000596783 -7.77175e-17)
(-0.00800274 0.234956 3.9769e-17)
(0.00706966 0.285797 -7.28141e-17)
(0.0317142 0.349721 0)
(0.0673543 0.419653 -1.22245e-16)
(0.116956 0.493498 -1.14096e-16)
(0.174417 0.550233 0)
(0.238652 0.595887 2.67381e-17)
(0.303832 0.574112 -7.5721e-17)
(0.320087 0.507874 -3.53231e-21)
(0.302869 0.398537 3.39283e-17)
(0.253419 0.239848 -8.61309e-16)
(0.106402 0.0540585 0)
(-0.262666 -0.544431 -8.78151e-17)
(-0.402424 -0.513793 -3.26076e-17)
(-0.456236 -0.535831 2.53124e-17)
(-0.49802 -0.53649 0)
(-0.545345 -0.51354 1.81127e-17)
(-0.601842 -0.47301 4.41157e-18)
(-0.665559 -0.416712 -1.29622e-17)
(-0.730401 -0.344631 -6.43534e-18)
(-0.789689 -0.259664 -1.06615e-17)
(-0.836307 -0.166316 0)
(-0.869881 -0.0735644 4.32625e-18)
(-0.892554 0.0212916 -1.11267e-18)
(-0.301647 -0.168976 0)
(-0.31312 -0.349917 3.66182e-17)
(-0.346619 -0.422189 -2.63831e-17)
(-0.389398 -0.445835 0)
(-0.43653 -0.435593 1.39672e-17)
(-0.48995 -0.402308 4.51267e-18)
(-0.547705 -0.352267 -1.76541e-17)
(-0.604429 -0.287814 -1.75037e-20)
(-0.654942 -0.212683 0)
(-0.694312 -0.131174 0)
(-0.722762 -0.0494861 0)
(-0.742431 0.0349357 -1.12439e-18)
(-0.327674 0.0161419 0)
(-0.249685 -0.207284 2.43008e-17)
(-0.26133 -0.320801 2.79026e-17)
(-0.295253 -0.361028 0)
(-0.338841 -0.363053 -1.44346e-17)
(-0.38769 -0.337611 9.31582e-18)
(-0.439308 -0.294315 2.49213e-17)
(-0.488517 -0.237477 -4.47909e-18)
(-0.5312 -0.171509 -6.65671e-18)
(-0.563743 -0.100475 0)
(-0.586603 -0.0287946 -4.47494e-18)
(-0.601352 0.045808 1.13769e-18)
(-0.336555 0.135712 0)
(-0.197809 -0.096903 -3.56538e-17)
(-0.190183 -0.231984 -4.80502e-17)
(-0.212118 -0.283564 0)
(-0.250012 -0.295827 -5.03773e-18)
(-0.293863 -0.27838 -1.4519e-17)
(-0.339712 -0.242147 1.88233e-17)
(-0.382287 -0.192912 9.22851e-18)
(-0.418107 -0.135603 -7.4422e-21)
(-0.444301 -0.0741266 1.13761e-18)
(-0.461237 -0.0118166 4.00315e-18)
(-0.469896 0.0531772 -5.81076e-19)
(-0.329446 0.212761 2.97847e-17)
(-0.149587 -0.0110828 -1.97634e-17)
(-0.126443 -0.153645 2.62577e-17)
(-0.136671 -0.213091 5.6418e-18)
(-0.168191 -0.23347 2.65387e-17)
(-0.207566 -0.223922 -5.10357e-18)
(-0.248421 -0.195007 -3.70091e-17)
(-0.285406 -0.153403 -4.43732e-21)
(-0.315335 -0.104415 9.49872e-18)
(-0.335788 -0.0519198 -1.18135e-17)
(-0.346845 0.00137456 0)
(-0.349001 0.0568336 2.38432e-18)
(-0.307098 0.25958 0)
(-0.100784 0.05753 -1.11283e-17)
(-0.0658429 -0.0833128 7.2876e-18)
(-0.0660111 -0.148151 0)
(-0.0922916 -0.17531 -1.70826e-17)
(-0.128072 -0.173424 -2.18218e-17)
(-0.165022 -0.152122 1.57482e-17)
(-0.197553 -0.118245 -2.55109e-18)
(-0.222606 -0.0773799 2.50965e-18)
(-0.238039 -0.0335138 9.92076e-18)
(-0.243624 0.0109588 0)
(-0.23947 0.0569494 -2.47893e-18)
(-0.269559 0.283486 2.45699e-16)
(-0.0494998 0.113593 9.04464e-17)
(-0.00555098 -0.0187334 5.90693e-21)
(0.00174875 -0.0870071 6.84192e-18)
(-0.021263 -0.120292 2.50964e-17)
(-0.0547371 -0.125996 2.97628e-17)
(-0.0891027 -0.112682 -5.71365e-18)
(-0.118383 -0.0867374 0)
(-0.139626 -0.0539317 0)
(-0.150865 -0.0184789 0)
(-0.151625 0.0173034 4.61202e-18)
(-0.141777 0.0539285 6.5812e-19)
(-0.214877 0.287326 -2.32342e-16)
(0.00394073 0.158782 -1.39604e-16)
(0.0562656 0.0417344 0)
(0.0676713 -0.0281056 0)
(0.0459027 -0.0670187 -4.99476e-17)
(0.0130623 -0.0805989 2.69059e-17)
(-0.0201548 -0.0757975 -2.89132e-17)
(-0.0474413 -0.0581437 -3.0909e-17)
(-0.0659708 -0.033468 3.00542e-18)
(-0.0739045 -0.00632436 -1.46794e-18)
(-0.0706465 0.0208744 -4.34794e-18)
(-0.0559839 0.0482915 -2.87697e-18)
(-0.148545 0.277104 0)
(0.059179 0.19314 -1.95565e-17)
(0.120571 0.0987818 1.189e-17)
(0.132439 0.0296906 9.43866e-18)
(0.110098 -0.0141663 3.43818e-17)
(0.076142 -0.0360671 -3.23844e-17)
(0.0426146 -0.0404606 2.30717e-17)
(0.0159956 -0.0316323 5.88491e-17)
(-0.000928947 -0.0153269 0)
(-0.00644858 0.00349013 1.72372e-18)
(-5.36973e-05 0.0221932 -1.69538e-18)
(0.0183721 0.0405836 3.33809e-18)
(-0.0628965 0.251838 0)
(0.114731 0.216961 -2.56571e-17)
(0.187003 0.15218 3.03965e-20)
(0.197031 0.0870142 1.15328e-16)
(0.172935 0.0391051 -1.06031e-16)
(0.136499 0.00870792 6.66286e-17)
(0.101111 -0.0055658 -5.26418e-18)
(0.0735137 -0.00625603 -4.97963e-17)
(0.0569164 0.00125537 4.76201e-18)
(0.0529131 0.0116745 1.82025e-17)
(0.0615621 0.021937 0)
(0.0825526 0.0315251 4.3469e-18)
(0.0115675 0.20851 0)
(0.174649 0.228431 0)
(0.252671 0.201343 0)
(0.263388 0.14404 -1.71237e-16)
(0.238493 0.093937 3.52909e-16)
(0.199525 0.0553337 -1.00411e-16)
(0.160577 0.0303197 9.46499e-18)
(0.129278 0.0190137 -8.95459e-18)
(0.111094 0.0171967 0)
(0.107395 0.0191425 -6.73995e-17)
(0.117475 0.0214663 3.55262e-17)
(0.139895 0.0228292 -9.29334e-18)
(0.0478131 0.146507 7.23858e-16)
(0.209272 0.23136 0)
(0.311934 0.24065 -5.94081e-17)
(0.322978 0.203153 3.60185e-16)
(0.304038 0.156018 -2.87739e-16)
(0.26932 0.111243 -8.22629e-17)
(0.227753 0.0726769 2.44599e-16)
(0.189512 0.0467828 -4.94345e-17)
(0.168603 0.0346104 2.46389e-17)
(0.164124 0.0281867 1.91712e-16)
(0.174522 0.0232012 -9.13701e-17)
(0.197966 0.0172835 -4.29187e-17)
(-0.911917 0.112569 -1.14747e-18)
(-0.933891 0.212555 -1.19244e-18)
(-0.95136 0.317889 1.24769e-18)
(-0.962828 0.425597 0)
(-0.963517 0.528845 -1.38381e-17)
(-0.950011 0.617024 -8.83461e-18)
(-0.919861 0.67797 3.14658e-17)
(-0.871744 0.699364 2.03962e-17)
(-0.804467 0.670119 0)
(-0.716438 0.582071 -1.53844e-19)
(-0.585717 0.404941 -5.22134e-17)
(-0.448768 0.162257 -7.88767e-17)
(-0.757966 0.119096 -2.31202e-18)
(-0.772149 0.209974 -1.18944e-18)
(-0.779628 0.303197 -8.6657e-18)
(-0.779177 0.394584 2.59327e-18)
(-0.76745 0.475988 8.27371e-18)
(-0.742915 0.536112 -2.96986e-17)
(-0.704772 0.562343 -1.95949e-17)
(-0.652787 0.541583 0)
(-0.586006 0.460237 0)
(-0.507103 0.305848 -3.45794e-17)
(-0.391726 0.0318903 -1.86182e-17)
(-0.36758 -0.27505 -1.46364e-16)
(-0.610481 0.121524 5.82812e-19)
(-0.615073 0.201705 5.37496e-18)
(-0.611113 0.28121 9.86217e-18)
(-0.597983 0.354891 0)
(-0.574047 0.413811 -8.25598e-18)
(-0.539971 0.446469 3.86555e-17)
(-0.497484 0.440479 -1.97589e-17)
(-0.449245 0.383614 0)
(-0.398045 0.265089 0)
(-0.354647 0.0821479 0)
(-0.314297 -0.154596 0)
(-0.336811 -0.33773 1.24161e-16)
(-0.471379 0.119476 0)
(-0.465858 0.187984 -3.61179e-18)
(-0.450516 0.25303 -1.2389e-18)
(-0.425477 0.308867 2.57442e-18)
(-0.391041 0.34636 5.4847e-18)
(-0.350281 0.354528 -2.66533e-17)
(-0.308092 0.322407 6.6594e-18)
(-0.270859 0.240891 0)
(-0.245607 0.107056 -3.72144e-17)
(-0.247524 -0.0662945 3.6324e-17)
(-0.276624 -0.242513 -5.87556e-17)
(-0.333026 -0.359297 -1.05455e-16)
(-0.342528 0.113152 1.81229e-18)
(-0.32723 0.169584 6.13141e-19)
(-0.301435 0.220188 0)
(-0.266078 0.259024 -2.58887e-18)
(-0.223401 0.277343 -1.64601e-17)
(-0.178834 0.265404 -2.96986e-18)
(-0.140419 0.21465 2.86924e-20)
(-0.1177 0.12023 -3.02924e-17)
(-0.119954 -0.0123331 2.74282e-17)
(-0.160796 -0.161724 -3.51436e-17)
(-0.231635 -0.295922 7.27301e-17)
(-0.302723 -0.370687 -1.01175e-19)
(-0.2254 0.103066 -3.12086e-18)
(-0.201218 0.147493 1.88768e-18)
(-0.166278 0.184238 -1.28275e-18)
(-0.122412 0.207552 2.63509e-18)
(-0.0735596 0.209522 2.22147e-17)
(-0.0272 0.182179 2.94961e-18)
(0.00604035 0.11975 1.97556e-17)
(0.0146654 0.0213027 5.28936e-17)
(-0.0106535 -0.101645 9.06693e-18)
(-0.0807465 -0.226576 0)
(-0.179117 -0.330577 0)
(-0.267892 -0.362239 1.05157e-16)
(-0.120935 0.089889 -1.96572e-26)
(-0.0890608 0.122713 -3.9676e-18)
(-0.0463872 0.146534 -1.20236e-17)
(0.00433788 0.156096 0)
(0.0578529 0.144592 0)
(0.105117 0.10609 -6.09635e-18)
(0.133675 0.037438 6.75415e-18)
(0.131148 -0.0595411 -6.15432e-17)
(0.089377 -0.169677 -4.62045e-17)
(-0.00108374 -0.271905 2.4126e-17)
(-0.119484 -0.349432 1.29159e-16)
(-0.221251 -0.341778 2.23938e-16)
(-0.0294664 0.0743194 2.15098e-18)
(0.008786 0.0961187 7.86558e-18)
(0.0578295 0.108098 2.15844e-17)
(0.114084 0.1057 -2.35279e-17)
(0.171338 0.0833172 -2.13876e-17)
(0.219627 0.0370501 -9.72493e-18)
(0.245251 -0.0340189 7.13792e-18)
(0.235533 -0.126525 3.25454e-17)
(0.183804 -0.222685 1.18303e-16)
(0.0800079 -0.303206 1.04653e-16)
(-0.0544284 -0.354821 2.76402e-19)
(-0.170703 -0.307781 4.3461e-19)
(0.0493345 0.0569628 -3.30587e-18)
(0.0926729 0.068343 -6.57003e-18)
(0.146851 0.0695272 -1.31515e-17)
(0.207623 0.0567652 5.01808e-17)
(0.26828 0.0255853 2.76816e-17)
(0.318321 -0.0259291 3.67291e-18)
(0.343337 -0.0969168 -3.19803e-17)
(0.330508 -0.183472 0)
(0.274469 -0.26495 9.06421e-20)
(0.162954 -0.32356 -2.39504e-16)
(0.0148552 -0.347937 -2.12273e-16)
(-0.115577 -0.263462 3.7488e-17)
(0.116719 0.0385955 0)
(0.164011 0.0401342 1.06728e-17)
(0.222299 0.0314316 -1.91695e-17)
(0.286879 0.00953998 -3.44936e-17)
(0.351117 -0.0290339 -3.11882e-17)
(0.403858 -0.0841586 -1.4067e-17)
(0.430639 -0.153714 9.19739e-21)
(0.418326 -0.233642 -7.78264e-17)
(0.362011 -0.299779 -2.2989e-16)
(0.246649 -0.335409 1.64789e-16)
(0.0863975 -0.330936 0)
(-0.0580138 -0.210163 -7.71181e-16)
(0.176215 0.0211442 0)
(0.22646 0.0135059 -2.61699e-17)
(0.288143 -0.00429431 2.53306e-17)
(0.356066 -0.034575 -7.01326e-18)
(0.424424 -0.0802095 1.17953e-16)
(0.480281 -0.138379 5.58611e-17)
(0.511182 -0.207515 5.75548e-17)
(0.501863 -0.278563 1.25747e-16)
(0.445415 -0.328876 1.49791e-16)
(0.328759 -0.338219 0)
(0.167382 -0.298439 0)
(-0.000595803 -0.156907 6.22878e-16)
(0.23516 0.00799736 -1.98796e-17)
(0.285988 -0.00709372 1.54641e-16)
(0.349886 -0.0317462 5.81197e-17)
(0.419779 -0.0673968 1.22237e-16)
(0.493576 -0.116991 -1.1399e-16)
(0.550266 -0.174442 -2.6998e-17)
(0.595877 -0.238664 2.68979e-17)
(0.574059 -0.303814 -3.77977e-17)
(0.507812 -0.320054 2.9456e-17)
(0.398483 -0.30283 0)
(0.239807 -0.253384 0)
(0.0540402 -0.106376 1.70255e-15)
(-0.544305 0.262621 0)
(-0.51372 0.402305 -3.24028e-17)
(-0.535785 0.456105 5.07026e-18)
(-0.536462 0.497893 0)
(-0.51353 0.545231 0)
(-0.473016 0.601748 4.41297e-18)
(-0.41673 0.665489 6.47066e-18)
(-0.344656 0.73036 -2.14316e-18)
(-0.259695 0.789676 8.52676e-18)
(-0.16635 0.836318 0)
(-0.0736098 0.86991 4.32696e-18)
(0.0212226 0.892595 1.11566e-18)
(-0.168932 0.301582 0)
(-0.349871 0.313018 0)
(-0.422156 0.346512 -2.11408e-17)
(-0.445814 0.389297 0)
(-0.435585 0.436442 -4.64982e-18)
(-0.402312 0.489881 9.02428e-18)
(-0.352279 0.547659 -2.20733e-17)
(-0.287831 0.604408 -2.17798e-18)
(-0.212704 0.654946 2.17257e-18)
(-0.1312 0.694338 8.70394e-18)
(-0.0495248 0.722803 0)
(0.0348709 0.742489 -1.12252e-18)
(0.0161386 0.327597 0)
(-0.207266 0.249599 -8.0793e-18)
(-0.320781 0.261247 3.34531e-17)
(-0.361015 0.295178 -5.00918e-18)
(-0.363047 0.338778 0)
(-0.337612 0.387645 -1.39746e-17)
(-0.294322 0.439283 3.174e-17)
(-0.237487 0.488514 0)
(-0.171521 0.531218 0)
(-0.100492 0.563779 -7.76196e-18)
(-0.0288267 0.586653 3.35567e-18)
(0.0457489 0.601422 1.13905e-18)
(0.135677 0.336473 0)
(-0.0969076 0.19774 0)
(-0.231978 0.190122 -2.40434e-17)
(-0.283558 0.212066 5.28695e-18)
(-0.295825 0.249972 -5.04266e-18)
(-0.278381 0.293838 4.36074e-17)
(-0.24215 0.339706 -4.68969e-18)
(-0.192916 0.382298 1.15465e-17)
(-0.135609 0.418136 -1.14306e-17)
(-0.0741374 0.444345 9.11857e-18)
(-0.0118416 0.461293 -4.57898e-18)
(0.0531247 0.469974 -1.15998e-18)
(0.212705 0.329366 0)
(-0.0111063 0.149535 3.94697e-17)
(-0.153652 0.126404 2.62568e-17)
(-0.213093 0.136642 0)
(-0.233473 0.168174 -1.59352e-17)
(-0.223924 0.207562 -3.0612e-17)
(-0.195009 0.248431 -3.20834e-17)
(-0.153403 0.28543 7.2404e-18)
(-0.104415 0.315373 9.50671e-18)
(-0.0519249 0.33584 -9.44677e-18)
(0.00135552 0.346905 0)
(0.0567877 0.34908 0)
(0.259511 0.307027 0)
(0.0574914 0.10075 -4.45545e-17)
(-0.0833325 0.0658251 7.28325e-18)
(-0.148162 0.0660039 -6.13889e-18)
(-0.175319 0.0922958 2.27852e-17)
(-0.17343 0.128086 5.45181e-18)
(-0.152123 0.165047 1.57541e-17)
(-0.118243 0.197589 -4.3425e-17)
(-0.0773768 0.222652 2.51034e-18)
(-0.0335146 0.238095 -1.2387e-18)
(0.0109448 0.243687 1.23792e-18)
(0.0569098 0.239549 0)
(0.283411 0.2695 0)
(0.113542 0.0494832 -1.03393e-16)
(-0.0187655 0.00555376 0)
(-0.0870287 -0.00173452 -2.73697e-17)
(-0.120308 0.021287 1.88332e-17)
(-0.126006 0.0547682 3.57416e-17)
(-0.112684 0.0891408 -2.86222e-18)
(-0.0867345 0.118428 1.9339e-17)
(-0.0539262 0.139678 0)
(-0.0184765 0.150924 -1.32687e-18)
(0.0172934 0.15169 1.31951e-18)
(0.0538951 0.141853 0)
(0.287251 0.214835 0)
(0.158723 -0.0039401 -1.5638e-17)
(0.041691 -0.0562427 9.65772e-18)
(-0.0281376 -0.0676367 -3.13722e-17)
(-0.0670418 -0.0458597 -5.71013e-17)
(-0.080615 -0.0130148 -2.01923e-17)
(-0.0758038 0.0202058 -6.42995e-18)
(-0.0581418 0.0474959 -2.78243e-17)
(-0.0334619 0.0660284 3.00624e-18)
(-0.00632013 0.0739659 -1.32317e-17)
(0.020868 0.0707113 1.45247e-18)
(0.0482641 0.0560585 0)
(0.277031 0.148522 -3.07624e-16)
(0.193075 -0.0591618 1.56511e-16)
(0.0987279 -0.120529 -8.32382e-17)
(0.0296486 -0.132385 -9.47896e-18)
(-0.0141986 -0.110037 3.44026e-17)
(-0.0360905 -0.0760787 8.09155e-18)
(-0.0404721 -0.0425513 -7.70073e-18)
(-0.0316332 -0.0159325 6.31228e-22)
(-0.0153219 0.00099093 0)
(0.0034951 0.00651053 1.38124e-17)
(0.0221899 0.000116594 0)
(0.040562 -0.0182986 0)
(0.251773 0.0628978 3.93294e-16)
(0.216892 -0.114699 -2.3136e-16)
(0.152117 -0.186943 1.45536e-16)
(0.086963 -0.196958 1.02523e-16)
(0.0390631 -0.172857 1.1781e-17)
(0.00867666 -0.13642 4.44193e-17)
(-0.00558435 -0.101035 -4.72894e-17)
(-0.00626161 -0.0734421 2.98887e-17)
(0.00125724 -0.0568505 4.76313e-18)
(0.0116785 -0.0528517 1.8206e-17)
(0.0219363 -0.0615024 -8.81652e-18)
(0.0315084 -0.0824809 0)
(0.208463 -0.0115657 0)
(0.228361 -0.174598 2.87752e-16)
(0.201273 -0.252596 -2.2477e-16)
(0.14398 -0.263297 4.28334e-17)
(0.093886 -0.238398 -4.15364e-17)
(0.055294 -0.19943 -8.03228e-17)
(0.0302932 -0.160487 1.04256e-16)
(0.0190018 -0.129197 -8.95692e-18)
(0.0171934 -0.111024 0)
(0.0191439 -0.107335 -3.17241e-17)
(0.0214657 -0.11742 4.48766e-17)
(0.0228144 -0.139828 0)
(0.146479 -0.047805 -7.24007e-16)
(0.231296 -0.209221 4.60919e-16)
(0.240575 -0.311845 4.75855e-16)
(0.203083 -0.322872 0)
(0.155958 -0.303927 -3.28935e-16)
(0.111192 -0.26921 -2.88058e-16)
(0.0726362 -0.227644 1.33439e-16)
(0.0467612 -0.18942 -2.47022e-17)
(0.0345997 -0.168531 2.46453e-17)
(0.0281838 -0.164069 0)
(0.0231997 -0.17448 1.19286e-20)
(0.0172695 -0.197911 2.14637e-17)
)
;

boundaryField
{
    rotor
    {
        type            noSlip;
    }
    stator
    {
        type            noSlip;
    }
    front
    {
        type            empty;
    }
    back
    {
        type            empty;
    }
}


// ************************************************************************* //
