/*--------------------------------*- C++ -*----------------------------------*\
| =========                 |                                                 |
| \\      /  F ield         | OpenFOAM: The Open Source CFD Toolbox           |
|  \\    /   O peration     | Version:  4.0                                   |
|   \\  /    A nd           | Web:      www.OpenFOAM.org                      |
|    \\/     M anipulation  |                                                 |
\*---------------------------------------------------------------------------*/
FoamFile
{
    version     2.0;
    format      ascii;
    class       surfaceScalarField;
    location    "300";
    object      phi;
}
// * * * * * * * * * * * * * * * * * * * * * * * * * * * * * * * * * * * * * //

dimensions      [0 3 -1 0 0 0 0];

internalField   nonuniform List<scalar> 
5952
(
5.40154e-06
-5.4456e-06
9.14587e-06
-3.74852e-06
1.194e-05
-2.79103e-06
1.30888e-05
-1.15177e-06
1.21276e-05
9.64337e-07
8.22158e-06
3.91341e-06
1.90006e-06
6.32459e-06
-1.08917e-05
1.27975e-05
-2.62352e-05
1.53437e-05
-3.80999e-05
1.18645e-05
-4.75692e-05
9.46865e-06
6.89265e-06
-5.44633e-05
1.9219e-06
-7.36591e-06
3.49728e-06
-5.32425e-06
2.33897e-06
-1.6319e-06
-1.41883e-06
2.60661e-06
-9.09391e-06
8.64031e-06
-2.06806e-05
1.55018e-05
-3.29992e-05
1.8644e-05
-3.97015e-05
1.9501e-05
-4.23156e-05
1.79581e-05
-4.50901e-05
1.46386e-05
-4.74878e-05
1.1866e-05
9.06328e-06
-4.96594e-05
1.08738e-07
-7.47404e-06
-1.81312e-06
-3.40202e-06
-6.50777e-06
3.06352e-06
-1.47517e-05
1.0851e-05
-2.38861e-05
1.77754e-05
-2.98601e-05
2.1477e-05
-3.33437e-05
2.21283e-05
-3.50277e-05
2.11858e-05
-3.58661e-05
1.87966e-05
-3.69786e-05
1.57509e-05
-3.79958e-05
1.28828e-05
9.96751e-06
-3.89008e-05
-3.34241e-06
-4.13093e-06
-8.14024e-06
1.39618e-06
-1.41162e-05
9.04013e-06
-1.99737e-05
1.67093e-05
-2.4073e-05
2.18756e-05
-2.62343e-05
2.36393e-05
-2.72731e-05
2.31678e-05
-2.7687e-05
2.16004e-05
-2.79452e-05
1.90549e-05
-2.83164e-05
1.61219e-05
-2.86423e-05
1.32085e-05
1.02491e-05
-2.89244e-05
-4.74136e-06
6.11048e-07
-9.93828e-06
6.59357e-06
-1.44637e-05
1.35664e-05
-1.76964e-05
1.99431e-05
-1.92714e-05
2.34516e-05
-1.97221e-05
2.4091e-05
-1.96406e-05
2.3087e-05
-1.92148e-05
2.11751e-05
-1.88608e-05
1.87009e-05
-1.86885e-05
1.59496e-05
-1.86176e-05
1.31374e-05
1.02651e-05
-1.8634e-05
-4.94176e-06
5.55287e-06
-9.13979e-06
1.07928e-05
-1.20305e-05
1.6458e-05
-1.33049e-05
2.12189e-05
-1.32585e-05
2.34064e-05
-1.25399e-05
2.33733e-05
-1.15745e-05
2.21223e-05
-1.06155e-05
2.02164e-05
-9.83166e-06
1.79174e-05
-9.27811e-06
1.5396e-05
-8.91089e-06
1.27702e-05
1.00526e-05
-8.6985e-06
-4.32428e-06
9.87871e-06
-7.5154e-06
1.39847e-05
-8.96192e-06
1.79059e-05
-8.65459e-06
2.09129e-05
-7.26739e-06
2.20202e-05
-5.51444e-06
2.16214e-05
-3.78198e-06
2.03904e-05
-2.25544e-06
1.86904e-05
-1.02245e-06
1.66846e-05
-9.61955e-08
1.44699e-05
5.6592e-07
1.21081e-05
9.61033e-06
1.00811e-06
-3.86841e-06
1.37483e-05
-5.97823e-06
1.60955e-05
-5.97105e-06
1.78995e-05
-4.19333e-06
1.91359e-05
-1.56786e-06
1.93954e-05
1.175e-06
1.88791e-05
3.68778e-06
1.78781e-05
5.82825e-06
1.65504e-05
7.55309e-06
1.496e-05
8.87952e-06
1.31437e-05
9.86252e-06
1.11252e-05
8.91362e-06
1.05593e-05
-3.32607e-06
1.70752e-05
-4.4016e-06
1.71717e-05
-2.77272e-06
1.62712e-05
4.47376e-07
1.59162e-05
4.23407e-06
1.56092e-05
7.91199e-06
1.52016e-05
1.11761e-05
1.46144e-05
1.39194e-05
1.38075e-05
1.61322e-05
1.27475e-05
1.78569e-05
1.14191e-05
1.91653e-05
9.81696e-06
7.95085e-06
2.01282e-05
-3.54795e-06
2.06245e-05
-2.1109e-06
1.57353e-05
2.06681e-06
1.20939e-05
6.84089e-06
1.11426e-05
1.16206e-05
1.08299e-05
1.59843e-05
1.08384e-05
1.97496e-05
1.08496e-05
2.2877e-05
1.06803e-05
2.5398e-05
1.02268e-05
2.73778e-05
9.4396e-06
2.89041e-05
8.29079e-06
6.79811e-06
3.0057e-05
2.76873e-07
2.03503e-05
6.24069e-06
9.7727e-06
1.25619e-05
5.77334e-06
1.82651e-05
5.43995e-06
2.32503e-05
5.84524e-06
2.7501e-05
6.58814e-06
3.10612e-05
7.28988e-06
3.39846e-05
7.75732e-06
3.63404e-05
7.87121e-06
3.82016e-05
7.57866e-06
3.96592e-05
6.83337e-06
5.67166e-06
4.07858e-05
2.03636e-05
-1.28551e-08
2.87083e-05
1.4288e-06
3.39684e-05
5.13936e-07
3.81055e-05
1.30334e-06
4.13486e-05
2.60268e-06
4.40157e-05
3.92149e-06
4.62565e-05
5.0496e-06
4.81225e-05
5.89166e-06
4.96496e-05
6.34437e-06
5.08711e-05
6.35746e-06
5.18533e-05
5.85132e-06
5.26395e-05
4.88566e-06
-5.94789e-05
5.01519e-06
-6.23465e-05
2.86655e-06
-6.34928e-05
1.14638e-06
-6.28167e-05
-6.76736e-07
-6.05207e-05
-2.29563e-06
-5.64311e-05
-4.08977e-06
-5.0499e-05
-5.93164e-06
-4.25645e-05
-7.93407e-06
-3.25207e-05
-1.00434e-05
-2.05273e-05
-1.19927e-05
-8.43758e-06
-1.20885e-05
-8.43713e-06
-5.09618e-05
6.31721e-06
-5.17614e-05
3.66531e-06
-5.18217e-05
1.20674e-06
-5.1276e-05
-1.22293e-06
-4.98827e-05
-3.68864e-06
-4.75934e-05
-6.37912e-06
-4.41714e-05
-9.35307e-06
-3.94097e-05
-1.26953e-05
-3.30348e-05
-1.64176e-05
-2.48256e-05
-2.02014e-05
-1.38098e-05
-2.31034e-05
-2.22466e-05
-3.96322e-05
7.0483e-06
-4.01507e-05
4.18315e-06
-4.03123e-05
1.36825e-06
-4.00044e-05
-1.53113e-06
-3.9078e-05
-4.61479e-06
-3.74656e-05
-7.99152e-06
-3.50399e-05
-1.17784e-05
-3.16993e-05
-1.60354e-05
-2.7322e-05
-2.07943e-05
-2.13901e-05
-2.61327e-05
-1.29962e-05
-3.14965e-05
-3.52425e-05
-2.91689e-05
7.29253e-06
-2.93179e-05
4.33178e-06
-2.92629e-05
1.31317e-06
-2.89284e-05
-1.86579e-06
-2.82419e-05
-5.30124e-06
-2.7144e-05
-9.0894e-06
-2.55479e-05
-1.33741e-05
-2.33534e-05
-1.82296e-05
-2.03784e-05
-2.37689e-05
-1.61602e-05
-3.03503e-05
-9.8378e-06
-3.78181e-05
-4.50801e-05
-1.86916e-05
7.34995e-06
-1.8728e-05
4.36793e-06
-1.86792e-05
1.26425e-06
-1.85007e-05
-2.04449e-06
-1.81534e-05
-5.64842e-06
-1.7594e-05
-9.6487e-06
-1.67699e-05
-1.41979e-05
-1.56079e-05
-1.93913e-05
-1.39123e-05
-2.54639e-05
-1.15135e-05
-3.27487e-05
-7.53643e-06
-4.1795e-05
-5.26165e-05
-8.59389e-06
7.24517e-06
-8.54875e-06
4.32264e-06
-8.52221e-06
1.2376e-06
-8.48853e-06
-2.07811e-06
-8.43066e-06
-5.70625e-06
-8.33238e-06
-9.74663e-06
-8.19905e-06
-1.43309e-05
-7.97998e-06
-1.96098e-05
-7.59081e-06
-2.58531e-05
-6.8442e-06
-3.3495e-05
-4.99492e-06
-4.36441e-05
-5.76114e-05
1.27806e-06
6.97517e-06
1.41547e-06
4.18516e-06
1.44714e-06
1.20604e-06
1.38241e-06
-2.0133e-06
1.21565e-06
-5.53911e-06
9.2832e-07
-9.45901e-06
4.88915e-07
-1.38909e-05
-1.19279e-07
-1.90015e-05
-8.85336e-07
-2.50863e-05
-1.70736e-06
-3.26728e-05
-2.17116e-06
-4.31802e-05
-5.97823e-05
1.10239e-05
6.51064e-06
1.1294e-05
3.91516e-06
1.13883e-05
1.11182e-06
1.13039e-05
-1.9285e-06
1.10146e-05
-5.24945e-06
1.0471e-05
-8.91475e-06
9.59491e-06
-1.30143e-05
8.2925e-06
-1.76983e-05
6.45804e-06
-2.32514e-05
4.04681e-06
-3.02609e-05
1.39036e-06
-4.05227e-05
-5.83912e-05
2.0811e-05
5.82789e-06
2.12542e-05
3.47222e-06
2.14736e-05
8.92701e-07
2.14582e-05
-1.9126e-06
2.1167e-05
-4.95767e-06
2.05245e-05
-8.27147e-06
1.94022e-05
-1.18913e-05
1.76215e-05
-1.59168e-05
1.49274e-05
-2.05565e-05
1.10428e-05
-2.6375e-05
6.0048e-06
-3.54833e-05
-5.23858e-05
3.0915e-05
4.97008e-06
3.15214e-05
2.86593e-06
3.18937e-05
5.20815e-07
3.20162e-05
-2.03459e-06
3.18379e-05
-4.7787e-06
3.12661e-05
-7.69894e-06
3.01281e-05
-1.07524e-05
2.81646e-05
-1.39524e-05
2.49526e-05
-1.73432e-05
1.99698e-05
-2.13915e-05
1.23519e-05
-2.78643e-05
-4.00322e-05
4.16698e-05
4.08627e-06
4.23493e-05
2.18673e-06
4.28426e-05
2.79225e-08
4.3132e-05
-2.32347e-06
4.31592e-05
-4.80528e-06
4.28217e-05
-7.36061e-06
4.1919e-05
-9.84887e-06
4.01505e-05
-1.21829e-05
3.69417e-05
-1.41339e-05
3.15263e-05
-1.59747e-05
2.13481e-05
-1.76846e-05
-1.86835e-05
5.33276e-05
3.39823e-06
5.39359e-05
1.57874e-06
5.4479e-05
-5.14925e-07
5.49334e-05
-2.77745e-06
5.52314e-05
-5.10293e-06
5.52631e-05
-7.3917e-06
5.48239e-05
-9.40907e-06
5.36367e-05
-1.09951e-05
5.11563e-05
-1.16524e-05
4.63947e-05
-1.12133e-05
3.56115e-05
-6.90072e-06
1.69291e-05
5.44518e-06
-5.44623e-06
9.17487e-06
-3.73552e-06
1.19613e-05
-2.78642e-06
1.31079e-05
-1.15191e-06
1.21498e-05
9.5836e-07
8.25078e-06
3.90471e-06
1.93871e-06
6.31445e-06
-1.0827e-05
1.2772e-05
-2.61779e-05
1.53515e-05
-3.80553e-05
1.18781e-05
-4.75316e-05
9.47635e-06
6.90044e-06
-5.44326e-05
1.91832e-06
-7.36556e-06
3.50859e-06
-5.32771e-06
2.35896e-06
-1.63908e-06
-1.38928e-06
2.59397e-06
-9.04795e-06
8.61624e-06
-2.06278e-05
1.54857e-05
-3.29544e-05
1.86417e-05
-3.96842e-05
1.9503e-05
-4.23018e-05
1.79696e-05
-4.50736e-05
1.465e-05
-4.74723e-05
1.1875e-05
9.07196e-06
-4.96445e-05
1.16932e-07
-7.48226e-06
-1.79369e-06
-3.41793e-06
-6.47555e-06
3.04226e-06
-1.47108e-05
1.08288e-05
-2.38568e-05
1.77623e-05
-2.98439e-05
2.14736e-05
-3.33339e-05
2.21321e-05
-3.5022e-05
2.11919e-05
-3.58595e-05
1.88071e-05
-3.69702e-05
1.57606e-05
-3.7987e-05
1.28915e-05
9.97572e-06
-3.88912e-05
-3.33409e-06
-4.14803e-06
-8.12481e-06
1.37238e-06
-1.40989e-05
9.0167e-06
-1.99621e-05
1.66921e-05
-2.40678e-05
2.18687e-05
-2.62329e-05
2.36394e-05
-2.72724e-05
2.31721e-05
-2.76863e-05
2.16063e-05
-2.79426e-05
1.90634e-05
-2.83123e-05
1.61303e-05
-2.86376e-05
1.32164e-05
1.02567e-05
-2.89189e-05
-4.73652e-06
5.87936e-07
-9.93318e-06
6.56998e-06
-1.44625e-05
1.35459e-05
-1.76993e-05
1.993e-05
-1.92764e-05
2.34467e-05
-1.97271e-05
2.40908e-05
-1.96444e-05
2.30902e-05
-1.92174e-05
2.11796e-05
-1.8861e-05
1.87073e-05
-1.86871e-05
1.59562e-05
-1.86148e-05
1.31441e-05
1.02716e-05
-1.86302e-05
-4.94187e-06
5.53179e-06
-9.14376e-06
1.07715e-05
-1.20372e-05
1.64409e-05
-1.33142e-05
2.12079e-05
-1.32679e-05
2.34014e-05
-1.25478e-05
2.33722e-05
-1.15805e-05
2.21235e-05
-1.06193e-05
2.02193e-05
-9.83356e-06
1.79216e-05
-9.27808e-06
1.54011e-05
-8.90972e-06
1.27756e-05
1.00582e-05
-8.69627e-06
-4.32903e-06
9.86192e-06
-7.52334e-06
1.39673e-05
-8.97322e-06
1.78913e-05
-8.66691e-06
2.09028e-05
-7.27855e-06
2.20145e-05
-5.52388e-06
2.16185e-05
-3.789e-06
2.03896e-05
-2.26052e-06
1.86913e-05
-1.02543e-06
1.66871e-05
-9.76376e-08
1.44735e-05
5.65744e-07
1.21124e-05
9.6152e-06
1.0088e-06
-3.87485e-06
1.37384e-05
-5.9888e-06
1.60819e-05
-5.98402e-06
1.78874e-05
-4.20657e-06
1.91262e-05
-1.57978e-06
1.93885e-05
1.165e-06
1.88745e-05
3.67991e-06
1.78754e-05
5.82237e-06
1.65494e-05
7.54905e-06
1.49608e-05
8.87693e-06
1.31459e-05
9.86105e-06
1.11285e-05
8.91776e-06
1.05586e-05
-3.33343e-06
1.70733e-05
-4.41188e-06
1.71613e-05
-2.78486e-06
1.62609e-05
4.35097e-07
1.59068e-05
4.2228e-06
1.56014e-05
7.90235e-06
1.51955e-05
1.11682e-05
1.461e-05
1.39132e-05
1.38049e-05
1.61275e-05
1.27468e-05
1.78535e-05
1.14202e-05
1.91628e-05
9.81941e-06
7.95434e-06
2.01263e-05
-3.55222e-06
2.06272e-05
-2.1177e-06
1.57276e-05
2.05852e-06
1.20853e-05
6.83214e-06
1.11337e-05
1.16123e-05
1.08217e-05
1.59769e-05
1.08314e-05
1.97432e-05
1.08441e-05
2.28717e-05
1.06768e-05
2.53937e-05
1.02251e-05
2.73743e-05
9.43989e-06
2.89012e-05
8.29264e-06
6.80121e-06
3.00545e-05
2.77675e-07
2.03516e-05
6.2389e-06
9.76734e-06
1.25593e-05
5.76538e-06
1.8262e-05
5.43154e-06
2.3247e-05
5.83733e-06
2.74977e-05
6.58124e-06
3.10579e-05
7.28449e-06
3.39815e-05
7.75367e-06
3.63375e-05
7.86951e-06
3.81988e-05
7.57888e-06
3.96564e-05
6.83517e-06
5.67474e-06
4.07831e-05
2.03676e-05
-1.47976e-08
2.87133e-05
1.42249e-06
3.39723e-05
5.07212e-07
3.81081e-05
1.2963e-06
4.135e-05
2.59593e-06
4.40162e-05
3.91561e-06
4.62562e-05
5.04506e-06
4.81215e-05
5.88876e-06
4.96481e-05
6.34335e-06
5.0869e-05
6.35824e-06
5.18508e-05
5.85363e-06
5.26366e-05
4.8891e-06
-5.94528e-05
5.02038e-06
-6.23247e-05
2.87125e-06
-6.34745e-05
1.15023e-06
-6.28014e-05
-6.73539e-07
-6.0508e-05
-2.29302e-06
-5.64207e-05
-4.08754e-06
-5.04905e-05
-5.92983e-06
-4.25576e-05
-7.93259e-06
-3.25152e-05
-1.00422e-05
-2.0523e-05
-1.19918e-05
-8.43475e-06
-1.20876e-05
-8.43453e-06
-5.09483e-05
6.32419e-06
-5.17491e-05
3.67142e-06
-5.18106e-05
1.2118e-06
-5.12659e-05
-1.2186e-06
-4.98739e-05
-3.68485e-06
-4.75858e-05
-6.37577e-06
-4.41652e-05
-9.35014e-06
-3.94048e-05
-1.26927e-05
-3.30312e-05
-1.64154e-05
-2.48233e-05
-2.01995e-05
-1.38091e-05
-2.31014e-05
-2.22435e-05
-3.9623e-05
7.05562e-06
-4.01417e-05
4.1896e-06
-4.03039e-05
1.37391e-06
-3.99968e-05
-1.52607e-06
-3.90714e-05
-4.61027e-06
-3.74598e-05
-7.98742e-06
-3.5035e-05
-1.17747e-05
-3.16955e-05
-1.60321e-05
-2.73194e-05
-2.07913e-05
-2.13887e-05
-2.613e-05
-1.2996e-05
-3.14938e-05
-3.52392e-05
-2.9163e-05
7.2993e-06
-2.93116e-05
4.33792e-06
-2.92568e-05
1.31881e-06
-2.89225e-05
-1.86055e-06
-2.82366e-05
-5.29633e-06
-2.71393e-05
-9.08481e-06
-2.55441e-05
-1.33698e-05
-2.33504e-05
-1.82257e-05
-2.03763e-05
-2.37653e-05
-1.6159e-05
-3.03471e-05
-9.83726e-06
-3.78151e-05
-4.50766e-05
-1.86872e-05
7.35614e-06
-1.87234e-05
4.37377e-06
-1.86746e-05
1.26981e-06
-1.84961e-05
-2.0391e-06
-1.81493e-05
-5.6433e-06
-1.75904e-05
-9.64369e-06
-1.6767e-05
-1.41932e-05
-1.56056e-05
-1.93868e-05
-1.39109e-05
-2.54599e-05
-1.15127e-05
-3.27448e-05
-7.53654e-06
-4.17916e-05
-5.26129e-05
-8.59111e-06
7.25079e-06
-8.54566e-06
4.3282e-06
-8.51897e-06
1.24313e-06
-8.48546e-06
-2.0727e-06
-8.4277e-06
-5.70084e-06
-8.32994e-06
-9.74144e-06
-8.19695e-06
-1.43258e-05
-7.97859e-06
-1.9605e-05
-7.58962e-06
-2.58484e-05
-6.84406e-06
-3.3491e-05
-4.99479e-06
-4.36403e-05
-5.76081e-05
1.27932e-06
6.98032e-06
1.41711e-06
4.19051e-06
1.4489e-06
1.21145e-06
1.38427e-06
-2.00777e-06
1.21731e-06
-5.53365e-06
9.29858e-07
-9.45353e-06
4.90046e-07
-1.38857e-05
-1.18289e-07
-1.89963e-05
-8.85082e-07
-2.50816e-05
-1.70718e-06
-3.26681e-05
-2.17168e-06
-4.31765e-05
-5.97795e-05
1.10237e-05
6.51534e-06
1.12942e-05
3.92021e-06
1.13889e-05
1.11714e-06
1.13045e-05
-1.92307e-06
1.10153e-05
-5.24392e-06
1.04716e-05
-8.90927e-06
9.59542e-06
-1.30089e-05
8.29278e-06
-1.7693e-05
6.45827e-06
-2.32463e-05
4.0465e-06
-3.02564e-05
1.38998e-06
-4.05191e-05
-5.83887e-05
2.08097e-05
5.83215e-06
2.12532e-05
3.47697e-06
2.1473e-05
8.97819e-07
2.14578e-05
-1.90731e-06
2.11667e-05
-4.95227e-06
2.05243e-05
-8.26611e-06
1.94021e-05
-1.18859e-05
1.76215e-05
-1.59115e-05
1.49272e-05
-2.05513e-05
1.10423e-05
-2.63704e-05
6.00448e-06
-3.54793e-05
-5.23837e-05
3.09128e-05
4.97401e-06
3.15197e-05
2.87047e-06
3.18922e-05
5.25672e-07
3.2015e-05
-2.02949e-06
3.18369e-05
-4.7736e-06
3.12654e-05
-7.6938e-06
3.01277e-05
-1.07473e-05
2.81644e-05
-1.39473e-05
2.49523e-05
-1.73382e-05
1.99696e-05
-2.13863e-05
1.23513e-05
-2.78607e-05
-4.003e-05
4.16673e-05
4.09013e-06
4.23469e-05
2.19114e-06
4.28405e-05
3.25913e-08
4.31302e-05
-2.31866e-06
4.31578e-05
-4.80053e-06
4.28207e-05
-7.35588e-06
4.19184e-05
-9.84421e-06
4.01502e-05
-1.21781e-05
3.69418e-05
-1.41289e-05
3.1526e-05
-1.59701e-05
2.13483e-05
-1.76801e-05
-1.86809e-05
5.33247e-05
3.40231e-06
5.3933e-05
1.5831e-06
5.44764e-05
-5.10426e-07
5.49312e-05
-2.77305e-06
5.52298e-05
-5.09863e-06
5.52619e-05
-7.38758e-06
5.48233e-05
-9.40494e-06
5.36366e-05
-1.09909e-05
5.11563e-05
-1.1648e-05
4.63952e-05
-1.1208e-05
3.56117e-05
-6.89678e-06
1.69324e-05
5.44282e-06
-5.4425e-06
9.16813e-06
-3.73022e-06
1.19504e-05
-2.78036e-06
1.30893e-05
-1.14319e-06
1.21183e-05
9.74419e-07
8.20008e-06
3.9256e-06
1.87062e-06
6.33459e-06
-1.094e-05
1.28174e-05
-2.6272e-05
1.53334e-05
-3.81224e-05
1.18511e-05
-4.75836e-05
9.4612e-06
6.88577e-06
-5.44702e-05
1.91463e-06
-7.35682e-06
3.49234e-06
-5.30927e-06
2.32972e-06
-1.61833e-06
-1.43513e-06
2.62078e-06
-9.12142e-06
8.66123e-06
-2.07106e-05
1.55165e-05
-3.30206e-05
1.86457e-05
-3.9699e-05
1.94973e-05
-4.2311e-05
1.7946e-05
-4.50874e-05
1.46276e-05
-4.7484e-05
1.18577e-05
9.05601e-06
-4.9655e-05
1.05603e-07
-7.46261e-06
-1.82035e-06
-3.384e-06
-6.52289e-06
3.08406e-06
-1.47737e-05
1.08714e-05
-2.38999e-05
1.7788e-05
-2.98622e-05
2.14796e-05
-3.33394e-05
2.21237e-05
-3.50195e-05
2.11783e-05
-3.58585e-05
1.87852e-05
-3.6972e-05
1.57411e-05
-3.79895e-05
1.28749e-05
9.96093e-06
-3.8895e-05
-3.34511e-06
-4.11808e-06
-8.14743e-06
1.41763e-06
-1.41247e-05
9.06141e-06
-1.99774e-05
1.67244e-05
-2.40697e-05
2.18809e-05
-2.62265e-05
2.36374e-05
-2.72635e-05
2.31613e-05
-2.76768e-05
2.15923e-05
-2.79364e-05
1.9045e-05
-2.83086e-05
1.61133e-05
-2.86352e-05
1.32014e-05
1.02433e-05
-2.89179e-05
-4.74505e-06
6.25932e-07
-9.94117e-06
6.6134e-06
-1.44632e-05
1.35838e-05
-1.76909e-05
1.99529e-05
-1.92623e-05
2.34531e-05
-1.97114e-05
2.40875e-05
-1.96298e-05
2.30805e-05
-1.92047e-05
2.11679e-05
-1.88525e-05
1.86931e-05
-1.86815e-05
1.59426e-05
-1.86117e-05
1.31315e-05
1.02604e-05
-1.86288e-05
-4.9424e-06
5.56724e-06
-9.13801e-06
1.08095e-05
-1.20249e-05
1.64713e-05
-1.32958e-05
2.12249e-05
-1.32478e-05
2.34062e-05
-1.2529e-05
2.33697e-05
-1.15646e-05
2.21171e-05
-1.06069e-05
2.02107e-05
-9.82459e-06
1.79114e-05
-9.2723e-06
1.53906e-05
-8.9061e-06
1.27656e-05
1.00489e-05
-8.69452e-06
-4.32275e-06
9.89066e-06
-7.51068e-06
1.39977e-05
-8.95354e-06
1.79152e-05
-8.64416e-06
2.09166e-05
-7.25659e-06
2.20196e-05
-5.50442e-06
2.16185e-05
-3.77321e-06
2.03866e-05
-2.24804e-06
1.86863e-05
-1.01644e-06
1.66803e-05
-9.13769e-08
1.4466e-05
5.69776e-07
1.21047e-05
9.60768e-06
1.01122e-06
-3.86496e-06
1.37561e-05
-5.97121e-06
1.61047e-05
-5.96106e-06
1.79056e-05
-4.1823e-06
1.91384e-05
-1.55733e-06
1.93952e-05
1.18443e-06
1.88773e-05
3.69588e-06
1.78757e-05
5.83502e-06
1.65477e-05
7.55854e-06
1.49573e-05
8.88383e-06
1.31411e-05
9.86589e-06
1.1123e-05
8.91193e-06
1.05619e-05
-3.32169e-06
1.70784e-05
-4.39383e-06
1.71773e-05
-2.76252e-06
1.62746e-05
4.58246e-07
1.59179e-05
4.24434e-06
1.56093e-05
7.92115e-06
1.52008e-05
1.1184e-05
1.46131e-05
1.39259e-05
1.38061e-05
1.61375e-05
1.27461e-05
1.78611e-05
1.14179e-05
1.91685e-05
9.81594e-06
7.95012e-06
2.01306e-05
-3.54433e-06
2.0624e-05
-2.10426e-06
1.57377e-05
2.07567e-06
1.20951e-05
6.85055e-06
1.11432e-05
1.163e-05
1.08301e-05
1.59927e-05
1.08382e-05
1.97569e-05
1.08492e-05
2.28831e-05
1.068e-05
2.5403e-05
1.02266e-05
2.73817e-05
9.43952e-06
2.89071e-05
8.29086e-06
6.79833e-06
3.00591e-05
2.77831e-07
2.03483e-05
6.24567e-06
9.77081e-06
1.25686e-05
5.77261e-06
1.82725e-05
5.43966e-06
2.32574e-05
5.84541e-06
2.75075e-05
6.58833e-06
3.10667e-05
7.29022e-06
3.39892e-05
7.75784e-06
3.63441e-05
7.87196e-06
3.82044e-05
7.57955e-06
3.96612e-05
6.83437e-06
5.6727e-06
4.07872e-05
2.03646e-05
-1.53377e-08
2.8711e-05
1.42522e-06
3.39717e-05
5.12372e-07
3.8109e-05
1.30269e-06
4.1352e-05
2.60267e-06
4.40188e-05
3.92185e-06
4.6259e-05
5.05029e-06
4.81244e-05
5.8927e-06
4.96509e-05
6.34572e-06
5.08719e-05
6.35899e-06
5.18536e-05
5.85293e-06
5.26394e-05
4.88722e-06
-5.94816e-05
5.01116e-06
-6.23457e-05
2.86332e-06
-6.34897e-05
1.14416e-06
-6.28123e-05
-6.77925e-07
-6.05157e-05
-2.29646e-06
-5.6426e-05
-4.08991e-06
-5.04942e-05
-5.93157e-06
-4.25605e-05
-7.9335e-06
-3.25177e-05
-1.00426e-05
-2.05257e-05
-1.19916e-05
-8.43763e-06
-1.20875e-05
-8.4374e-06
-5.09564e-05
6.31227e-06
-5.17554e-05
3.66163e-06
-5.18156e-05
1.20436e-06
-5.12697e-05
-1.22426e-06
-4.98768e-05
-3.68923e-06
-4.75878e-05
-6.37905e-06
-4.41666e-05
-9.35245e-06
-3.94056e-05
-1.26942e-05
-3.30318e-05
-1.6416e-05
-2.48236e-05
-2.01995e-05
-1.3809e-05
-2.31016e-05
-2.22462e-05
-3.96264e-05
7.04334e-06
-4.01448e-05
4.17958e-06
-4.03066e-05
1.36597e-06
-3.99988e-05
-1.53233e-06
-3.9073e-05
-4.61507e-06
-3.7461e-05
-7.99102e-06
-3.5036e-05
-1.17773e-05
-3.16961e-05
-1.60338e-05
-2.73195e-05
-2.07923e-05
-2.13882e-05
-2.61305e-05
-1.2995e-05
-3.14943e-05
-3.52409e-05
-2.91631e-05
7.28829e-06
-2.93126e-05
4.32886e-06
-2.92582e-05
1.31135e-06
-2.89241e-05
-1.86661e-06
-2.8238e-05
-5.30118e-06
-2.71404e-05
-9.08857e-06
-2.55449e-05
-1.33726e-05
-2.33509e-05
-1.82276e-05
-2.03765e-05
-2.37665e-05
-1.6159e-05
-3.03476e-05
-9.83724e-06
-3.78155e-05
-4.50781e-05
-1.86872e-05
7.34647e-06
-1.8724e-05
4.36557e-06
-1.86756e-05
1.26284e-06
-1.84973e-05
-2.04502e-06
-1.81504e-05
-5.64815e-06
-1.75912e-05
-9.64768e-06
-1.67674e-05
-1.41961e-05
-1.56058e-05
-1.9389e-05
-1.39107e-05
-2.54611e-05
-1.15124e-05
-3.27456e-05
-7.53581e-06
-4.1792e-05
-5.26139e-05
-8.59049e-06
7.24246e-06
-8.54577e-06
4.32082e-06
-8.51952e-06
1.23657e-06
-8.48605e-06
-2.07841e-06
-8.4283e-06
-5.70583e-06
-8.33016e-06
-9.7455e-06
-8.19699e-06
-1.43291e-05
-7.97821e-06
-1.96073e-05
-7.58942e-06
-2.585e-05
-6.84327e-06
-3.34916e-05
-4.99448e-06
-4.36407e-05
-5.76085e-05
1.28062e-06
6.97322e-06
1.41765e-06
4.18389e-06
1.44907e-06
1.20536e-06
1.38423e-06
-2.0134e-06
1.21741e-06
-5.53862e-06
9.30075e-07
-9.45785e-06
4.90607e-07
-1.38891e-05
-1.17751e-07
-1.89988e-05
-8.84109e-07
-2.5083e-05
-1.70654e-06
-3.2669e-05
-2.17065e-06
-4.31766e-05
-5.97788e-05
1.10259e-05
6.50943e-06
1.12956e-05
3.91442e-06
1.13897e-05
1.11149e-06
1.13052e-05
-1.92843e-06
1.10159e-05
-5.24893e-06
1.04723e-05
-8.91365e-06
9.5963e-06
-1.30125e-05
8.29384e-06
-1.76956e-05
6.45918e-06
-2.3248e-05
4.0476e-06
-3.02569e-05
1.39077e-06
-4.05188e-05
-5.83874e-05
2.08128e-05
5.82744e-06
2.12555e-05
3.47205e-06
2.14746e-05
8.92757e-07
2.1459e-05
-1.91234e-06
2.11679e-05
-4.95713e-06
2.05254e-05
-8.27047e-06
1.94033e-05
-1.18896e-05
1.76226e-05
-1.59142e-05
1.49285e-05
-2.0553e-05
1.10437e-05
-2.63708e-05
6.00526e-06
-3.54791e-05
-5.23816e-05
3.09165e-05
4.9704e-06
3.15224e-05
2.86634e-06
3.18944e-05
5.21276e-07
3.20166e-05
-2.0341e-06
3.18383e-05
-4.77813e-06
3.12666e-05
-7.69806e-06
3.01288e-05
-1.07509e-05
2.81655e-05
-1.395e-05
2.49535e-05
-1.73399e-05
1.99707e-05
-2.13873e-05
1.23524e-05
-2.78597e-05
-4.00276e-05
4.16706e-05
4.08724e-06
4.23497e-05
2.18762e-06
4.28427e-05
2.87013e-08
4.3132e-05
-2.32282e-06
4.31592e-05
-4.8047e-06
4.28218e-05
-7.35983e-06
4.19193e-05
-9.84756e-06
4.01509e-05
-1.21807e-05
3.69423e-05
-1.41308e-05
3.1527e-05
-1.59706e-05
2.13486e-05
-1.76799e-05
-1.86784e-05
5.33273e-05
3.39955e-06
5.39354e-05
1.57983e-06
5.44784e-05
-5.14073e-07
5.49329e-05
-2.77682e-06
5.5231e-05
-5.10242e-06
5.52628e-05
-7.39099e-06
5.48235e-05
-9.4078e-06
5.36364e-05
-1.0993e-05
5.1156e-05
-1.16493e-05
4.63946e-05
-1.12095e-05
3.56117e-05
-6.89617e-06
1.69342e-05
5.44579e-06
-5.44667e-06
9.176e-06
-3.73595e-06
1.19625e-05
-2.78631e-06
1.31088e-05
-1.15155e-06
1.215e-05
9.59157e-07
8.24859e-06
3.90721e-06
1.93248e-06
6.3186e-06
-1.08412e-05
1.278e-05
-2.61941e-05
1.53536e-05
-3.80712e-05
1.18779e-05
-4.75479e-05
9.47672e-06
6.90002e-06
-5.44485e-05
1.91923e-06
-7.36677e-06
3.51025e-06
-5.32877e-06
2.3605e-06
-1.63869e-06
-1.3894e-06
2.59612e-06
-9.05213e-06
8.62118e-06
-2.06361e-05
1.54923e-05
-3.29652e-05
1.86484e-05
-3.96925e-05
1.95086e-05
-4.23109e-05
1.79724e-05
-4.50842e-05
1.46514e-05
-4.74835e-05
1.18759e-05
9.07197e-06
-4.9656e-05
1.18178e-07
-7.48461e-06
-1.7917e-06
-3.41964e-06
-6.47396e-06
3.04315e-06
-1.47116e-05
1.08333e-05
-2.38605e-05
1.77703e-05
-2.985e-05
2.14825e-05
-3.33408e-05
2.21397e-05
-3.50293e-05
2.11978e-05
-3.58675e-05
1.88107e-05
-3.6979e-05
1.57629e-05
-3.79962e-05
1.28928e-05
9.97604e-06
-3.89008e-05
-3.33293e-06
-4.15141e-06
-8.12335e-06
1.37046e-06
-1.40988e-05
9.01903e-06
-1.99645e-05
1.66993e-05
-2.40724e-05
2.18788e-05
-2.62383e-05
2.36492e-05
-2.72784e-05
2.31803e-05
-2.76928e-05
2.16127e-05
-2.79497e-05
1.90676e-05
-2.83199e-05
1.6133e-05
-2.86454e-05
1.3218e-05
1.02571e-05
-2.89267e-05
-4.73564e-06
5.83838e-07
-9.93302e-06
6.56887e-06
-1.44638e-05
1.35497e-05
-1.77022e-05
1.99389e-05
-1.92803e-05
2.34578e-05
-1.97314e-05
2.41012e-05
-1.96491e-05
2.30989e-05
-1.92224e-05
2.11863e-05
-1.88664e-05
1.8712e-05
-1.86928e-05
1.59593e-05
-1.86208e-05
1.31459e-05
1.02721e-05
-1.86362e-05
-4.94165e-06
5.52766e-06
-9.14413e-06
1.0771e-05
-1.20386e-05
1.64457e-05
-1.33163e-05
2.12177e-05
-1.32703e-05
2.34129e-05
-1.25505e-05
2.33828e-05
-1.15834e-05
2.21324e-05
-1.06224e-05
2.02262e-05
-9.83705e-06
1.79267e-05
-9.28183e-06
1.54045e-05
-8.91364e-06
1.27775e-05
1.00588e-05
-8.70027e-06
-4.32915e-06
9.85802e-06
-7.52392e-06
1.39674e-05
-8.97422e-06
1.78966e-05
-8.66785e-06
2.09126e-05
-7.27927e-06
2.20257e-05
-5.52448e-06
2.1629e-05
-3.7897e-06
2.03986e-05
-2.26144e-06
1.86985e-05
-1.02666e-06
1.66925e-05
-9.91532e-08
1.44772e-05
5.64011e-07
1.21145e-05
9.61595e-06
1.00693e-06
-3.87511e-06
1.37349e-05
-5.9896e-06
1.60826e-05
-5.98486e-06
1.78928e-05
-4.20658e-06
1.91352e-05
-1.57889e-06
1.93989e-05
1.16639e-06
1.88846e-05
3.68139e-06
1.78844e-05
5.82368e-06
1.65568e-05
7.55006e-06
1.49666e-05
8.87762e-06
1.31499e-05
9.86146e-06
1.11309e-05
8.91873e-06
1.05588e-05
-3.33443e-06
1.70708e-05
-4.41338e-06
1.71626e-05
-2.78584e-06
1.62658e-05
4.3547e-07
1.59145e-05
4.22448e-06
1.56105e-05
7.90484e-06
1.52048e-05
1.11711e-05
1.46187e-05
1.3916e-05
1.38124e-05
1.61302e-05
1.27528e-05
1.78559e-05
1.14245e-05
1.91649e-05
9.82211e-06
7.95554e-06
2.01283e-05
-3.55411e-06
2.06268e-05
-2.11996e-06
1.57293e-05
2.057e-06
1.20895e-05
6.83196e-06
1.114e-05
1.16134e-05
1.08295e-05
1.5979e-05
1.08398e-05
1.97459e-05
1.08523e-05
2.28747e-05
1.0684e-05
2.53968e-05
1.0231e-05
2.73774e-05
9.44421e-06
2.89043e-05
8.2954e-06
6.80247e-06
3.00575e-05
2.76372e-07
2.03525e-05
6.23653e-06
9.77014e-06
1.2557e-05
5.76957e-06
1.82605e-05
5.43725e-06
2.32464e-05
5.84429e-06
2.7498e-05
6.5887e-06
3.10591e-05
7.2918e-06
3.39833e-05
7.76023e-06
3.63398e-05
7.87487e-06
3.82016e-05
7.5828e-06
3.96596e-05
6.83762e-06
5.67578e-06
4.07865e-05
2.0365e-05
-1.13941e-08
2.87094e-05
1.42663e-06
3.39679e-05
5.11931e-07
3.81039e-05
1.30185e-06
4.13466e-05
2.60217e-06
4.40138e-05
3.92211e-06
4.62548e-05
5.05132e-06
4.81213e-05
5.89427e-06
4.96488e-05
6.34774e-06
5.08706e-05
6.36126e-06
5.18532e-05
5.85532e-06
5.26397e-05
4.88951e-06
-5.94683e-05
5.02004e-06
-6.23394e-05
2.87049e-06
-6.34884e-05
1.14936e-06
-6.28143e-05
-6.74523e-07
-6.05197e-05
-2.29414e-06
-5.64312e-05
-4.08879e-06
-5.04996e-05
-5.93113e-06
-4.25654e-05
-7.93402e-06
-3.25214e-05
-1.00437e-05
-2.05276e-05
-1.19934e-05
-8.43745e-06
-1.20894e-05
-8.43721e-06
-5.09598e-05
6.32375e-06
-5.17603e-05
3.67047e-06
-5.18214e-05
1.21053e-06
-5.12761e-05
-1.22016e-06
-4.98833e-05
-3.68674e-06
-4.75943e-05
-6.37795e-06
-4.41725e-05
-9.35259e-06
-3.94108e-05
-1.26954e-05
-3.30359e-05
-1.64183e-05
-2.48265e-05
-2.02025e-05
-1.38107e-05
-2.31048e-05
-2.22478e-05
-3.96325e-05
7.05517e-06
-4.0151e-05
4.18849e-06
-4.03128e-05
1.37225e-06
-4.00051e-05
-1.52826e-06
-3.90789e-05
-4.61294e-06
-3.74664e-05
-7.99054e-06
-3.50406e-05
-1.17782e-05
-3.16999e-05
-1.60358e-05
-2.73226e-05
-2.07954e-05
-2.13907e-05
-2.61343e-05
-1.29968e-05
-3.14983e-05
-3.52444e-05
-2.91707e-05
7.2988e-06
-2.93192e-05
4.33661e-06
-2.92639e-05
1.31678e-06
-2.89292e-05
-1.86326e-06
-2.82425e-05
-5.29964e-06
-2.71445e-05
-9.08867e-06
-2.55484e-05
-1.33742e-05
-2.33538e-05
-1.82303e-05
-2.03788e-05
-2.37702e-05
-1.61606e-05
-3.03522e-05
-9.83814e-06
-3.78204e-05
-4.50825e-05
-1.86932e-05
7.35558e-06
-1.87291e-05
4.37228e-06
-1.868e-05
1.26748e-06
-1.85012e-05
-2.0422e-06
-1.81539e-05
-5.64709e-06
-1.75943e-05
-9.6481e-06
-1.67703e-05
-1.41982e-05
-1.56082e-05
-1.93922e-05
-1.39127e-05
-2.54655e-05
-1.15137e-05
-3.27507e-05
-7.53678e-06
-4.17976e-05
-5.26191e-05
-8.59508e-06
7.25022e-06
-8.54951e-06
4.3266e-06
-8.52261e-06
1.2406e-06
-8.48881e-06
-2.07607e-06
-8.4307e-06
-5.70497e-06
-8.33252e-06
-9.74623e-06
-8.19907e-06
-1.43312e-05
-7.98017e-06
-1.96108e-05
-7.59062e-06
-2.58546e-05
-6.84451e-06
-3.34973e-05
-4.99487e-06
-4.36466e-05
-5.76143e-05
1.2774e-06
6.97982e-06
1.41522e-06
4.1889e-06
1.4471e-06
1.20884e-06
1.38263e-06
-2.01128e-06
1.21586e-06
-5.53795e-06
9.28645e-07
-9.45854e-06
4.89119e-07
-1.38913e-05
-1.18882e-07
-1.90024e-05
-8.85295e-07
-2.50881e-05
-1.70706e-06
-3.26747e-05
-2.17137e-06
-4.31828e-05
-5.97853e-05
1.10238e-05
6.515e-06
1.12942e-05
3.91869e-06
1.13888e-05
1.11456e-06
1.13045e-05
-1.92657e-06
1.10154e-05
-5.24825e-06
1.04717e-05
-8.91432e-06
9.59563e-06
-1.30146e-05
8.29311e-06
-1.76992e-05
6.45874e-06
-2.32529e-05
4.04709e-06
-3.0263e-05
1.39052e-06
-4.05253e-05
-5.83938e-05
2.08115e-05
5.83198e-06
2.12549e-05
3.47558e-06
2.14746e-05
8.95346e-07
2.14593e-05
-1.91073e-06
2.11682e-05
-4.9565e-06
2.05257e-05
-8.27105e-06
1.94034e-05
-1.18914e-05
1.76227e-05
-1.59176e-05
1.49284e-05
-2.05578e-05
1.10433e-05
-2.63768e-05
6.00533e-06
-3.5485e-05
-5.23879e-05
3.09158e-05
4.97391e-06
3.15226e-05
2.86916e-06
3.18951e-05
5.23289e-07
3.20178e-05
-2.03279e-06
3.18396e-05
-4.77766e-06
3.12679e-05
-7.69852e-06
3.01299e-05
-1.07526e-05
2.81663e-05
-1.39531e-05
2.49539e-05
-1.73443e-05
1.9971e-05
-2.13924e-05
1.23524e-05
-2.78659e-05
-4.00329e-05
4.16708e-05
4.08989e-06
4.23506e-05
2.18976e-06
4.28442e-05
3.02087e-08
4.31339e-05
-2.32188e-06
4.31613e-05
-4.80442e-06
4.28239e-05
-7.36033e-06
4.19213e-05
-9.84915e-06
4.01528e-05
-1.21835e-05
3.69439e-05
-1.41345e-05
3.15276e-05
-1.59756e-05
2.13495e-05
-1.76846e-05
-1.86824e-05
5.33283e-05
3.40162e-06
5.39369e-05
1.58143e-06
5.44805e-05
-5.12953e-07
5.49352e-05
-2.77625e-06
5.52337e-05
-5.10236e-06
5.52656e-05
-7.39177e-06
5.48266e-05
-9.4095e-06
5.36395e-05
-1.09958e-05
5.11587e-05
-1.16531e-05
4.6397e-05
-1.12128e-05
3.56129e-05
-6.90053e-06
1.69321e-05
6.75873e-05
4.01343e-06
-7.1612e-05
6.67672e-05
2.24961e-06
6.51874e-05
2.09436e-06
6.4288e-05
2.20338e-06
6.39837e-05
2.90749e-06
6.40491e-05
3.85673e-06
6.42993e-05
4.79994e-06
6.46007e-05
5.59072e-06
6.48793e-05
6.06612e-06
6.51005e-05
6.13661e-06
6.53001e-05
5.65202e-06
4.6923e-06
6.54937e-05
8.69019e-05
3.21314e-06
-8.61018e-05
8.64348e-05
2.71707e-06
8.55845e-05
2.94496e-06
8.45427e-05
3.24557e-06
8.3559e-05
3.89158e-06
8.26721e-05
4.74401e-06
8.18591e-05
5.6133e-06
8.10895e-05
6.36067e-06
8.03508e-05
6.80515e-06
7.96552e-05
6.83244e-06
7.90805e-05
6.22707e-06
5.09493e-06
7.8678e-05
0.000100238
2.38742e-06
-9.9412e-05
0.000100387
2.56821e-06
0.000100186
3.14637e-06
9.96456e-05
3.78683e-06
9.88634e-05
4.67421e-06
9.7893e-05
5.71489e-06
9.67712e-05
6.73558e-06
9.55434e-05
7.58898e-06
9.42717e-05
8.07728e-06
9.30572e-05
8.04736e-06
9.20459e-05
7.2386e-06
5.7279e-06
9.1413e-05
0.000112079
-0.000111704
2.01145e-06
0.000112168
2.48e-06
0.000111988
3.32596e-06
0.000111501
4.2737e-06
0.000110717
5.45892e-06
0.000109669
6.76348e-06
0.000108408
7.99655e-06
0.000107026
8.97157e-06
0.000105646
9.45758e-06
0.000104459
9.23415e-06
0.00010367
8.02815e-06
0.000103721
5.67645e-06
6.58177e-05
3.07439e-06
6.62594e-05
1.13724e-06
6.68251e-05
-1.08038e-06
6.747e-05
-3.42218e-06
6.81029e-05
-5.73554e-06
6.85914e-05
-7.87992e-06
6.87415e-05
-9.55881e-06
6.83345e-05
-1.05876e-05
6.71341e-05
-1.04523e-05
6.48611e-05
-8.93929e-06
6.30538e-05
-5.09327e-06
8.3736e-06
7.16093e-05
7.86968e-05
3.05572e-06
7.90712e-05
7.62843e-07
7.97866e-05
-1.79577e-06
8.07461e-05
-4.38159e-06
8.18105e-05
-6.79992e-06
8.27953e-05
-8.86472e-06
8.34946e-05
-1.0258e-05
8.36745e-05
-1.07676e-05
8.3256e-05
-1.00335e-05
8.20781e-05
-7.76207e-06
8.16474e-05
-4.6627e-06
3.92256e-06
8.60986e-05
9.15697e-05
2.89936e-06
9.22765e-05
5.62041e-08
9.34634e-05
-2.9826e-06
9.49306e-05
-5.84872e-06
9.64774e-05
-8.34683e-06
9.78605e-05
-1.0248e-05
9.88693e-05
-1.12669e-05
9.92649e-05
-1.11632e-05
9.90376e-05
-9.80663e-06
9.81602e-05
-6.88453e-06
9.74298e-05
-3.93258e-06
1.9426e-06
9.94096e-05
0.00010497
1.65102e-06
0.000106576
-1.55018e-06
0.000108497
-4.90379e-06
0.000110423
-7.775e-06
0.000112148
-1.00715e-05
0.000113447
-1.15474e-05
0.000114176
-1.19962e-05
0.000114197
-1.11845e-05
0.000113578
-9.18785e-06
0.000112518
-5.82577e-06
0.000111281
-2.69573e-06
0.000111703
1.5208e-06
6.75865e-05
4.00831e-06
6.67673e-05
2.24217e-06
6.51883e-05
2.08638e-06
6.42892e-05
2.19601e-06
6.3985e-05
2.90081e-06
6.40499e-05
3.8513e-06
6.42995e-05
4.79608e-06
6.46002e-05
5.58868e-06
6.4878e-05
6.066e-06
6.50984e-05
6.13826e-06
6.52972e-05
5.65509e-06
4.69632e-06
6.54903e-05
8.68992e-05
3.20803e-06
8.64325e-05
2.70923e-06
8.5583e-05
2.9367e-06
8.45418e-05
3.23758e-06
8.35584e-05
3.88463e-06
8.26715e-05
4.73866e-06
8.18582e-05
5.60988e-06
8.1088e-05
6.35933e-06
8.03485e-05
6.80583e-06
7.96521e-05
6.83496e-06
7.90766e-05
6.23087e-06
5.09959e-06
7.86736e-05
0.000100236
2.38179e-06
0.000100385
2.56011e-06
0.000100185
3.13733e-06
9.9644e-05
3.77862e-06
9.88618e-05
4.66733e-06
9.78912e-05
5.70982e-06
9.67689e-05
6.73272e-06
9.55404e-05
7.58833e-06
9.4268e-05
8.07876e-06
9.30528e-05
8.05069e-06
9.20407e-05
7.24316e-06
5.73304e-06
9.14074e-05
0.000112079
2.00594e-06
0.000112167
2.47203e-06
0.000111987
3.31755e-06
0.0001115
4.26596e-06
0.000110715
5.45259e-06
0.000109666
6.75916e-06
0.000108405
7.99449e-06
0.000107022
8.97183e-06
0.000105641
9.46001e-06
0.000104453
9.23841e-06
0.000103663
8.03356e-06
0.000103715
5.68174e-06
6.58142e-05
3.07873e-06
6.6256e-05
1.14157e-06
6.68221e-05
-1.0762e-06
6.74676e-05
-3.4183e-06
6.81011e-05
-5.73192e-06
6.85903e-05
-7.8765e-06
6.87411e-05
-9.55536e-06
6.83345e-05
-1.0584e-05
6.71347e-05
-1.0448e-05
6.48615e-05
-8.93513e-06
6.30543e-05
-5.08847e-06
8.37725e-06
7.1609e-05
7.86924e-05
3.06016e-06
7.90672e-05
7.66923e-07
7.97833e-05
-1.79218e-06
8.07435e-05
-4.37845e-06
8.18087e-05
-6.79713e-06
8.27942e-05
-8.86203e-06
8.34941e-05
-1.02552e-05
8.36744e-05
-1.07643e-05
8.3256e-05
-1.00297e-05
8.20785e-05
-7.75748e-06
8.16475e-05
-4.65843e-06
3.9271e-06
8.60982e-05
9.15644e-05
2.90357e-06
9.2272e-05
5.96419e-08
9.34599e-05
-2.9799e-06
9.49279e-05
-5.8465e-06
9.64756e-05
-8.34484e-06
9.78593e-05
-1.02459e-05
9.88683e-05
-1.12645e-05
9.9264e-05
-1.11601e-05
9.90368e-05
-9.8028e-06
9.81593e-05
-6.88055e-06
9.7429e-05
-3.92783e-06
1.94705e-06
9.94084e-05
0.000104964
1.65437e-06
0.000106572
-1.54775e-06
0.000108494
-4.90201e-06
0.00011042
-7.77352e-06
0.000112145
-1.00699e-05
0.000113445
-1.15455e-05
0.000114174
-1.19938e-05
0.000114195
-1.11814e-05
0.000113575
-9.18418e-06
0.000112516
-5.82154e-06
0.000111279
-2.69166e-06
0.000111701
1.52544e-06
6.75835e-05
4.01074e-06
6.67633e-05
2.24595e-06
6.51845e-05
2.09171e-06
6.42859e-05
2.20174e-06
6.39822e-05
2.90679e-06
6.40477e-05
3.85679e-06
6.42979e-05
4.80058e-06
6.45991e-05
5.59188e-06
6.48776e-05
6.06766e-06
6.50986e-05
6.13835e-06
6.52981e-05
5.65379e-06
4.69392e-06
6.54917e-05
8.68973e-05
3.21179e-06
8.64295e-05
2.71399e-06
8.55793e-05
2.94228e-06
8.45376e-05
3.24367e-06
8.35541e-05
3.89068e-06
8.26672e-05
4.74394e-06
8.18542e-05
5.61389e-06
8.10846e-05
6.36177e-06
8.0346e-05
6.80658e-06
7.96507e-05
6.83396e-06
7.90763e-05
6.22853e-06
5.09611e-06
7.86743e-05
0.000100234
2.38647e-06
0.000100382
2.56571e-06
0.000100181
3.14405e-06
9.96396e-05
3.78533e-06
9.8857e-05
4.67373e-06
9.78862e-05
5.71514e-06
9.67642e-05
6.73636e-06
9.55364e-05
7.58999e-06
9.4265e-05
8.07837e-06
9.30511e-05
8.04832e-06
9.20406e-05
7.23936e-06
5.72823e-06
9.14086e-05
0.000112076
2.01096e-06
0.000112163
2.47823e-06
0.000111983
3.32433e-06
0.000111496
4.27306e-06
0.00011071
5.45908e-06
0.000109662
6.76417e-06
0.000108401
7.99736e-06
0.000107019
8.97228e-06
0.000105639
9.45806e-06
0.000104453
9.23439e-06
0.000103665
8.02818e-06
0.000103717
5.67603e-06
6.58159e-05
3.0756e-06
6.62579e-05
1.13812e-06
6.68239e-05
-1.0798e-06
6.74691e-05
-3.4218e-06
6.81022e-05
-5.73519e-06
6.85907e-05
-7.87921e-06
6.87406e-05
-9.55737e-06
6.83332e-05
-1.05851e-05
6.71324e-05
-1.04487e-05
6.48591e-05
-8.93523e-06
6.30515e-05
-5.08848e-06
8.37921e-06
7.16066e-05
7.86938e-05
3.05628e-06
7.9069e-05
7.6306e-07
7.9785e-05
-1.79578e-06
8.07449e-05
-4.3816e-06
8.18094e-05
-6.79966e-06
8.2794e-05
-8.8638e-06
8.34927e-05
-1.02561e-05
8.36719e-05
-1.07643e-05
8.32525e-05
-1.00291e-05
8.2074e-05
-7.75737e-06
8.16429e-05
-4.65752e-06
3.92833e-06
8.60939e-05
9.15663e-05
2.89887e-06
9.22741e-05
5.55258e-08
9.34616e-05
-2.98322e-06
9.49289e-05
-5.84894e-06
9.64755e-05
-8.34632e-06
9.7858e-05
-1.02464e-05
9.88658e-05
-1.1264e-05
9.92602e-05
-1.11589e-05
9.90319e-05
-9.80119e-06
9.81537e-05
-6.87905e-06
9.7423e-05
-3.92713e-06
1.94822e-06
9.9403e-05
0.000104967
1.64967e-06
0.000106574
-1.55129e-06
0.000108495
-4.90435e-06
0.00011042
-7.77474e-06
0.000112144
-1.00701e-05
0.000113442
-1.15447e-05
0.00011417
-1.19921e-05
0.00011419
-1.11792e-05
0.00011357
-9.18178e-06
0.00011251
-5.81994e-06
0.000111273
-2.69043e-06
0.000111695
1.52595e-06
6.75818e-05
4.01363e-06
6.67613e-05
2.24768e-06
6.51816e-05
2.09182e-06
6.42826e-05
2.20154e-06
6.39788e-05
2.90652e-06
6.40447e-05
3.85689e-06
6.42955e-05
4.80118e-06
6.45975e-05
5.5929e-06
6.48767e-05
6.06905e-06
6.50984e-05
6.13997e-06
6.52984e-05
5.6556e-06
4.69569e-06
6.54926e-05
8.68939e-05
3.21406e-06
8.64264e-05
2.71542e-06
8.55763e-05
2.94278e-06
8.45348e-05
3.24347e-06
8.35514e-05
3.89031e-06
8.2665e-05
4.74381e-06
8.18525e-05
5.61414e-06
8.10835e-05
6.36238e-06
8.03454e-05
6.80748e-06
7.96506e-05
6.83512e-06
7.90766e-05
6.22988e-06
5.09758e-06
7.86751e-05
0.000100229
2.38777e-06
0.000100379
2.56638e-06
0.000100178
3.14361e-06
9.9637e-05
3.7847e-06
9.88549e-05
4.67301e-06
9.78845e-05
5.71471e-06
9.67628e-05
6.73636e-06
9.55354e-05
7.59037e-06
9.42644e-05
8.07901e-06
9.30508e-05
8.04917e-06
9.20406e-05
7.24045e-06
5.72952e-06
9.14088e-05
0.000112072
2.01153e-06
0.00011216
2.47801e-06
0.000111981
3.32365e-06
0.000111494
4.2719e-06
0.000110709
5.45802e-06
0.000109661
6.76357e-06
0.0001084
7.99733e-06
0.000107018
8.97264e-06
0.000105639
9.45861e-06
0.000104453
9.23502e-06
0.000103665
8.02909e-06
0.000103718
5.67716e-06
6.58172e-05
3.07727e-06
6.62596e-05
1.13938e-06
6.6826e-05
-1.07901e-06
6.74716e-05
-3.42154e-06
6.8105e-05
-5.73551e-06
6.8594e-05
-7.88044e-06
6.87444e-05
-9.5596e-06
6.83374e-05
-1.05885e-05
6.71373e-05
-1.04527e-05
6.48637e-05
-8.93946e-06
6.30565e-05
-5.09218e-06
8.37633e-06
7.86948e-05
3.05772e-06
7.90703e-05
7.64101e-07
7.97867e-05
-1.79532e-06
8.0747e-05
-4.38175e-06
8.18121e-05
-6.80064e-06
8.27975e-05
-8.86581e-06
8.34972e-05
-1.02593e-05
8.36774e-05
-1.07687e-05
8.32588e-05
-1.00343e-05
8.20811e-05
-7.76152e-06
8.16502e-05
-4.66211e-06
3.92493e-06
9.15667e-05
2.90024e-06
9.22748e-05
5.63278e-08
9.34629e-05
-2.98324e-06
9.4931e-05
-5.84984e-06
9.64786e-05
-8.34834e-06
9.78624e-05
-1.02497e-05
9.88715e-05
-1.12686e-05
9.92672e-05
-1.11645e-05
9.90401e-05
-9.80731e-06
9.81625e-05
-6.88451e-06
9.74322e-05
-3.93158e-06
1.94471e-06
0.000104967
1.65089e-06
0.000106575
-1.55118e-06
0.000108497
-4.90544e-06
0.000110424
-7.77698e-06
0.000112149
-1.00736e-05
0.000113448
-1.15495e-05
0.000114178
-1.19981e-05
0.000114198
-1.11858e-05
0.000113579
-9.1885e-06
0.00011252
-5.82539e-06
0.000111282
-2.69511e-06
1.52317e-06
-3.72446e-05
2.06928e-06
3.71867e-05
-3.77043e-05
2.93973e-06
-3.84612e-05
4.08301e-06
-3.95239e-05
5.33665e-06
-4.08258e-05
6.76114e-06
-4.22476e-05
8.18573e-06
-4.36349e-05
9.38432e-06
-4.47855e-05
1.01226e-05
-4.54712e-05
1.01437e-05
-4.54497e-05
9.2131e-06
-4.44971e-05
7.07573e-06
3.53402e-06
-4.23552e-05
-3.3139e-05
2.5576e-06
3.26499e-05
-3.39793e-05
3.77985e-06
-3.50879e-05
5.19135e-06
-3.64352e-05
6.68391e-06
-3.78992e-05
8.22506e-06
-3.93097e-05
9.59622e-06
-4.04619e-05
1.05366e-05
-4.11267e-05
1.07875e-05
-4.10936e-05
1.01107e-05
-4.02181e-05
8.33765e-06
-3.84278e-05
5.28503e-06
7.26502e-07
-3.56196e-05
-2.92178e-05
3.29026e-06
2.84848e-05
-3.02405e-05
4.80231e-06
-3.14799e-05
6.43052e-06
-3.28716e-05
8.07542e-06
-3.42643e-05
9.61775e-06
-3.54649e-05
1.07968e-05
-3.62592e-05
1.1331e-05
-3.64355e-05
1.0964e-05
-3.58423e-05
9.51771e-06
-3.44644e-05
6.95983e-06
-3.24454e-05
3.26639e-06
-1.91616e-06
-2.98033e-05
-2.54014e-05
2.45973e-05
4.09359e-06
-2.64282e-05
5.82867e-06
-2.76097e-05
7.61161e-06
-2.88594e-05
9.32463e-06
-3.00171e-05
1.07752e-05
-3.08855e-05
1.1665e-05
-3.1252e-05
1.16973e-05
-3.09154e-05
1.06273e-05
-2.97391e-05
8.34143e-06
-2.77561e-05
4.97687e-06
-2.5233e-05
7.4301e-07
-2.41851e-05
-2.96362e-06
-3.91508e-05
-1.55266e-06
-3.68487e-05
-3.85198e-06
-3.49055e-05
-6.84699e-06
-3.34551e-05
-9.22554e-06
-3.26073e-05
-1.09196e-05
-3.24094e-05
-1.17456e-05
-3.28473e-05
-1.15588e-05
-3.38056e-05
-1.02266e-05
-3.51078e-05
-7.88624e-06
-3.63138e-05
-4.62007e-06
-3.73185e-05
-1.6915e-06
1.38766e-06
-3.71857e-05
-3.16805e-05
-5.49175e-06
-2.94255e-05
-6.10705e-06
-2.7916e-05
-8.35667e-06
-2.70162e-05
-1.01257e-05
-2.67666e-05
-1.11697e-05
-2.71268e-05
-1.13859e-05
-2.80047e-05
-1.06813e-05
-2.92184e-05
-9.01338e-06
-3.05442e-05
-6.56093e-06
-3.16348e-05
-3.53017e-06
-3.24429e-05
-8.83776e-07
1.59178e-06
-3.26473e-05
-2.54875e-05
-9.80678e-06
-2.3634e-05
-7.9605e-06
-2.26727e-05
-9.31812e-06
-2.22455e-05
-1.05532e-05
-2.23641e-05
-1.10514e-05
-2.29741e-05
-1.07762e-05
-2.39678e-05
-9.68804e-06
-2.51638e-05
-7.8178e-06
-2.63591e-05
-5.36615e-06
-2.73144e-05
-2.57514e-06
-2.8043e-05
-1.55682e-07
2.02968e-06
-2.84812e-05
-1.95535e-05
-1.44386e-05
-1.86459e-05
-8.86832e-06
-1.83776e-05
-9.58674e-06
-1.83901e-05
-1.05412e-05
-1.87506e-05
-1.06912e-05
-1.94561e-05
-1.00711e-05
-2.04232e-05
-8.72137e-06
-2.15026e-05
-6.73876e-06
-2.25348e-05
-4.3344e-06
-2.33657e-05
-1.74482e-06
-2.40415e-05
5.19732e-07
-2.45936e-05
2.58154e-06
-3.72434e-05
2.06352e-06
-3.77036e-05
2.93252e-06
-3.84615e-05
4.07514e-06
-3.95251e-05
5.32994e-06
-4.0828e-05
6.75585e-06
-4.22509e-05
8.18247e-06
-4.36393e-05
9.38334e-06
-4.47909e-05
1.0124e-05
-4.54779e-05
1.01474e-05
-4.54576e-05
9.21849e-06
-4.45054e-05
7.08161e-06
3.53857e-06
-4.23629e-05
-3.31369e-05
2.55309e-06
-3.39784e-05
3.77398e-06
-3.5088e-05
5.18539e-06
-3.64366e-05
6.67845e-06
-3.79018e-05
8.22096e-06
-3.93134e-05
9.59405e-06
-4.04668e-05
1.05368e-05
-4.1133e-05
1.07903e-05
-4.11013e-05
1.01159e-05
-4.02271e-05
8.34425e-06
-3.84374e-05
5.29134e-06
7.3029e-07
-3.56284e-05
-2.92154e-05
3.28707e-06
-3.02394e-05
4.79807e-06
-3.14803e-05
6.4257e-06
-3.28731e-05
8.07129e-06
-3.42671e-05
9.61483e-06
-3.54689e-05
1.07957e-05
-3.62645e-05
1.13324e-05
-3.64422e-05
1.09682e-05
-3.58505e-05
9.52433e-06
-3.4474e-05
6.96772e-06
-3.24558e-05
3.2733e-06
-1.9132e-06
-2.98132e-05
-2.5399e-05
4.09237e-06
-2.64273e-05
5.82613e-06
-2.76101e-05
7.60868e-06
-2.88609e-05
9.32182e-06
-3.00199e-05
1.07734e-05
-3.08895e-05
1.1665e-05
-3.12573e-05
1.16998e-05
-3.09219e-05
1.06326e-05
-2.9747e-05
8.34929e-06
-2.77652e-05
4.98584e-06
-2.52429e-05
7.50305e-07
-2.41953e-05
-2.96064e-06
-3.91566e-05
-1.55106e-06
-3.68536e-05
-3.85032e-06
-3.491e-05
-6.84559e-06
-3.34593e-05
-9.22438e-06
-3.26112e-05
-1.09184e-05
-3.2413e-05
-1.17441e-05
-3.28506e-05
-1.15567e-05
-3.38087e-05
-1.02239e-05
-3.51106e-05
-7.88275e-06
-3.63165e-05
-4.6164e-06
-3.73211e-05
-1.68715e-06
1.3922e-06
-3.71888e-05
-3.16872e-05
-5.49232e-06
-2.94314e-05
-6.10613e-06
-2.79216e-05
-8.35552e-06
-2.70215e-05
-1.01248e-05
-2.67714e-05
-1.11689e-05
-2.71311e-05
-1.13849e-05
-2.80085e-05
-1.06797e-05
-2.92218e-05
-9.01109e-06
-3.05473e-05
-6.55793e-06
-3.16377e-05
-3.52646e-06
-3.2446e-05
-8.79843e-07
1.59655e-06
-3.26505e-05
-2.54947e-05
-9.80996e-06
-2.36405e-05
-7.96028e-06
-2.2679e-05
-9.31721e-06
-2.22514e-05
-1.05528e-05
-2.23694e-05
-1.10513e-05
-2.29787e-05
-1.07758e-05
-2.39718e-05
-9.68713e-06
-2.51673e-05
-7.81606e-06
-2.63622e-05
-5.36353e-06
-2.73174e-05
-2.57193e-06
-2.80458e-05
-1.51666e-07
2.03404e-06
-2.84842e-05
-1.95605e-05
-1.44452e-05
-1.86525e-05
-8.86859e-06
-1.83841e-05
-9.58596e-06
-1.83961e-05
-1.05412e-05
-1.8756e-05
-1.06918e-05
-1.94607e-05
-1.00715e-05
-2.04271e-05
-8.72115e-06
-2.1506e-05
-6.73761e-06
-2.25378e-05
-4.33229e-06
-2.33685e-05
-1.7418e-06
-2.40441e-05
5.23189e-07
-2.45959e-05
2.58555e-06
-3.7247e-05
2.069e-06
-3.77077e-05
2.93888e-06
-3.84656e-05
4.08226e-06
-3.95288e-05
5.33651e-06
-4.08308e-05
6.7613e-06
-4.22523e-05
8.18602e-06
-4.3639e-05
9.38448e-06
-4.4789e-05
1.01227e-05
-4.54745e-05
1.01439e-05
-4.54531e-05
9.21347e-06
-4.45008e-05
7.07613e-06
3.53394e-06
-4.23593e-05
-3.31404e-05
2.55843e-06
-3.39818e-05
3.77991e-06
-3.50909e-05
5.1912e-06
-3.64384e-05
6.68378e-06
-3.7902e-05
8.22479e-06
-3.93118e-05
9.59573e-06
-4.04634e-05
1.05361e-05
-4.1128e-05
1.07873e-05
-4.10953e-05
1.01113e-05
-4.02208e-05
8.33903e-06
-3.84319e-05
5.28675e-06
7.27457e-07
-3.56247e-05
-2.92182e-05
3.29202e-06
-3.02417e-05
4.80311e-06
-3.14814e-05
6.43063e-06
-3.28729e-05
8.07498e-06
-3.4265e-05
9.61677e-06
-3.54649e-05
1.07955e-05
-3.62588e-05
1.133e-05
-3.64354e-05
1.0964e-05
-3.58433e-05
9.51927e-06
-3.44671e-05
6.96295e-06
-3.24501e-05
3.27006e-06
-1.91389e-06
-2.98094e-05
-2.54009e-05
4.09642e-06
-2.64283e-05
5.82996e-06
-2.76099e-05
7.61171e-06
-2.88591e-05
9.3237e-06
-3.00163e-05
1.07735e-05
-3.08841e-05
1.1663e-05
-3.12505e-05
1.1696e-05
-3.09146e-05
1.06278e-05
-2.97397e-05
8.34435e-06
-2.77588e-05
4.9821e-06
-2.5238e-05
7.48922e-07
-2.41917e-05
-2.95972e-06
-3.9155e-05
-1.55385e-06
-3.68536e-05
-3.85237e-06
-3.49113e-05
-6.84665e-06
-3.34618e-05
-9.22441e-06
-3.26148e-05
-1.09175e-05
-3.24175e-05
-1.17424e-05
-3.28557e-05
-1.15544e-05
-3.38139e-05
-1.02213e-05
-3.51159e-05
-7.88049e-06
-3.63214e-05
-4.61465e-06
-3.73256e-05
-1.68667e-06
1.39238e-06
-3.71924e-05
-3.16861e-05
-5.49253e-06
-2.94319e-05
-6.10657e-06
-2.79233e-05
-8.35543e-06
-2.70242e-05
-1.01239e-05
-2.6775e-05
-1.11671e-05
-2.71353e-05
-1.13825e-05
-2.80131e-05
-1.06771e-05
-2.92264e-05
-9.00851e-06
-3.05514e-05
-6.55582e-06
-3.16414e-05
-3.52539e-06
-3.2449e-05
-8.7952e-07
1.59593e-06
-3.26527e-05
-2.54936e-05
-9.80748e-06
-2.36409e-05
-7.95929e-06
-2.26803e-05
-9.31621e-06
-2.22534e-05
-1.0551e-05
-2.23722e-05
-1.10487e-05
-2.29821e-05
-1.07729e-05
-2.39754e-05
-9.68421e-06
-2.51707e-05
-7.81355e-06
-2.63653e-05
-5.36181e-06
-2.73198e-05
-2.57111e-06
-2.80477e-05
-1.5208e-07
2.03317e-06
-2.84852e-05
-1.95595e-05
-1.444e-05
-1.86525e-05
-8.8665e-06
-1.83847e-05
-9.58433e-06
-1.83974e-05
-1.05387e-05
-1.87578e-05
-1.06886e-05
-1.9463e-05
-1.00682e-05
-2.04296e-05
-8.71806e-06
-2.15083e-05
-6.73521e-06
-2.25397e-05
-4.33085e-06
-2.33698e-05
-1.74156e-06
-2.40449e-05
5.2263e-07
-2.45963e-05
2.58431e-06
-3.72496e-05
2.06862e-06
-3.77092e-05
2.93796e-06
-3.84666e-05
4.08069e-06
-3.95295e-05
5.33522e-06
-4.08314e-05
6.76035e-06
-4.2253e-05
8.18562e-06
-4.36398e-05
9.38456e-06
-4.47896e-05
1.01229e-05
-4.54746e-05
1.01441e-05
-4.54526e-05
9.21355e-06
-4.44997e-05
7.07634e-06
3.53414e-06
-4.23573e-05
-3.31416e-05
2.55751e-06
-3.39824e-05
3.77864e-06
-3.50912e-05
5.19008e-06
-3.64387e-05
6.6827e-06
-3.79025e-05
8.22415e-06
-3.93125e-05
9.59556e-06
-4.0464e-05
1.05361e-05
-4.11282e-05
1.07872e-05
-4.10946e-05
1.01107e-05
-4.0219e-05
8.33802e-06
-3.84289e-05
5.28566e-06
7.26366e-07
-3.56204e-05
-2.92186e-05
3.29071e-06
-3.02418e-05
4.80183e-06
-3.14815e-05
6.42935e-06
-3.28731e-05
8.07431e-06
-3.42656e-05
9.61652e-06
-3.54656e-05
1.07955e-05
-3.62592e-05
1.13298e-05
-3.6435e-05
1.09631e-05
-3.58417e-05
9.5175e-06
-3.4464e-05
6.96041e-06
-3.24456e-05
3.26737e-06
-1.91656e-06
-2.98034e-05
-2.54008e-05
4.09516e-06
-2.64281e-05
5.82892e-06
-2.76098e-05
7.61121e-06
-2.88593e-05
9.32354e-06
-3.00168e-05
1.07736e-05
-3.08847e-05
1.1663e-05
-3.12507e-05
1.16954e-05
-3.09137e-05
1.0626e-05
-2.97375e-05
8.34123e-06
-2.7755e-05
4.97787e-06
-2.52326e-05
7.44379e-07
-2.41845e-05
-2.96452e-06
-3.91517e-05
-1.55379e-06
-3.68486e-05
-3.85392e-06
-3.49047e-05
-6.84929e-06
-3.3454e-05
-9.22783e-06
-3.26061e-05
-1.09218e-05
-3.24084e-05
-1.17475e-05
-3.28467e-05
-1.15602e-05
-3.38057e-05
-1.02274e-05
-3.51085e-05
-7.88621e-06
-3.63149e-05
-4.61974e-06
-3.73195e-05
-1.69066e-06
1.38979e-06
-3.16805e-05
-5.49377e-06
-2.94246e-05
-6.10975e-06
-2.79147e-05
-8.35935e-06
-2.70149e-05
-1.01279e-05
-2.67656e-05
-1.11715e-05
-2.71264e-05
-1.13871e-05
-2.80052e-05
-1.06818e-05
-2.92199e-05
-9.01318e-06
-3.05465e-05
-6.5602e-06
-3.16377e-05
-3.52904e-06
-3.24461e-05
-8.83155e-07
1.59334e-06
-2.54869e-05
-9.80949e-06
-2.36328e-05
-7.96384e-06
-2.26713e-05
-9.32099e-06
-2.22442e-05
-1.05553e-05
-2.23634e-05
-1.10526e-05
-2.29743e-05
-1.07765e-05
-2.3969e-05
-9.68747e-06
-2.51662e-05
-7.81649e-06
-2.63625e-05
-5.36441e-06
-2.73186e-05
-2.57358e-06
-2.80473e-05
-1.54755e-07
2.03021e-06
-1.95527e-05
-1.44417e-05
-1.86446e-05
-8.87217e-06
-1.83763e-05
-9.58962e-06
-1.8389e-05
-1.05429e-05
-1.87502e-05
-1.06918e-05
-1.94566e-05
-1.00705e-05
-2.04248e-05
-8.71966e-06
-2.15055e-05
-6.73631e-06
-2.25387e-05
-4.33173e-06
-2.33703e-05
-1.74247e-06
-2.40463e-05
5.205e-07
2.58094e-06
-2.16829e-05
4.83566e-06
2.09403e-05
-2.25754e-05
6.72066e-06
-2.3554e-05
8.5898e-06
-2.45241e-05
1.02943e-05
-2.53295e-05
1.15803e-05
-2.57757e-05
1.2111e-05
-2.56412e-05
1.15627e-05
-2.46816e-05
9.66758e-06
-2.26168e-05
6.27678e-06
-1.90392e-05
1.39941e-06
-1.2861e-05
-5.43457e-06
-1.58236e-05
-1.80996e-05
5.42424e-06
1.75103e-05
-1.87633e-05
7.38382e-06
-1.94437e-05
9.26976e-06
-2.00494e-05
1.08996e-05
-2.04386e-05
1.19692e-05
-2.04298e-05
1.21019e-05
-1.98017e-05
1.09343e-05
-1.82826e-05
8.14837e-06
-1.55226e-05
3.51666e-06
-1.0984e-05
-3.13907e-06
-4.79131e-06
-1.16268e-05
-2.06142e-05
-1.47036e-05
5.80398e-06
1.43232e-05
-1.50864e-05
7.76614e-06
-1.54219e-05
9.60479e-06
-1.56321e-05
1.11094e-05
-1.56018e-05
1.19385e-05
-1.51828e-05
1.16826e-05
-1.41925e-05
9.94381e-06
-1.24158e-05
6.37153e-06
-9.66926e-06
7.70087e-07
-5.9657e-06
-6.84242e-06
-2.11604e-06
-1.54759e-05
-2.27292e-05
-1.15449e-05
5.94765e-06
1.14007e-05
-1.16287e-05
7.84946e-06
-1.1612e-05
9.58776e-06
-1.14385e-05
1.09356e-05
-1.10316e-05
1.15314e-05
-1.02977e-05
1.09485e-05
-9.13134e-06
8.7773e-06
-7.43626e-06
4.67632e-06
-5.25179e-06
-1.41445e-06
-2.89046e-06
-9.20374e-06
-9.21575e-07
-1.74445e-05
-2.36506e-05
-8.66412e-06
5.84872e-06
8.76247e-06
-8.45296e-06
7.63794e-06
-8.1021e-06
9.23655e-06
-7.58132e-06
1.04144e-05
-6.85991e-06
1.08096e-05
-5.91109e-06
9.99929e-06
-4.72065e-06
7.58662e-06
-3.30712e-06
3.26258e-06
-1.83077e-06
-2.89085e-06
-5.67769e-07
-1.04666e-05
2.71136e-07
-1.82833e-05
-2.3379e-05
-6.08585e-06
5.51649e-06
6.41768e-06
-5.59781e-06
7.14972e-06
-4.94273e-06
8.58132e-06
-4.11854e-06
9.59008e-06
-3.14103e-06
9.83197e-06
-2.05063e-06
8.9088e-06
-9.16124e-07
6.45206e-06
1.66263e-07
2.18014e-06
9.92991e-07
-3.71761e-06
1.38702e-06
-1.08607e-05
1.27245e-06
-1.81687e-05
-2.21065e-05
-3.81734e-06
4.97039e-06
4.36309e-06
-3.07826e-06
6.41039e-06
-2.15232e-06
7.65541e-06
-1.06509e-06
8.50264e-06
1.25649e-07
8.64104e-06
1.31974e-06
7.71453e-06
2.38197e-06
5.3896e-06
3.17163e-06
1.39036e-06
3.46262e-06
-4.00871e-06
3.13809e-06
-1.05362e-05
2.20924e-06
-1.72398e-05
-1.98972e-05
-1.84907e-06
4.23557e-06
2.58341e-06
-8.88402e-07
5.44994e-06
2.7621e-07
6.49089e-06
1.59436e-06
7.18455e-06
2.97316e-06
7.26225e-06
4.26285e-06
6.42477e-06
5.27589e-06
4.37663e-06
5.84471e-06
8.21482e-07
5.70749e-06
-3.87145e-06
4.74671e-06
-9.57539e-06
3.00622e-06
-1.54994e-05
-1.68909e-05
-1.55317e-07
3.34131e-06
1.05064e-06
9.96768e-07
4.29709e-06
2.37164e-06
5.11717e-06
3.89742e-06
5.65863e-06
5.45414e-06
5.70574e-06
6.85078e-06
5.02856e-06
7.85544e-06
3.37153e-06
8.2807e-06
3.96543e-07
7.80072e-06
-3.39176e-06
6.24356e-06
-8.01874e-06
3.67866e-06
-1.29342e-05
-1.32124e-05
1.30906e-06
2.31333e-06
-2.80959e-07
2.62488e-06
2.98197e-06
4.18586e-06
3.55752e-06
5.9045e-06
3.94067e-06
7.63975e-06
3.97122e-06
9.16505e-06
3.50377e-06
1.02032e-05
2.33356e-06
1.05529e-05
4.69753e-08
9.78269e-06
-2.62181e-06
7.63896e-06
-5.87526e-06
4.19802e-06
-9.49317e-06
-9.01423e-06
2.63563e-06
1.18051e-06
-1.50288e-06
4.08838e-06
1.53091e-06
5.81468e-06
1.8341e-06
7.71666e-06
2.04045e-06
9.63332e-06
2.0561e-06
1.1316e-05
1.82224e-06
1.2419e-05
1.23091e-06
1.27218e-05
-2.55452e-07
1.16434e-05
-1.54363e-06
8.90201e-06
-3.13425e-06
4.60699e-06
-5.19806e-06
-4.40685e-06
4.0219e-06
-2.8419e-06
5.55344e-06
7.38791e-06
9.42867e-06
1.1485e-05
1.33073e-05
1.45383e-05
1.42828e-05
1.27391e-05
9.60486e-06
4.40685e-06
-1.20104e-05
-2.42931e-06
-1.40685e-05
-6.81063e-06
-1.46757e-05
-8.97985e-06
-1.51138e-05
-1.01035e-05
-1.56465e-05
-1.01589e-05
-1.63741e-05
-9.34378e-06
-1.72596e-05
-7.83624e-06
-1.81955e-05
-5.80318e-06
-1.90656e-05
-3.46484e-06
-1.97755e-05
-1.03517e-06
-2.03809e-05
1.12474e-06
3.13704e-06
-2.09367e-05
-7.57032e-06
5.13954e-06
-1.0442e-05
-3.93938e-06
-1.15606e-05
-7.86163e-06
-1.22848e-05
-9.37965e-06
-1.29247e-05
-9.51926e-06
-1.36374e-05
-8.63142e-06
-1.44264e-05
-7.04764e-06
-1.52211e-05
-5.00884e-06
-1.59394e-05
-2.74695e-06
-1.65254e-05
-4.49649e-07
-1.70314e-05
1.63045e-06
3.61256e-06
-1.75072e-05
-5.0901e-06
1.02282e-05
-7.64535e-06
-1.38461e-06
-8.95355e-06
-6.5538e-06
-9.81696e-06
-8.51657e-06
-1.05145e-05
-8.82207e-06
-1.11963e-05
-7.94988e-06
-1.18931e-05
-6.35114e-06
-1.25614e-05
-4.34088e-06
-1.31424e-05
-2.16627e-06
-1.36014e-05
9.02717e-09
-1.39817e-05
2.01044e-06
3.95118e-06
-1.43206e-05
-3.39571e-06
1.36224e-05
-5.44593e-06
6.65237e-07
-6.73953e-06
-5.26056e-06
-7.64416e-06
-7.61229e-06
-8.36537e-06
-8.10117e-06
-9.01564e-06
-7.29991e-06
-9.63517e-06
-5.73191e-06
-1.01975e-05
-3.77884e-06
-1.06582e-05
-1.70592e-06
-1.09918e-05
3.42257e-07
-1.12303e-05
2.24856e-06
4.11936e-06
-1.13987e-05
-2.04365e-06
1.56661e-05
-3.60109e-06
2.22241e-06
-4.79908e-06
-4.06283e-06
-5.69943e-06
-6.71216e-06
-6.43395e-06
-7.3669e-06
-7.06504e-06
-6.66904e-06
-7.629e-06
-5.16821e-06
-8.10867e-06
-3.29942e-06
-8.46742e-06
-1.34746e-06
-8.68304e-06
5.57592e-07
-8.77598e-06
2.34115e-06
4.10411e-06
-8.76098e-06
-8.54239e-07
1.65194e-05
-1.95404e-06
3.32185e-06
-3.03205e-06
-2.98512e-06
-3.92134e-06
-5.82322e-06
-4.6798e-06
-6.6087e-06
-5.31503e-06
-6.03411e-06
-5.8503e-06
-4.63317e-06
-6.27224e-06
-2.87779e-06
-6.54867e-06
-1.0713e-06
-6.6583e-06
6.66873e-07
-6.61203e-06
2.29455e-06
3.90841e-06
-6.41661e-06
2.71611e-07
1.62476e-05
-4.02125e-07
3.99548e-06
-1.35913e-06
-2.02845e-06
-2.25509e-06
-4.92735e-06
-3.0643e-06
-5.79982e-06
-3.73572e-06
-5.3628e-06
-4.27317e-06
-4.09608e-06
-4.66382e-06
-2.48724e-06
-4.87851e-06
-8.57024e-07
-4.89714e-06
6.85359e-07
-4.7246e-06
2.12162e-06
3.54583e-06
-4.36231e-06
1.36728e-06
1.48797e-05
1.11234e-06
4.24981e-06
2.8063e-07
-1.197e-06
-6.52049e-07
-3.99511e-06
-1.54972e-06
-4.90235e-06
-2.29554e-06
-4.61736e-06
-2.86902e-06
-3.52278e-06
-3.25579e-06
-2.10086e-06
-3.42972e-06
-6.83286e-07
-3.37426e-06
6.29467e-07
-3.09223e-06
1.8393e-06
3.03601e-06
-2.58269e-06
2.42759e-06
1.24496e-05
2.61767e-06
4.06025e-06
1.92885e-06
-5.09539e-07
9.31987e-07
-2.99751e-06
-9.49957e-08
-3.87669e-06
-9.57889e-07
-3.75379e-06
-1.60451e-06
-2.87745e-06
-2.01504e-06
-1.68959e-06
-2.16908e-06
-5.30676e-07
-2.05674e-06
5.17971e-07
-1.68401e-06
1.4662e-06
2.40142e-06
-1.04971e-06
3.4734e-06
8.97379e-06
4.11318e-06
3.41926e-06
3.61386e-06
-1.1206e-08
2.54742e-06
-1.93162e-06
1.36025e-06
-2.6904e-06
3.3371e-07
-2.72777e-06
-4.29711e-07
-2.11482e-06
-8.95217e-07
-1.22453e-06
-1.04992e-06
-3.76769e-07
-8.97941e-07
3.66276e-07
-4.53427e-07
1.02185e-06
1.66543e-06
2.82229e-07
4.36903e-06
4.60078e-06
5.56912e-06
2.2171e-06
5.35993e-06
1.95603e-07
4.28533e-06
-8.58231e-07
2.94555e-06
-1.35249e-06
1.703e-06
-1.48652e-06
7.5734e-07
-1.17139e-06
1.95333e-07
-6.63888e-07
1.72199e-08
-2.00637e-07
1.93834e-07
1.90305e-07
6.9139e-07
5.24597e-07
8.51667e-07
1.50448e-06
4.60033e-06
6.81693e-06
7.01229e-06
6.15369e-06
4.80098e-06
3.31398e-06
2.14232e-06
1.47792e-06
1.27743e-06
1.46782e-06
1.99227e-06
2.84382e-06
-2.16807e-05
4.83616e-06
-2.25745e-05
6.71975e-06
-2.35544e-05
8.58819e-06
-2.45256e-05
1.02927e-05
-2.53322e-05
1.15795e-05
-2.57795e-05
1.21118e-05
-2.5646e-05
1.15659e-05
-2.46873e-05
9.67367e-06
-2.26232e-05
6.28516e-06
-1.90456e-05
1.40818e-06
-1.2866e-05
-5.42928e-06
-1.58264e-05
-1.80977e-05
5.42646e-06
-1.87625e-05
7.38433e-06
-1.9444e-05
9.26962e-06
-2.00508e-05
1.08991e-05
-2.0441e-05
1.19692e-05
-2.04331e-05
1.21034e-05
-1.98057e-05
1.0938e-05
-1.8287e-05
8.1546e-06
-1.55267e-05
3.52464e-06
-1.09867e-05
-3.13189e-06
-4.79194e-06
-1.16243e-05
-2.06187e-05
-1.47019e-05
5.80757e-06
-1.50856e-05
7.76785e-06
-1.54221e-05
9.60578e-06
-1.56332e-05
1.11098e-05
-1.56038e-05
1.19392e-05
-1.51854e-05
1.16844e-05
-1.41955e-05
9.94756e-06
-1.24186e-05
6.37737e-06
-9.67104e-06
7.7693e-07
-5.96586e-06
-6.83717e-06
-2.11522e-06
-1.5475e-05
-2.27335e-05
-1.15436e-05
5.95224e-06
-1.16279e-05
7.852e-06
-1.1612e-05
9.58964e-06
-1.14393e-05
1.09367e-05
-1.10331e-05
1.15325e-05
-1.02996e-05
1.09504e-05
-9.13324e-06
8.78077e-06
-7.43758e-06
4.68139e-06
-5.25196e-06
-1.40893e-06
-2.88945e-06
-9.19989e-06
-9.20424e-07
-1.74443e-05
-2.36544e-05
-8.66295e-06
5.85404e-06
-8.45222e-06
7.64113e-06
-8.10196e-06
9.23927e-06
-7.58175e-06
1.0416e-05
-6.86082e-06
1.08111e-05
-5.91226e-06
1.00013e-05
-4.72165e-06
7.58969e-06
-3.30745e-06
3.26679e-06
-1.83014e-06
-2.88644e-06
-5.6653e-07
-1.04636e-05
2.72044e-07
-1.82832e-05
-2.33823e-05
-6.08479e-06
5.52203e-06
-5.59698e-06
7.15316e-06
-4.9424e-06
8.58439e-06
-4.11864e-06
9.59205e-06
-3.14148e-06
9.83358e-06
-2.05122e-06
8.91064e-06
-9.16491e-07
6.45463e-06
1.66483e-07
2.18357e-06
9.93906e-07
-3.71405e-06
1.38819e-06
-1.08581e-05
1.27322e-06
-1.81685e-05
-2.21096e-05
-3.81627e-06
4.97577e-06
-3.07728e-06
6.41406e-06
-2.15177e-06
7.6589e-06
-1.0649e-06
8.5048e-06
1.25583e-07
8.64272e-06
1.31958e-06
7.71621e-06
2.38202e-06
5.39175e-06
3.17213e-06
1.39315e-06
3.4636e-06
-4.00577e-06
3.13914e-06
-1.0534e-05
2.20987e-06
-1.72396e-05
-1.98999e-05
-1.84779e-06
4.24071e-06
-8.87176e-07
5.45339e-06
2.76992e-07
6.49453e-06
1.59483e-06
7.18684e-06
2.97342e-06
7.2639e-06
4.26303e-06
6.42627e-06
5.27621e-06
4.37837e-06
5.84535e-06
8.23751e-07
5.70848e-06
-3.86906e-06
4.74772e-06
-9.57336e-06
3.00688e-06
-1.54992e-05
-1.68934e-05
-1.5379e-07
3.34462e-06
9.98429e-07
4.30109e-06
2.37268e-06
5.12027e-06
3.89814e-06
5.6609e-06
5.4547e-06
5.70734e-06
6.85122e-06
5.02983e-06
7.856e-06
3.373e-06
8.28147e-06
3.98316e-07
7.80182e-06
-3.3898e-06
6.24465e-06
-8.01716e-06
3.67944e-06
-1.29339e-05
-1.32145e-05
1.31121e-06
2.31542e-06
2.62698e-06
2.98527e-06
4.18727e-06
3.55966e-06
5.9055e-06
3.94228e-06
7.6406e-06
3.9724e-06
9.16579e-06
3.50464e-06
1.0204e-05
2.33457e-06
1.05539e-05
4.82303e-08
9.78399e-06
-2.6205e-06
7.64033e-06
-5.87424e-06
4.19906e-06
-9.49318e-06
-9.01583e-06
2.63834e-06
1.18107e-06
4.09108e-06
1.53222e-06
5.81653e-06
1.83361e-06
7.71803e-06
2.04019e-06
9.63453e-06
2.05611e-06
1.13171e-05
1.82222e-06
1.24201e-05
1.23115e-06
1.27231e-05
-2.55133e-07
1.1645e-05
-1.54326e-06
8.90383e-06
-3.13412e-06
4.60844e-06
-5.19844e-06
-4.40849e-06
4.02483e-06
5.55693e-06
7.3904e-06
9.43064e-06
1.14868e-05
1.33089e-05
1.454e-05
1.42847e-05
1.27413e-05
9.60709e-06
4.40849e-06
-1.20154e-05
-2.43124e-06
-1.40746e-05
-6.80994e-06
-1.46819e-05
-8.97904e-06
-1.51196e-05
-1.01038e-05
-1.56516e-05
-1.016e-05
-1.63785e-05
-9.34495e-06
-1.72633e-05
-7.83669e-06
-1.81988e-05
-5.80259e-06
-1.90684e-05
-3.46313e-06
-1.9778e-05
-1.03269e-06
-2.03831e-05
1.12787e-06
3.14026e-06
-2.09385e-05
-7.57464e-06
5.14123e-06
-1.04475e-05
-3.93757e-06
-1.15662e-05
-7.86078e-06
-1.22901e-05
-9.38034e-06
-1.29294e-05
-9.52105e-06
-1.36414e-05
-8.63327e-06
-1.44298e-05
-7.04873e-06
-1.5224e-05
-5.00875e-06
-1.59419e-05
-2.7457e-06
-1.65276e-05
-4.4748e-07
-1.70332e-05
1.63294e-06
3.61507e-06
-1.75085e-05
-5.09376e-06
1.02329e-05
-7.65017e-06
-1.38174e-06
-8.95845e-06
-6.55291e-06
-9.82156e-06
-8.51755e-06
-1.05185e-05
-8.82435e-06
-1.11998e-05
-7.95232e-06
-1.1896e-05
-6.35276e-06
-1.25639e-05
-4.34123e-06
-1.31446e-05
-2.16537e-06
-1.36033e-05
1.0739e-08
-1.39832e-05
2.01248e-06
3.95292e-06
-1.43216e-05
-3.39865e-06
1.36296e-05
-5.44988e-06
6.68993e-07
-6.74356e-06
-5.25961e-06
-7.64794e-06
-7.61353e-06
-8.36874e-06
-8.10384e-06
-9.01852e-06
-7.30282e-06
-9.6376e-06
-5.73396e-06
-1.01996e-05
-3.77954e-06
-1.066e-05
-1.70532e-06
-1.09934e-05
3.4369e-07
-1.12315e-05
2.25016e-06
4.12051e-06
-1.13995e-05
-2.04594e-06
1.56751e-05
-3.6041e-06
2.22677e-06
-4.80215e-06
-4.06185e-06
-5.70232e-06
-6.71359e-06
-6.43653e-06
-7.36984e-06
-7.06727e-06
-6.67227e-06
-7.63091e-06
-5.17054e-06
-8.11032e-06
-3.30036e-06
-8.46888e-06
-1.34708e-06
-8.68433e-06
5.58766e-07
-8.777e-06
2.34246e-06
4.10487e-06
-8.76173e-06
-8.55873e-07
1.65295e-05
-1.95608e-06
3.32652e-06
-3.03414e-06
-2.98411e-06
-3.92331e-06
-5.82475e-06
-4.68159e-06
-6.61179e-06
-5.31662e-06
-6.03749e-06
-5.8517e-06
-4.63565e-06
-6.2735e-06
-2.87884e-06
-6.54982e-06
-1.07103e-06
-6.65935e-06
6.67922e-07
-6.61289e-06
2.2957e-06
3.90891e-06
-6.41734e-06
2.7068e-07
1.62582e-05
-4.03182e-07
4.00014e-06
-1.36023e-06
-2.02746e-06
-2.25615e-06
-4.92892e-06
-3.06533e-06
-5.80292e-06
-3.73672e-06
-5.36617e-06
-4.27413e-06
-4.09855e-06
-4.66475e-06
-2.48831e-06
-4.87943e-06
-8.56813e-07
-4.89803e-06
6.86302e-07
-4.72536e-06
2.12275e-06
3.54635e-06
-4.36305e-06
1.36711e-06
1.489e-05
1.11225e-06
4.25421e-06
2.80497e-07
-1.19603e-06
-6.52252e-07
-3.99664e-06
-1.55007e-06
-4.90531e-06
-2.29604e-06
-4.62055e-06
-2.86965e-06
-3.52511e-06
-3.25651e-06
-2.10183e-06
-3.43052e-06
-6.83109e-07
-3.37506e-06
6.3039e-07
-3.09295e-06
1.84044e-06
3.03654e-06
-2.58353e-06
2.42821e-06
1.24585e-05
2.61854e-06
4.06424e-06
1.92964e-06
-5.08654e-07
9.32587e-07
-2.99883e-06
-9.47432e-08
-3.87931e-06
-9.58016e-07
-3.75661e-06
-1.60492e-06
-2.87947e-06
-2.01569e-06
-1.69041e-06
-2.16986e-06
-5.3045e-07
-2.05755e-06
5.18834e-07
-1.68474e-06
1.46738e-06
2.40238e-06
-1.0506e-06
3.47486e-06
8.98019e-06
4.11499e-06
3.42251e-06
3.61559e-06
-1.04731e-08
2.54881e-06
-1.9327e-06
1.36105e-06
-2.69247e-06
3.33885e-07
-2.72999e-06
-4.30034e-07
-2.11638e-06
-8.95905e-07
-1.22511e-06
-1.05081e-06
-3.76602e-07
-8.98831e-07
3.66948e-07
-4.54135e-07
1.02308e-06
1.66609e-06
2.81147e-07
4.37122e-06
4.60352e-06
5.57192e-06
2.21902e-06
5.36273e-06
1.95797e-07
4.28766e-06
-8.59052e-07
2.94699e-06
-1.3538e-06
1.70347e-06
-1.4879e-06
7.57068e-07
-1.17235e-06
1.94545e-07
-6.64386e-07
1.61471e-08
-2.00903e-07
1.92854e-07
1.90469e-07
6.90728e-07
5.25465e-07
8.51469e-07
1.50334e-06
4.60291e-06
6.82132e-06
7.01683e-06
6.15738e-06
4.80333e-06
3.31493e-06
2.14221e-06
1.47715e-06
1.27629e-06
1.46685e-06
1.99188e-06
2.84287e-06
-2.16819e-05
4.83927e-06
-2.25746e-05
6.72219e-06
-2.35532e-05
8.58979e-06
-2.45229e-05
1.02928e-05
-2.53278e-05
1.15779e-05
-2.57737e-05
1.21085e-05
-2.56393e-05
1.15612e-05
-2.46804e-05
9.66868e-06
-2.2617e-05
6.281e-06
-1.9041e-05
1.40633e-06
-1.28638e-05
-5.42775e-06
-1.58226e-05
-1.80983e-05
5.42847e-06
-1.87621e-05
7.38544e-06
-1.94425e-05
9.26956e-06
-2.00478e-05
1.08976e-05
-2.04367e-05
1.19662e-05
-2.04277e-05
1.2099e-05
-1.97998e-05
1.09329e-05
-1.82814e-05
8.14998e-06
-1.55223e-05
3.52172e-06
-1.09843e-05
-3.1315e-06
-4.79116e-06
-1.16204e-05
-2.06134e-05
-1.47023e-05
5.80861e-06
-1.50851e-05
7.76772e-06
-1.54206e-05
9.60446e-06
-1.56306e-05
1.1107e-05
-1.56002e-05
1.19352e-05
-1.51811e-05
1.16795e-05
-1.41911e-05
9.94243e-06
-1.24149e-05
6.37347e-06
-9.66849e-06
7.7533e-07
-5.96459e-06
-6.83519e-06
-2.11468e-06
-1.54698e-05
-2.27272e-05
-1.15439e-05
5.95249e-06
-1.16276e-05
7.85091e-06
-1.1611e-05
9.58736e-06
-1.14375e-05
1.0933e-05
-1.10306e-05
1.15279e-05
-1.02968e-05
1.09453e-05
-9.13065e-06
8.77593e-06
-7.43569e-06
4.67826e-06
-5.2509e-06
-1.40956e-06
-2.8888e-06
-9.19719e-06
-9.19796e-07
-1.74386e-05
-2.36469e-05
-8.66339e-06
5.8537e-06
-8.45222e-06
7.63924e-06
-8.10156e-06
9.23616e-06
-7.58089e-06
1.04118e-05
-6.85973e-06
1.08062e-05
-5.91114e-06
9.99621e-06
-4.72081e-06
7.58514e-06
-3.30716e-06
3.2644e-06
-1.83019e-06
-2.8866e-06
-5.66422e-07
-1.04609e-05
2.72435e-07
-1.82772e-05
-2.33743e-05
-6.08541e-06
5.52146e-06
-5.5974e-06
7.15084e-06
-4.94269e-06
8.5811e-06
-4.11877e-06
9.58749e-06
-3.14167e-06
9.82879e-06
-2.05162e-06
8.9059e-06
-9.17164e-07
6.45051e-06
1.65436e-07
2.18168e-06
9.92898e-07
-3.7141e-06
1.38775e-06
-1.08557e-05
1.27325e-06
-1.81628e-05
-2.21013e-05
-3.81711e-06
4.97504e-06
-3.07809e-06
6.4116e-06
-2.15276e-06
7.65529e-06
-1.06592e-06
8.50032e-06
1.2423e-07
8.63824e-06
1.31788e-06
7.71189e-06
2.38006e-06
5.38807e-06
3.16993e-06
1.39158e-06
3.46168e-06
-4.00593e-06
3.13804e-06
-1.0532e-05
2.20945e-06
-1.72343e-05
-1.98918e-05
-1.84889e-06
4.24031e-06
-8.88396e-07
5.45079e-06
2.75426e-07
6.4913e-06
1.59304e-06
7.18242e-06
2.97109e-06
7.25998e-06
4.26024e-06
6.42261e-06
5.27316e-06
4.37497e-06
5.84214e-06
8.22604e-07
5.70566e-06
-3.86942e-06
4.74585e-06
-9.57221e-06
3.00591e-06
-1.54942e-05
-1.68861e-05
-1.55288e-07
3.34363e-06
9.96932e-07
4.29952e-06
2.37052e-06
5.11686e-06
3.8958e-06
5.65758e-06
5.4516e-06
5.70409e-06
6.84748e-06
5.02648e-06
7.8521e-06
3.37067e-06
8.2773e-06
3.96983e-07
7.79804e-06
-3.39023e-06
6.24206e-06
-8.01603e-06
3.67772e-06
-1.29307e-05
-1.32078e-05
1.30949e-06
2.31449e-06
2.62507e-06
2.98421e-06
4.18475e-06
3.55712e-06
5.90266e-06
3.94006e-06
7.63687e-06
3.97007e-06
9.16134e-06
3.5022e-06
1.01993e-05
2.33293e-06
1.05489e-05
4.72552e-08
9.77932e-06
-2.62072e-06
7.63678e-06
-5.87353e-06
4.1968e-06
-9.49074e-06
-9.01086e-06
2.63634e-06
1.1796e-06
4.08891e-06
1.53212e-06
5.81368e-06
1.83241e-06
7.71481e-06
2.03976e-06
9.63035e-06
2.05512e-06
1.1312e-05
1.82097e-06
1.24147e-05
1.23056e-06
1.27173e-05
-2.55448e-07
1.16395e-05
-1.54299e-06
8.89938e-06
-3.13331e-06
4.60534e-06
-5.19685e-06
-4.40536e-06
4.02259e-06
5.5547e-06
7.38729e-06
9.42717e-06
1.14824e-05
1.33034e-05
1.4534e-05
1.42785e-05
1.27355e-05
9.60219e-06
4.40536e-06
-1.20149e-05
-2.42636e-06
-1.40742e-05
-6.80768e-06
-1.46819e-05
-8.97704e-06
-1.512e-05
-1.0101e-05
-1.56525e-05
-1.01564e-05
-1.63798e-05
-9.34123e-06
-1.72647e-05
-7.83349e-06
-1.82e-05
-5.80032e-06
-1.90692e-05
-3.46204e-06
-1.97784e-05
-1.03265e-06
-2.03831e-05
1.12694e-06
3.13907e-06
-2.09382e-05
-7.57374e-06
5.14583e-06
-1.04466e-05
-3.93528e-06
-1.15655e-05
-7.85849e-06
-1.22898e-05
-9.37712e-06
-1.29295e-05
-9.51708e-06
-1.36418e-05
-8.6293e-06
-1.44302e-05
-7.04546e-06
-1.52242e-05
-5.00663e-06
-1.59418e-05
-2.74483e-06
-1.65271e-05
-4.47788e-07
-1.70325e-05
1.632e-06
3.61391e-06
-1.75076e-05
-5.09258e-06
1.02368e-05
-7.64882e-06
-1.37955e-06
-8.95727e-06
-6.55044e-06
-9.82064e-06
-8.51409e-06
-1.05179e-05
-8.82013e-06
-1.11993e-05
-7.94819e-06
-1.18956e-05
-6.3495e-06
-1.25633e-05
-4.33927e-06
-1.31437e-05
-2.16476e-06
-1.36021e-05
1.03063e-08
-1.39819e-05
2.01145e-06
3.95194e-06
-1.43202e-05
-3.39748e-06
1.36327e-05
-5.4483e-06
6.70862e-07
-6.74204e-06
-5.25709e-06
-7.64656e-06
-7.60993e-06
-8.36754e-06
-8.09949e-06
-9.01741e-06
-7.29864e-06
-9.63645e-06
-5.73077e-06
-1.01983e-05
-3.77776e-06
-1.06585e-05
-1.70492e-06
-1.09916e-05
3.43062e-07
-1.12296e-05
2.24911e-06
4.11966e-06
-1.13975e-05
-2.04465e-06
1.56773e-05
-3.6024e-06
2.2283e-06
-4.80042e-06
-4.05937e-06
-5.70062e-06
-6.70998e-06
-6.4349e-06
-7.36548e-06
-7.06563e-06
-6.66813e-06
-7.62917e-06
-5.16751e-06
-8.10839e-06
-3.2988e-06
-8.46672e-06
-1.34688e-06
-8.68196e-06
5.58012e-07
-8.77455e-06
2.34136e-06
4.10407e-06
-8.75922e-06
-8.54519e-07
1.65307e-05
-1.95435e-06
3.32771e-06
-3.03229e-06
-2.98175e-06
-3.92139e-06
-5.82126e-06
-4.67963e-06
-6.60752e-06
-5.31456e-06
-6.03353e-06
-5.84946e-06
-4.63285e-06
-6.27104e-06
-2.87755e-06
-6.54714e-06
-1.07105e-06
-6.65648e-06
6.67011e-07
-6.60998e-06
2.29451e-06
3.90815e-06
-6.41433e-06
2.71992e-07
1.62584e-05
-4.01495e-07
4.00104e-06
-1.35834e-06
-2.02531e-06
-2.25407e-06
-4.92565e-06
-3.06309e-06
-5.79887e-06
-3.73428e-06
-5.36246e-06
-4.27144e-06
-4.09606e-06
-4.66182e-06
-2.48729e-06
-4.87627e-06
-8.57022e-07
-4.89471e-06
6.853e-07
-4.72202e-06
2.12143e-06
3.54544e-06
-4.35961e-06
1.36827e-06
1.48894e-05
1.11383e-06
4.25478e-06
2.82406e-07
-1.1942e-06
-6.50044e-07
-3.9937e-06
-1.54757e-06
-4.90159e-06
-2.29325e-06
-4.6172e-06
-2.86654e-06
-3.52299e-06
-3.25313e-06
-2.10111e-06
-3.4269e-06
-6.83457e-07
-3.37134e-06
6.29296e-07
-3.08924e-06
1.83903e-06
3.03558e-06
-2.57966e-06
2.42909e-06
1.24575e-05
2.61997e-06
4.06437e-06
1.93153e-06
-5.07234e-07
9.34897e-07
-2.99634e-06
-9.20035e-08
-3.87609e-06
-9.54866e-07
-3.75368e-06
-1.60139e-06
-2.8778e-06
-2.01185e-06
-1.68992e-06
-2.16582e-06
-5.30943e-07
-2.05346e-06
5.17773e-07
-1.68073e-06
1.46591e-06
2.40102e-06
-1.04646e-06
3.4754e-06
8.97934e-06
4.11618e-06
3.42223e-06
3.61738e-06
-9.55858e-09
2.55116e-06
-1.93077e-06
1.36402e-06
-2.68994e-06
3.37407e-07
-2.72767e-06
-4.26053e-07
-2.11521e-06
-8.91618e-07
-1.22486e-06
-1.04634e-06
-3.7706e-07
-8.9441e-07
3.66098e-07
-4.4995e-07
1.0216e-06
1.66511e-06
2.85612e-07
4.37145e-06
4.60344e-06
5.57274e-06
2.21857e-06
5.36417e-06
1.96312e-07
4.28983e-06
-8.57837e-07
2.95008e-06
-1.35229e-06
1.70741e-06
-1.48651e-06
7.61543e-07
-1.17179e-06
1.9932e-07
-6.64176e-07
2.10609e-08
-2.00917e-07
1.97578e-07
1.90153e-07
6.9502e-07
5.24412e-07
8.51469e-07
1.50796e-06
4.60293e-06
6.82094e-06
7.01696e-06
6.15871e-06
4.80616e-06
3.31913e-06
2.14702e-06
1.48231e-06
1.28152e-06
1.47175e-06
1.996e-06
2.84735e-06
-2.16813e-05
4.83812e-06
-2.25741e-05
6.72158e-06
-2.35529e-05
8.58963e-06
-2.45229e-05
1.02932e-05
-2.53281e-05
1.15784e-05
-2.5774e-05
1.21085e-05
-2.56392e-05
1.15602e-05
-2.46794e-05
9.66603e-06
-2.26149e-05
6.27673e-06
-1.90379e-05
1.40087e-06
-1.28604e-05
-5.43305e-06
-1.58246e-05
-1.80973e-05
5.42766e-06
-1.87612e-05
7.38529e-06
-1.94418e-05
9.27009e-06
-2.00475e-05
1.08985e-05
-2.04366e-05
1.19669e-05
-2.04277e-05
1.2099e-05
-1.97994e-05
1.09315e-05
-1.82804e-05
8.1467e-06
-1.55207e-05
3.51682e-06
-1.09826e-05
-3.13727e-06
-4.79048e-06
-1.16253e-05
-2.06153e-05
-1.47008e-05
5.80812e-06
-1.50838e-05
7.76808e-06
-1.54194e-05
9.60545e-06
-1.56297e-05
1.11084e-05
-1.55995e-05
1.19362e-05
-1.51805e-05
1.16795e-05
-1.41904e-05
9.94083e-06
-1.24138e-05
6.36983e-06
-9.66744e-06
7.70335e-07
-5.9641e-06
-6.84064e-06
-2.11497e-06
-1.54745e-05
-2.27297e-05
-1.15419e-05
5.95227e-06
-1.16257e-05
7.85167e-06
-1.16092e-05
9.58872e-06
-1.14359e-05
1.09347e-05
-1.10292e-05
1.15291e-05
-1.02955e-05
1.09453e-05
-9.12939e-06
8.77427e-06
-7.43447e-06
4.67462e-06
-5.2501e-06
-1.41424e-06
-2.88885e-06
-9.20205e-06
-9.20447e-07
-1.7443e-05
-2.36505e-05
-8.66082e-06
5.85372e-06
-8.44968e-06
7.6404e-06
-8.09903e-06
9.23797e-06
-7.57851e-06
1.04138e-05
-6.85745e-06
1.08075e-05
-5.90904e-06
9.99629e-06
-4.71893e-06
7.58371e-06
-3.30561e-06
3.26092e-06
-1.82932e-06
-2.89069e-06
-5.66419e-07
-1.04651e-05
2.71991e-07
-1.82817e-05
-2.33783e-05
-6.08229e-06
5.52148e-06
-5.59425e-06
7.15222e-06
-4.93947e-06
8.5829e-06
-4.11562e-06
9.58975e-06
-3.13857e-06
9.83014e-06
-2.0487e-06
8.90609e-06
-9.14634e-07
6.44934e-06
1.67492e-07
2.17857e-06
9.94139e-07
-3.7175e-06
1.38805e-06
-1.08591e-05
1.2731e-06
-1.81669e-05
-2.21057e-05
-3.81346e-06
4.97513e-06
-3.07439e-06
6.41305e-06
-2.14885e-06
7.65739e-06
-1.06208e-06
8.50261e-06
1.28108e-07
8.6396e-06
1.32156e-06
7.71222e-06
2.38326e-06
5.38721e-06
3.1726e-06
1.38895e-06
3.46346e-06
-4.00859e-06
3.13879e-06
-1.05347e-05
2.20964e-06
-1.72381e-05
-1.98962e-05
-1.84476e-06
4.24007e-06
-8.84191e-07
5.45244e-06
2.79867e-07
6.49314e-06
1.59747e-06
7.18491e-06
2.97563e-06
7.26122e-06
4.26461e-06
6.42294e-06
5.27702e-06
4.37462e-06
5.84543e-06
8.20295e-07
5.70804e-06
-3.87131e-06
4.74715e-06
-9.57392e-06
3.00648e-06
-1.54978e-05
-1.689e-05
-1.50621e-07
3.34406e-06
1.00146e-06
4.30028e-06
2.37549e-06
5.11912e-06
3.90062e-06
5.65931e-06
5.45665e-06
5.70521e-06
6.85248e-06
5.02721e-06
7.85645e-06
3.37007e-06
8.28123e-06
3.95608e-07
7.80106e-06
-3.39151e-06
6.24379e-06
-8.01753e-06
3.67882e-06
-1.29327e-05
-1.32116e-05
1.31446e-06
2.315e-06
2.63001e-06
2.98469e-06
4.19e-06
3.55883e-06
5.90781e-06
3.94114e-06
7.64234e-06
3.97091e-06
9.16677e-06
3.50283e-06
1.02041e-05
2.33253e-06
1.05533e-05
4.63091e-08
9.78286e-06
-2.6216e-06
7.6391e-06
-5.87441e-06
4.1982e-06
-9.49216e-06
-9.01371e-06
2.64163e-06
1.18084e-06
4.09412e-06
1.53191e-06
5.8192e-06
1.83317e-06
7.72021e-06
2.03961e-06
9.63606e-06
2.05536e-06
1.13178e-05
1.82131e-06
1.242e-05
1.23008e-06
1.27221e-05
-2.56095e-07
1.16435e-05
-1.54367e-06
8.90216e-06
-3.13407e-06
4.6073e-06
-5.19781e-06
-4.40726e-06
4.02813e-06
5.55993e-06
7.39298e-06
9.43265e-06
1.14881e-05
1.33093e-05
1.45394e-05
1.42831e-05
1.27393e-05
9.60518e-06
4.40726e-06
-1.20092e-05
-2.43392e-06
-1.40672e-05
-6.81464e-06
-1.46746e-05
-8.9826e-06
-1.51129e-05
-1.01049e-05
-1.56463e-05
-1.01587e-05
-1.63748e-05
-9.34221e-06
-1.72614e-05
-7.83342e-06
-1.81984e-05
-5.79964e-06
-1.90694e-05
-3.46121e-06
-1.978e-05
-1.03239e-06
-2.03855e-05
1.12559e-06
3.13522e-06
-7.56944e-06
5.13358e-06
-1.04408e-05
-3.9437e-06
-1.15596e-05
-7.86421e-06
-1.22842e-05
-9.38066e-06
-1.29247e-05
-9.51855e-06
-1.36382e-05
-8.62901e-06
-1.44281e-05
-7.04386e-06
-1.52238e-05
-5.00433e-06
-1.59429e-05
-2.74258e-06
-1.65294e-05
-4.46346e-07
-1.70355e-05
1.63113e-06
3.60967e-06
-5.08949e-06
1.02212e-05
-7.64456e-06
-1.38916e-06
-8.95294e-06
-6.55621e-06
-9.81664e-06
-8.51725e-06
-1.05146e-05
-8.82088e-06
-1.1197e-05
-7.9468e-06
-1.18946e-05
-6.34655e-06
-1.25636e-05
-4.33558e-06
-1.31453e-05
-2.16125e-06
-1.36047e-05
1.25606e-08
-1.3985e-05
2.01104e-06
3.9474e-06
-3.39533e-06
1.36148e-05
-5.44561e-06
6.60681e-07
-6.73933e-06
-5.26282e-06
-7.64415e-06
-7.61275e-06
-8.36564e-06
-8.09964e-06
-9.01632e-06
-7.29637e-06
-9.63638e-06
-5.72675e-06
-1.01993e-05
-3.77297e-06
-1.06604e-05
-1.70046e-06
-1.09943e-05
3.46008e-07
-1.12328e-05
2.24902e-06
4.11492e-06
-2.04376e-06
1.56583e-05
-3.60132e-06
2.21793e-06
-4.79937e-06
-4.06501e-06
-5.69982e-06
-6.71248e-06
-6.43444e-06
-7.3652e-06
-7.06572e-06
-6.66523e-06
-7.62997e-06
-5.16267e-06
-8.10995e-06
-3.29319e-06
-8.46897e-06
-1.34173e-06
-8.68476e-06
5.61367e-07
-8.77769e-06
2.34149e-06
4.09935e-06
-8.54854e-07
1.65119e-05
-1.95486e-06
3.31755e-06
-3.03291e-06
-2.98723e-06
-3.92219e-06
-5.82348e-06
-4.68059e-06
-6.607e-06
-5.31578e-06
-6.03025e-06
-5.85108e-06
-4.62754e-06
-6.27309e-06
-2.87143e-06
-6.54961e-06
-1.06551e-06
-6.65929e-06
6.70614e-07
-6.61301e-06
2.2948e-06
3.90356e-06
2.70528e-07
1.6241e-05
-4.03536e-07
3.99147e-06
-1.36061e-06
-2.03049e-06
-2.25648e-06
-4.92764e-06
-3.06547e-06
-5.79827e-06
-3.73662e-06
-5.35912e-06
-4.27384e-06
-4.09058e-06
-4.66431e-06
-2.48102e-06
-4.8789e-06
-8.51409e-07
-4.89751e-06
6.88906e-07
-4.72497e-06
2.12182e-06
3.54147e-06
1.3658e-06
1.48743e-05
1.11036e-06
4.24624e-06
2.78516e-07
-1.1989e-06
-6.54045e-07
-3.99549e-06
-1.55133e-06
-4.90113e-06
-2.29668e-06
-4.61407e-06
-2.86966e-06
-3.51772e-06
-3.25601e-06
-2.09502e-06
-3.42965e-06
-6.7814e-07
-3.3741e-06
6.32758e-07
-3.09212e-06
1.83953e-06
3.03216e-06
2.42581e-06
1.24456e-05
2.61519e-06
4.05735e-06
1.92611e-06
-5.11208e-07
9.29358e-07
-2.99797e-06
-9.7109e-08
-3.87585e-06
-9.59348e-07
-3.75117e-06
-1.60516e-06
-2.87304e-06
-2.01505e-06
-1.68456e-06
-2.16858e-06
-5.26103e-07
-2.05613e-06
5.20866e-07
-1.68358e-06
1.46669e-06
2.39835e-06
3.47139e-06
8.97122e-06
4.11028e-06
3.41709e-06
3.61056e-06
-1.25309e-08
2.54419e-06
-1.9321e-06
1.35758e-06
-2.69001e-06
3.319e-07
-2.72593e-06
-4.30428e-07
-2.11143e-06
-8.94977e-07
-1.22055e-06
-1.04899e-06
-3.73283e-07
-8.9683e-07
3.68628e-07
-4.5281e-07
1.02236e-06
1.66273e-06
4.36722e-06
4.59927e-06
5.56596e-06
2.21598e-06
5.35622e-06
1.94681e-07
4.2816e-06
-8.58599e-07
2.94232e-06
-1.35239e-06
1.70076e-06
-1.48551e-06
7.56576e-07
-1.16931e-06
1.95919e-07
-6.61705e-07
1.87419e-08
-1.99124e-07
1.95621e-07
1.9119e-07
6.92254e-07
5.23886e-07
8.4829e-07
4.59875e-06
6.8142e-06
7.00865e-06
6.14972e-06
4.79714e-06
3.31118e-06
2.14151e-06
1.47906e-06
1.27981e-06
1.47065e-06
1.99361e-06
)
;

boundaryField
{
    rotor
    {
        type            calculated;
        value           uniform 0;
    }
    stator
    {
        type            calculated;
        value           uniform 0;
    }
    front
    {
        type            empty;
        value           nonuniform 0();
    }
    back
    {
        type            empty;
        value           nonuniform 0();
    }
}


// ************************************************************************* //
