/*--------------------------------*- C++ -*----------------------------------*\
| =========                 |                                                 |
| \\      /  F ield         | OpenFOAM: The Open Source CFD Toolbox           |
|  \\    /   O peration     | Version:  4.0                                   |
|   \\  /    A nd           | Web:      www.OpenFOAM.org                      |
|    \\/     M anipulation  |                                                 |
\*---------------------------------------------------------------------------*/
FoamFile
{
    version     2.0;
    format      ascii;
    class       volVectorField;
    location    "300";
    object      U;
}
// * * * * * * * * * * * * * * * * * * * * * * * * * * * * * * * * * * * * * //

dimensions      [0 1 -1 0 0 0 0];

internalField   nonuniform List<vector> 
3072
(
(0.225737 2.22463 0)
(0.251214 1.93306 0)
(0.336746 1.75503 1.3808e-19)
(0.447709 1.66083 8.45221e-19)
(0.56961 1.58681 -1.58439e-18)
(0.675404 1.66014 9.16194e-19)
(1.00047 1.8051 4.51322e-19)
(1.87211 1.55703 4.92789e-19)
(2.77022 1.77888 -2.59212e-19)
(3.04036 2.23085 8.48381e-19)
(3.33081 2.37976 5.8634e-19)
(3.60136 2.52925 5.98645e-19)
(-0.427364 2.75587 -2.49255e-19)
(-0.234901 2.374 -5.08776e-19)
(0.0354719 2.38204 5.28425e-19)
(0.378883 2.45943 0)
(0.893118 2.4637 8.47862e-19)
(1.73984 2.57738 -9.44642e-19)
(2.47364 2.9012 0)
(2.86686 2.93101 0)
(3.03261 2.9937 0)
(3.06961 3.01577 7.18656e-19)
(3.1725 3.01723 -2.5181e-18)
(3.29009 2.99539 4.26888e-19)
(-0.358975 3.03772 1.67777e-19)
(0.00232515 2.75874 0)
(0.536842 2.83475 0)
(1.20926 2.94282 -3.00099e-18)
(1.93784 3.11652 9.80926e-19)
(2.47069 3.16764 -1.91024e-18)
(2.81677 3.17045 1.94538e-18)
(3.01854 3.05647 0)
(3.13429 2.95924 0)
(3.20171 2.87761 -1.01681e-18)
(3.28772 2.79929 -1.0202e-18)
(3.37122 2.71812 3.45948e-18)
(-0.208355 3.32555 -1.41847e-18)
(0.290378 3.20076 -2.4239e-18)
(0.941617 3.33107 1.63501e-18)
(1.62097 3.41179 -1.5177e-18)
(2.19424 3.42495 3.54355e-18)
(2.571 3.33714 -3.80978e-18)
(2.79735 3.22489 -2.39036e-18)
(2.95449 3.08085 -5.75214e-18)
(3.04359 2.96278 -2.0785e-19)
(3.10688 2.86045 3.01647e-18)
(3.17505 2.76356 3.33243e-18)
(3.23891 2.66889 -2.74269e-18)
(0.0419901 3.51044 0)
(0.568451 3.52001 1.10176e-18)
(1.18862 3.61529 -2.2252e-18)
(1.79341 3.61328 3.14828e-18)
(2.24988 3.5255 5.55414e-19)
(2.534 3.38309 2.36786e-18)
(2.71723 3.23156 2.08979e-18)
(2.83213 3.07702 2.00153e-18)
(2.91337 2.93683 -4.10328e-18)
(2.98036 2.81217 3.55591e-18)
(3.04693 2.69685 -4.83579e-18)
(3.11233 2.58834 6.46671e-18)
(0.26864 3.66517 -3.30357e-18)
(0.781237 3.75861 1.48251e-18)
(1.33442 3.80051 4.25032e-18)
(1.84453 3.73176 0)
(2.21007 3.58794 -6.58691e-18)
(2.44147 3.41269 6.58391e-18)
(2.595 3.23562 0)
(2.70403 3.06402 -4.87402e-18)
(2.78744 2.90766 4.19694e-18)
(2.85881 2.76712 0)
(2.92667 2.63872 2.41323e-19)
(2.99259 2.52024 3.86115e-18)
(0.452548 3.82462 0)
(0.927773 3.9813 -3.47767e-18)
(1.40285 3.96361 3.19526e-18)
(1.82228 3.84694 0)
(2.12186 3.66242 -3.92214e-18)
(2.32194 3.45721 5.98513e-19)
(2.46389 3.25486 5.60557e-18)
(2.57186 3.06422 5.13399e-18)
(2.6596 2.89041 -4.52405e-18)
(2.73633 2.7337 4.45792e-18)
(2.80773 2.5916 -3.86375e-18)
(2.87587 2.46197 -1.08193e-17)
(0.61078 4.01061 0)
(1.02153 4.21402 3.11753e-18)
(1.41145 4.13666 -4.77726e-18)
(1.74997 3.97921 4.77743e-18)
(2.00184 3.75821 0)
(2.1852 3.522 -6.15582e-18)
(2.32515 3.29258 5.96079e-18)
(2.43756 3.07903 1.01055e-19)
(2.53196 2.88491 -9.74576e-18)
(2.61485 2.71029 -4.52472e-18)
(2.69046 2.55312 -2.42016e-19)
(2.76106 2.41116 8.05545e-18)
(0.713024 4.19016 0)
(1.07457 4.45604 -3.97658e-18)
(1.37271 4.31151 -5.56712e-18)
(1.63802 4.11143 -3.98479e-18)
(1.85517 3.85643 7.89229e-18)
(2.03119 3.5901 0)
(2.17557 3.33401 0)
(2.29635 3.09701 0)
(2.39946 2.8822 0)
(2.48953 2.68955 4.66325e-18)
(2.56991 2.51722 -4.6411e-18)
(2.6431 2.36275 4.41856e-18)
(0.81164 4.47699 0)
(1.0545 4.69283 2.92027e-18)
(1.25434 4.44202 -6.36368e-19)
(1.47278 4.18096 4.59627e-18)
(1.67173 3.89494 4.49908e-18)
(1.84749 3.60667 -7.15595e-18)
(2.00093 3.33387 0)
(2.13375 3.08255 -2.12166e-19)
(2.24847 2.85481 -1.7252e-17)
(2.3481 2.65049 0)
(2.43521 2.46799 1.05229e-17)
(2.51246 2.30481 -4.88997e-18)
(0.966127 4.56897 0)
(0.948511 4.68776 3.30507e-18)
(1.04096 4.35755 9.59715e-18)
(1.23089 4.04375 -8.14157e-18)
(1.426 3.75702 -1.13995e-17)
(1.61198 3.47916 1.79464e-17)
(1.78168 3.21935 -2.02905e-19)
(1.93213 2.97936 -6.96267e-18)
(2.06319 2.75979 5.65629e-18)
(2.17666 2.56068 -1.19129e-17)
(2.2742 2.38125 -1.63718e-17)
(2.35871 2.21956 1.64062e-17)
(0.386838 4.16919 -1.87124e-18)
(0.566876 4.1042 -1.24394e-17)
(0.700739 3.79637 2.37871e-18)
(0.903116 3.53583 0)
(1.12082 3.33033 0)
(1.33022 3.12793 3.57819e-19)
(1.52178 2.93135 1.88672e-17)
(1.69292 2.74176 1.16333e-17)
(1.84276 2.56123 0)
(1.97275 2.39192 1.08724e-17)
(2.08345 2.2351 0)
(2.17812 2.0903 4.85048e-19)
(3.87435 2.47054 6.83655e-19)
(4.07923 2.41926 -5.75962e-19)
(4.22663 2.2661 -1.58978e-19)
(4.30186 2.11689 -5.19603e-19)
(4.31059 1.91968 -2.45727e-19)
(4.25096 1.72081 0)
(4.11255 1.50451 0)
(3.89541 1.29421 7.78888e-19)
(3.59872 1.07439 -9.15191e-19)
(3.19064 0.826392 0)
(2.73959 0.420878 0)
(2.61842 -0.0996187 -6.2543e-19)
(3.40189 2.96138 1.4531e-18)
(3.51377 2.88893 0)
(3.62587 2.77973 -8.96188e-19)
(3.72714 2.63589 4.05286e-19)
(3.805 2.468 2.5405e-19)
(3.84151 2.29605 2.55184e-18)
(3.82876 2.12694 -4.12875e-18)
(3.76211 1.97505 6.555e-19)
(3.639 1.85714 0)
(3.36257 1.74507 0)
(3.08626 1.61814 0)
(3.20572 1.16971 6.8991e-19)
(3.4567 2.63267 1.3768e-18)
(3.54015 2.53978 -3.74759e-18)
(3.61956 2.43763 1.02888e-18)
(3.68418 2.33212 2.49504e-18)
(3.72707 2.2264 -2.56863e-18)
(3.7409 2.1276 0)
(3.72227 2.04609 0)
(3.67069 1.99069 -2.11929e-19)
(3.59322 1.96765 1.05758e-18)
(3.44438 1.96246 0)
(3.20848 1.95827 0)
(3.40498 1.85668 -4.4964e-19)
(3.3045 2.57602 3.09275e-19)
(3.3722 2.48255 3.75037e-18)
(3.43737 2.38694 2.6322e-18)
(3.4932 2.29265 -2.62673e-18)
(3.53508 2.2049 0)
(3.55961 2.13001 1.55917e-18)
(3.56376 2.07576 0)
(3.55105 2.04975 2.46712e-18)
(3.51933 2.05764 -7.32051e-19)
(3.44736 2.12035 0)
(3.26056 2.21407 -5.24223e-19)
(3.55291 2.29695 6.14997e-19)
(3.17848 2.48519 -2.6531e-18)
(3.24384 2.38602 0)
(3.30546 2.29111 0)
(3.36015 2.20336 0)
(3.40596 2.12698 0)
(3.44199 2.06709 -2.79208e-18)
(3.46665 2.03287 -1.25452e-19)
(3.4809 2.02833 -1.29364e-18)
(3.4911 2.06542 0)
(3.47864 2.1584 -1.01269e-18)
(3.35918 2.31454 4.73465e-19)
(3.7652 2.53325 -1.57982e-19)
(3.05782 2.40999 -2.13438e-19)
(3.12165 2.307 -6.40817e-18)
(3.18274 2.21173 3.03311e-18)
(3.23981 2.12641 4.53069e-22)
(3.2924 2.05452 1.98731e-19)
(3.34071 2.00062 4.41776e-18)
(3.38627 1.97089 -1.41188e-19)
(3.43121 1.97202 -4.99704e-18)
(3.47777 2.01549 -2.01804e-18)
(3.52912 2.11738 1.02269e-18)
(3.4746 2.31612 -1.27131e-18)
(3.93326 2.65569 -5.10704e-19)
(2.94195 2.34311 1.03347e-17)
(3.00615 2.23404 3.38139e-18)
(3.06837 2.13499 0)
(3.12879 2.04747 0)
(3.18829 1.97412 1.89855e-19)
(3.24858 1.91862 -3.23007e-18)
(3.31249 1.88604 5.08961e-18)
(3.38383 1.88261 -1.19889e-19)
(3.46633 1.91905 1.74066e-18)
(3.56717 2.01402 0)
(3.5906 2.21055 -2.31933e-19)
(4.08636 2.63107 -7.79968e-20)
(2.8281 2.28245 -3.85303e-18)
(2.89261 2.16564 -3.54316e-18)
(2.95554 2.06043 3.79984e-18)
(3.01819 1.96753 -3.5684e-18)
(3.08266 1.8886 1.1496e-21)
(3.15193 1.82624 7.14621e-18)
(3.2304 1.78411 -3.30184e-18)
(3.32394 1.76759 1.8754e-18)
(3.43871 1.78617 0)
(3.58775 1.85951 1.14607e-18)
(3.69192 2.04064 5.82834e-19)
(4.19199 2.50234 -8.86437e-19)
(2.7109 2.22387 4.26027e-18)
(2.77508 2.09855 -4.12152e-18)
(2.83749 1.98584 -3.85105e-18)
(2.90033 1.88557 -8.02663e-18)
(2.96665 1.79842 7.75095e-18)
(3.04048 1.72564 -7.4701e-18)
(3.12771 1.66911 0)
(3.2366 1.63255 -1.79953e-18)
(3.37651 1.62272 0)
(3.56771 1.65789 0)
(3.75439 1.80047 0)
(4.24605 2.22716 4.23753e-19)
(2.58181 2.15861 4.71436e-18)
(2.64574 2.02668 -9.42703e-18)
(2.70677 1.90753 9.17551e-18)
(2.76774 1.80016 8.8115e-18)
(2.83241 1.70421 4.26882e-18)
(2.90558 1.6197 0)
(2.99437 1.54628 0)
(3.10904 1.48506 4.21644e-18)
(3.26303 1.43836 0)
(3.48712 1.42116 -1.20055e-18)
(3.73813 1.48659 7.82221e-19)
(4.22922 1.79772 -1.24114e-18)
(2.43191 2.07397 -1.06746e-17)
(2.49687 1.94124 9.79925e-18)
(2.55657 1.81988 -9.53305e-18)
(2.61418 1.70846 -2.3908e-17)
(2.6737 1.60584 -2.32754e-19)
(2.74046 1.51097 1.2876e-19)
(2.82285 1.42112 -4.6342e-18)
(2.93134 1.33409 -4.26601e-18)
(3.08361 1.24559 0)
(3.31962 1.16471 3.65708e-18)
(3.60727 1.0994 8.98957e-19)
(4.09085 1.07417 -1.74671e-18)
(2.25725 1.95762 -4.79483e-19)
(2.32433 1.83329 0)
(2.38249 1.71695 0)
(2.43497 1.60698 4.66956e-18)
(2.48597 1.50219 1.42598e-17)
(2.54054 1.40106 -4.67061e-18)
(2.60852 1.29896 -2.11019e-19)
(2.69814 1.19074 -2.43792e-18)
(2.82982 1.06395 -2.28135e-18)
(3.03244 0.917152 -2.30339e-18)
(3.33157 0.690567 0)
(3.67821 -0.0208238 2.2899e-18)
(2.2239 -0.227203 3.39547e-22)
(1.93155 -0.252564 0)
(1.75378 -0.337201 -1.37823e-19)
(1.65999 -0.448052 0)
(1.58599 -0.569665 -7.87245e-19)
(1.65875 -0.675315 9.14423e-19)
(1.80477 -0.998917 0)
(1.55733 -1.86777 3.21675e-19)
(1.77573 -2.76846 -2.56735e-19)
(2.22927 -3.04018 6.37208e-20)
(2.37811 -3.32974 -6.94829e-19)
(2.52822 -3.60087 -5.99312e-19)
(2.75588 0.426668 -2.86291e-19)
(2.37379 0.23467 -1.34961e-19)
(2.3813 -0.0353401 5.55965e-19)
(2.45855 -0.378104 0)
(2.46344 -0.890633 -8.50074e-19)
(2.57554 -1.73717 4.02922e-19)
(2.89956 -2.47206 0)
(2.93023 -2.86668 8.05366e-19)
(2.99249 -3.03303 -3.55449e-18)
(3.01485 -3.07006 1.88249e-18)
(3.01623 -3.17256 1.31047e-18)
(2.99455 -3.29016 -3.53163e-18)
(3.03759 0.359348 -1.67827e-19)
(2.75835 -0.00137615 0)
(2.834 -0.535355 -1.73598e-18)
(2.94151 -1.20731 0)
(3.1155 -1.9366 0)
(3.1668 -2.47014 -8.04784e-19)
(3.1699 -2.8168 4.30741e-18)
(3.05616 -3.01866 -3.05428e-18)
(2.95866 -3.13466 9.22056e-19)
(2.87704 -3.20202 0)
(2.79869 -3.28788 2.5483e-18)
(2.71753 -3.37131 -1.46832e-18)
(3.32569 0.209064 9.02882e-19)
(3.20039 -0.28925 1.37976e-18)
(3.33059 -0.940342 1.20307e-18)
(3.41134 -1.61992 2.28054e-18)
(3.42477 -2.19378 -1.64455e-18)
(3.33701 -2.57095 -1.34712e-18)
(3.22478 -2.79759 0)
(3.08066 -2.95479 0)
(2.96245 -3.04399 1.94443e-18)
(2.86005 -3.10721 0)
(2.76313 -3.17528 4.08201e-19)
(2.66844 -3.2391 1.1872e-18)
(3.51077 -0.0409825 1.68442e-18)
(3.51994 -0.56729 -8.85911e-19)
(3.61531 -1.18759 -2.2275e-18)
(3.61343 -1.79277 0)
(3.52573 -2.24971 0)
(3.38326 -2.5341 3.20013e-18)
(3.23163 -2.71751 0)
(3.077 -2.83243 -4.71441e-18)
(2.93669 -2.9137 -1.94562e-18)
(2.81193 -2.98063 3.55894e-18)
(2.69656 -3.04714 -4.83981e-18)
(2.58801 -3.11249 3.07791e-18)
(3.66559 -0.267645 -1.83499e-18)
(3.75877 -0.78024 -1.29518e-18)
(3.80085 -1.33364 1.84562e-18)
(3.73219 -1.8441 3.03191e-19)
(3.58837 -2.20998 3.31542e-18)
(3.41302 -2.44157 -6.33539e-18)
(3.23583 -2.5952 5.62236e-18)
(3.06412 -2.70426 5.24009e-19)
(2.90763 -2.7877 0)
(2.767 -2.85904 0)
(2.63853 -2.92686 7.4742e-18)
(2.52 -2.99274 3.94746e-20)
(3.8251 -0.451743 -4.61034e-20)
(3.98159 -0.926982 -1.9266e-18)
(3.9641 -1.40226 0)
(3.8475 -1.82198 -3.93896e-18)
(3.66294 -2.12179 4.15985e-18)
(3.45763 -2.32201 1.00967e-17)
(3.25516 -2.46403 6.15346e-18)
(3.0644 -2.57204 7.403e-19)
(2.89047 -2.6598 -9.49976e-18)
(2.73367 -2.73652 4.16461e-18)
(2.59149 -2.8079 4.41852e-18)
(2.46181 -2.87602 2.28414e-19)
(4.01106 -0.610206 1.98705e-19)
(4.21439 -1.02095 3.11952e-18)
(4.13721 -1.41102 0)
(3.97981 -1.74971 -4.77908e-18)
(3.75877 -2.00175 -3.5056e-18)
(3.52247 -2.18521 5.74553e-19)
(3.29293 -2.32523 -1.13161e-17)
(3.07927 -2.43769 3.74879e-19)
(2.88505 -2.53211 -2.48756e-19)
(2.71033 -2.61502 4.75581e-18)
(2.55309 -2.69062 -3.82658e-18)
(2.41107 -2.76121 2.00252e-19)
(4.19055 -0.712819 -3.53574e-18)
(4.45643 -1.07422 1.60247e-18)
(4.31201 -1.37238 -8.10581e-18)
(4.11199 -1.63779 3.98521e-18)
(3.85697 -1.85504 0)
(3.59057 -2.03115 0)
(3.33439 -2.17559 6.36172e-18)
(3.09729 -2.29642 1.14623e-17)
(2.88239 -2.39957 -5.18127e-18)
(2.68965 -2.48966 -4.6652e-18)
(2.51725 -2.57006 -4.42781e-18)
(2.36272 -2.64326 0)
(4.47727 -0.811631 7.08411e-20)
(4.69306 -1.05412 4.42811e-18)
(4.44236 -1.25404 9.86302e-18)
(4.18138 -1.47253 0)
(3.89536 -1.67156 7.88853e-18)
(3.60705 -1.84738 0)
(3.3342 -2.00088 3.19378e-19)
(3.08282 -2.13376 -5.66414e-18)
(2.855 -2.24853 6.03394e-18)
(2.65061 -2.3482 0)
(2.46804 -2.43534 0)
(2.30481 -2.51261 -1.00932e-17)
(4.56901 -0.966254 -6.74032e-18)
(4.68779 -0.948368 3.30057e-18)
(4.35766 -1.04071 5.38236e-19)
(4.04393 -1.23063 -8.96041e-18)
(3.75723 -1.42577 -3.53521e-18)
(3.47937 -1.6118 -3.58969e-18)
(3.21956 -1.78156 -6.95036e-18)
(2.97954 -1.93208 -1.94864e-17)
(2.75993 -2.0632 -5.6573e-18)
(2.56078 -2.17672 -1.19153e-17)
(2.3813 -2.27431 1.14423e-17)
(2.21957 -2.35885 1.04243e-17)
(4.16912 -0.386821 3.57952e-18)
(4.10401 -0.566651 -1.42938e-18)
(3.79621 -0.700467 3.51207e-19)
(3.53577 -0.90284 7.49514e-18)
(3.33033 -1.12057 0)
(3.12798 -1.33001 -6.78151e-18)
(2.93141 -1.52163 6.08055e-18)
(2.74184 -1.69283 5.40721e-18)
(2.5613 -1.84274 -1.75099e-17)
(2.39198 -1.9728 1.08731e-17)
(2.23514 -2.08355 -1.05903e-17)
(2.09032 -2.17826 0)
(2.4695 -3.87355 -6.28029e-19)
(2.41854 -4.07876 1.53797e-18)
(2.26539 -4.22605 -1.07528e-18)
(2.1164 -4.30148 -4.73494e-19)
(1.91924 -4.31011 1.03355e-19)
(1.72053 -4.25064 4.8669e-20)
(1.50427 -4.11218 -1.1352e-19)
(1.29408 -3.89517 -2.78107e-19)
(1.07429 -3.59846 -9.15488e-19)
(0.826339 -3.19047 0)
(0.420826 -2.73947 0)
(-0.0998348 -2.61828 -6.25561e-19)
(2.96064 -3.40176 -3.70219e-20)
(2.88834 -3.51362 1.98966e-18)
(2.77923 -3.62564 -8.96186e-19)
(2.63547 -3.7269 0)
(2.46765 -3.80476 1.59508e-18)
(2.29575 -3.84129 0)
(2.12669 -3.82855 1.2279e-18)
(1.97485 -3.76194 2.17372e-18)
(1.85698 -3.63885 -1.86432e-18)
(1.74495 -3.36249 0)
(1.61802 -3.08621 0)
(1.16948 -3.20573 -1.96702e-20)
(2.6321 -3.4567 9.7759e-19)
(2.53926 -3.5401 -9.20675e-19)
(2.43715 -3.61946 1.0299e-18)
(2.3317 -3.68406 0)
(2.22604 -3.72694 -1.13256e-18)
(2.12729 -3.74076 2.92578e-18)
(2.04583 -3.72214 -4.22271e-18)
(1.99047 -3.67058 -4.86757e-18)
(1.96747 -3.59313 2.97932e-18)
(1.96232 -3.44433 0)
(1.95813 -3.20845 5.78591e-19)
(1.85654 -3.40502 1.47444e-19)
(2.57558 -3.3046 1.15741e-18)
(2.48213 -3.37222 -2.60873e-18)
(2.38655 -3.43734 2.63417e-18)
(2.29229 -3.49314 -2.62856e-18)
(2.20457 -3.53499 0)
(2.12972 -3.55952 1.55991e-18)
(2.07551 -3.56367 1.13635e-18)
(2.04953 -3.55098 6.84113e-19)
(2.05744 -3.51927 -1.48536e-18)
(2.12018 -3.44732 0)
(2.21392 -3.26054 -3.40929e-19)
(2.29675 -3.55292 5.57745e-19)
(2.48485 -3.17857 2.96812e-18)
(2.38568 -3.24388 -1.55236e-18)
(2.29078 -3.30546 0)
(2.20304 -3.36013 0)
(2.12668 -3.40592 1.5249e-18)
(2.06681 -3.44194 -1.27811e-18)
(2.03262 -3.4666 -2.27394e-19)
(2.0281 -3.48086 0)
(2.06522 -3.49107 -7.72262e-19)
(2.15823 -3.47862 1.01297e-18)
(2.31439 -3.35917 -1.03479e-18)
(2.53309 -3.76525 -2.54632e-19)
(2.40973 -3.05792 -6.42923e-18)
(2.30672 -3.12172 3.09473e-18)
(2.21145 -3.18278 6.27201e-18)
(2.12614 -3.23983 4.4979e-22)
(2.05425 -3.2924 -7.57294e-18)
(2.00037 -3.34071 -3.23526e-18)
(1.97065 -3.38626 -2.22606e-19)
(1.9718 -3.4312 0)
(2.01528 -3.47776 0)
(2.1172 -3.52913 -1.02292e-18)
(2.31596 -3.47461 -7.40155e-19)
(2.65553 -3.93329 2.23381e-19)
(2.34291 -2.94207 3.52911e-18)
(2.23383 -3.00624 -6.97591e-18)
(2.13477 -3.06845 -3.10979e-18)
(2.04724 -3.12885 -1.79343e-19)
(1.97388 -3.18833 3.02407e-18)
(1.91839 -3.24862 3.01429e-18)
(1.88581 -3.31252 1.71634e-18)
(1.8824 -3.38385 1.688e-18)
(1.91886 -3.46635 -1.88807e-18)
(2.01384 -3.5672 0)
(2.2104 -3.59062 1.19305e-18)
(2.63095 -4.08641 -3.44565e-19)
(2.28232 -2.82824 0)
(2.16549 -2.89273 3.54488e-18)
(2.06026 -2.95564 0)
(1.96734 -3.01829 -1.79411e-19)
(1.8884 -3.08273 1.15485e-21)
(1.82603 -3.152 7.14913e-18)
(1.7839 -3.23045 -6.96692e-18)
(1.76739 -3.32398 0)
(1.78598 -3.43874 -2.02501e-18)
(1.85933 -3.58778 1.14635e-18)
(2.0405 -3.69195 -2.23302e-18)
(2.50224 -4.19202 1.12769e-18)
(2.22379 -2.71105 4.2621e-18)
(2.09844 -2.77523 -4.12327e-18)
(1.9857 -2.83762 -4.17097e-18)
(1.88542 -2.90045 4.08708e-18)
(1.79825 -2.96676 3.88007e-18)
(1.72546 -3.04057 -1.14435e-17)
(1.66893 -3.12778 3.60653e-18)
(1.63237 -3.23665 0)
(1.62253 -3.37655 1.87237e-18)
(1.65773 -3.56775 0)
(1.80034 -3.75442 2.74734e-18)
(2.22709 -4.24607 -2.02098e-18)
(2.15857 -2.58197 0)
(2.02661 -2.6459 -9.43041e-18)
(1.90743 -2.70692 -4.88426e-18)
(1.80004 -2.76788 -8.55536e-18)
(1.70407 -2.83253 4.27024e-18)
(1.61955 -2.90568 4.05118e-18)
(1.54612 -2.99446 0)
(1.4849 -3.10911 0)
(1.43819 -3.26308 0)
(1.421 -3.48716 0)
(1.48646 -3.73816 -7.83469e-19)
(1.79765 -4.22925 -1.01334e-19)
(2.07396 -2.43207 5.20331e-18)
(1.94119 -2.49704 4.74961e-18)
(1.81981 -2.55673 1.96159e-17)
(1.70837 -2.61433 5.02843e-18)
(1.60573 -2.67383 1.90003e-17)
(1.51085 -2.74057 -4.59989e-18)
(1.42098 -2.82293 -4.63527e-18)
(1.33394 -2.93141 0)
(1.24543 -3.08365 -4.48689e-18)
(1.16455 -3.31965 -2.43029e-18)
(1.09927 -3.60729 -1.83076e-18)
(1.0741 -4.09084 -1.08809e-25)
(1.95761 -2.25742 0)
(1.83326 -2.32451 0)
(1.7169 -2.38266 -1.99879e-17)
(1.60691 -2.43512 -1.45206e-17)
(1.5021 -2.4861 -4.60241e-18)
(1.40096 -2.54065 0)
(1.29885 -2.6086 4.65845e-18)
(1.19062 -2.69819 0)
(1.06381 -2.82985 -1.933e-19)
(0.917003 -3.03245 2.30357e-18)
(0.690436 -3.33156 6.63698e-19)
(-0.0209029 -3.67821 4.53593e-18)
(-0.227376 -2.22393 1.07479e-19)
(-0.252724 -1.93164 2.04833e-19)
(-0.337597 -1.75418 -1.95332e-19)
(-0.448171 -1.66041 4.61282e-20)
(-0.570297 -1.58679 0)
(-0.675995 -1.66084 9.28931e-20)
(-1.00206 -1.8051 0)
(-1.87567 -1.55668 4.49182e-19)
(-2.77124 -1.78138 1.07069e-18)
(-3.03998 -2.23177 -1.88127e-20)
(-3.33122 -2.38078 -2.1115e-20)
(-3.60114 -2.52965 9.44328e-19)
(0.426371 -2.756 4.19777e-19)
(0.234127 -2.37405 -5.10754e-19)
(-0.0359482 -2.38224 5.43379e-19)
(-0.379539 -2.45992 -8.66479e-20)
(-0.894722 -2.4636 -8.5095e-19)
(-1.74172 -2.57842 -1.76253e-19)
(-2.47461 -2.90212 -8.85498e-19)
(-2.8665 -2.93114 -1.48601e-18)
(-3.03175 -2.99426 3.45568e-18)
(-3.06874 -3.01605 -6.82556e-19)
(-3.17202 -3.01757 7.8356e-19)
(-3.28959 -2.99556 4.80866e-19)
(0.358525 -3.0378 -3.3603e-19)
(-0.00328718 -2.75881 0)
(-0.538022 -2.83489 0)
(-1.21076 -2.94342 -1.27054e-18)
(-1.9389 -3.11696 0)
(-2.47103 -3.16788 -1.10582e-18)
(-2.8165 -3.17049 7.14963e-19)
(-3.01808 -3.05632 2.54027e-18)
(-3.13356 -2.95935 -1.13602e-18)
(-3.20104 -2.8777 -1.8551e-18)
(-3.28719 -2.79941 -3.56871e-18)
(-3.37074 -2.71823 3.45883e-18)
(0.207531 -3.32536 -1.80922e-18)
(-0.291552 -3.20084 -1.37955e-18)
(-0.942837 -3.33123 2.11946e-18)
(-1.62193 -3.41193 7.61822e-19)
(-2.1946 -3.42482 0)
(-2.57085 -3.33694 -4.5747e-18)
(-2.79691 -3.22467 3.80154e-18)
(-2.9539 -3.08069 0)
(-3.0429 -2.96276 2.9272e-18)
(-3.10628 -2.86047 -4.32142e-18)
(-3.17454 -2.7636 2.92299e-18)
(-3.23847 -2.66892 3.94646e-19)
(-0.0426692 -3.51033 2.52104e-18)
(-0.569485 -3.52 2.67442e-18)
(-1.18956 -3.61521 6.94039e-19)
(-1.79395 -3.61305 0)
(-2.24992 -3.52515 -2.84621e-18)
(-2.53373 -3.38276 5.04575e-18)
(-2.71673 -3.23129 0)
(-2.83159 -3.07682 -2.5605e-18)
(-2.91281 -2.93674 -2.32701e-18)
(-2.97987 -2.81214 3.55363e-18)
(-3.04652 -2.69685 0)
(-3.112 -2.58835 -2.7794e-18)
(-0.269334 -3.66498 1.47103e-18)
(-0.782072 -3.75854 5.80909e-19)
(-1.33508 -3.80026 -1.84324e-18)
(-1.8448 -3.7314 -8.00943e-18)
(-2.20996 -3.58754 -2.49899e-19)
(-2.44115 -3.41234 6.5804e-18)
(-2.59459 -3.23534 0)
(-2.7036 -3.06383 7.37291e-18)
(-2.78701 -2.90755 -4.31887e-18)
(-2.85844 -2.76708 3.82759e-18)
(-2.92635 -2.63871 2.41122e-19)
(-2.99233 -2.52024 -3.93731e-20)
(-0.453136 -3.82444 -1.52447e-18)
(-0.92839 -3.98116 -1.27516e-18)
(-1.40326 -3.96326 0)
(-1.82238 -3.84651 8.45062e-18)
(-2.12171 -3.66201 -1.17733e-17)
(-2.32166 -3.45686 -1.90944e-19)
(-2.46356 -3.25459 -1.17467e-17)
(-2.57153 -3.06403 4.47371e-19)
(-2.65928 -2.89029 -4.52122e-18)
(-2.73604 -2.73364 -4.45512e-18)
(-2.80749 -2.59157 4.413e-18)
(-2.87568 -2.46196 -3.66772e-18)
(-0.611164 -4.01043 -1.38448e-19)
(-1.02194 -4.21379 -1.66577e-18)
(-1.41168 -4.13626 0)
(-1.74998 -3.97876 4.77417e-18)
(-2.00169 -3.7578 3.30371e-18)
(-2.18497 -3.52165 2.90476e-18)
(-2.3249 -3.29231 -4.57158e-19)
(-2.4373 -3.07883 -1.00959e-19)
(-2.53172 -2.88478 -5.20047e-18)
(-2.61464 -2.7102 -5.25987e-19)
(-2.69028 -2.55307 2.12401e-19)
(-2.76091 -2.41113 0)
(-0.713211 -4.19 2.19651e-18)
(-1.07477 -4.45577 0)
(-1.3728 -4.31111 0)
(-1.63799 -4.11099 -3.9833e-18)
(-1.85504 -3.85602 3.47653e-18)
(-2.03101 -3.58975 -7.01166e-18)
(-2.17537 -3.33373 0)
(-2.29615 -3.09679 5.6096e-18)
(-2.39927 -2.88204 -2.29305e-19)
(-2.48936 -2.68944 4.66096e-18)
(-2.56977 -2.51714 -4.81644e-18)
(-2.64299 -2.36271 9.18791e-18)
(-0.811621 -4.4768 4.6094e-18)
(-1.05464 -4.69261 -1.5164e-18)
(-1.25438 -4.44169 -5.25023e-18)
(-1.47273 -4.18058 -8.83466e-18)
(-1.67163 -3.89457 0)
(-1.84735 -3.60634 6.49831e-18)
(-2.00078 -3.3336 -1.29833e-17)
(-2.1336 -3.08233 5.71967e-18)
(-2.24833 -2.85464 6.02957e-18)
(-2.34797 -2.65037 0)
(-2.43511 -2.4679 -5.61705e-18)
(-2.51238 -2.30474 -9.41463e-18)
(-0.96609 -4.56896 -6.69293e-18)
(-0.948479 -4.68761 1.50319e-18)
(-1.04091 -4.35732 4.52933e-18)
(-1.23082 -4.04347 3.81405e-18)
(-1.42592 -3.75674 -4.75801e-20)
(-1.61188 -3.4789 -1.10819e-17)
(-1.78158 -3.21914 1.32101e-17)
(-1.93204 -2.97918 2.56221e-17)
(-2.06311 -2.75964 -1.77822e-17)
(-2.17659 -2.56057 -1.19088e-17)
(-2.27415 -2.38116 1.07954e-17)
(-2.35868 -2.21949 0)
(-0.386726 -4.16916 5.53601e-18)
(-0.566752 -4.10413 1.8826e-18)
(-0.700666 -3.79625 2.02744e-18)
(-0.903063 -3.53571 8.04548e-18)
(-1.12079 -3.3302 0)
(-1.33018 -3.12781 6.42333e-18)
(-1.52175 -2.93124 -1.2785e-17)
(-1.6929 -2.74167 -5.65866e-18)
(-1.84276 -2.56116 -5.76551e-18)
(-1.97275 -2.39187 1.08709e-17)
(-2.08347 -2.23506 5.65306e-18)
(-2.17815 -2.09027 1.6142e-17)
(-3.87443 -2.47099 2.01128e-19)
(-4.07897 -2.41939 5.19121e-19)
(-4.22653 -2.2663 4.28752e-19)
(-4.30157 -2.11688 -1.07083e-18)
(-4.31045 -1.91974 3.49553e-19)
(-4.25069 -1.72073 0)
(-4.1124 -1.50449 -4.72019e-19)
(-3.8952 -1.29412 3.53828e-19)
(-3.59862 -1.07434 0)
(-3.19053 -0.826309 1.08461e-19)
(-2.73959 -0.420822 0)
(-2.61841 0.0995927 0)
(-3.40158 -2.96146 -3.90782e-18)
(-3.51346 -2.88891 2.86614e-18)
(-3.62563 -2.77966 2.11562e-18)
(-3.7269 -2.63578 -8.69494e-19)
(-3.80478 -2.46789 0)
(-3.8413 -2.29594 0)
(-3.82858 -2.12682 1.42206e-18)
(-3.76195 -1.97494 -1.54424e-18)
(-3.63887 -1.85702 0)
(-3.36249 -1.74495 5.79597e-19)
(-3.08623 -1.61804 -6.10467e-20)
(-3.20569 -1.16974 -1.05516e-18)
(-3.45631 -2.63275 1.4387e-18)
(-3.5398 -2.53982 -2.43107e-18)
(-3.61926 -2.43764 0)
(-3.68393 -2.3321 -2.52015e-18)
(-3.72686 -2.22634 -2.64382e-18)
(-3.74072 -2.12753 5.76662e-18)
(-3.72213 -2.04599 -5.15547e-18)
(-3.67058 -1.99058 0)
(-3.59313 -1.96752 0)
(-3.44432 -1.96233 0)
(-3.20845 -1.95814 -5.17463e-19)
(-3.4049 -1.85659 1.54835e-19)
(-3.30415 -2.57604 -1.15606e-18)
(-3.37192 -2.48254 -3.51316e-19)
(-3.43714 -2.38691 0)
(-3.49302 -2.29259 -3.28886e-19)
(-3.53493 -2.20482 0)
(-3.55949 -2.12991 0)
(-3.56366 -2.07564 1.28562e-18)
(-3.55097 -2.04962 -1.57191e-18)
(-3.51926 -2.0575 1.6288e-18)
(-3.44731 -2.1202 0)
(-3.26056 -2.21394 -5.24291e-19)
(-3.55285 -2.29686 -6.15146e-19)
(-3.17822 -2.4852 6.17851e-18)
(-3.24363 -2.38601 -1.55043e-18)
(-3.30529 -2.29108 2.80128e-18)
(-3.36002 -2.20331 1.26899e-18)
(-3.40585 -2.12691 -4.33363e-18)
(-3.4419 -2.067 0)
(-3.46658 -2.03276 -1.48057e-18)
(-3.48084 -2.0282 0)
(-3.49105 -2.06528 0)
(-3.4786 -2.15825 1.01254e-18)
(-3.35919 -2.3144 3.47549e-20)
(-3.76513 -2.53313 6.97182e-19)
(-3.05762 -2.41 -2.98904e-18)
(-3.1215 -2.30699 -2.22297e-19)
(-3.18261 -2.21171 0)
(-3.23971 -2.12638 0)
(-3.29232 -2.05446 -4.78677e-18)
(-3.34065 -2.00054 3.0337e-18)
(-3.38621 -1.97078 3.11728e-18)
(-3.43117 -1.9719 1.63799e-18)
(-3.47774 -2.01534 -3.91383e-18)
(-3.52909 -2.11723 -1.02261e-18)
(-3.47462 -2.31597 0)
(-3.93321 -2.65557 7.9821e-19)
(-2.9418 -2.3431 -7.23935e-18)
(-3.00603 -2.23403 2.99162e-18)
(-3.06829 -2.13497 3.30856e-18)
(-3.12872 -2.04744 1.78486e-19)
(-3.18824 -1.97407 -3.72622e-19)
(-3.24854 -1.91855 -3.40547e-18)
(-3.31245 -1.88594 -4.99336e-18)
(-3.3838 -1.88249 -1.80881e-18)
(-3.46631 -1.91891 1.74e-18)
(-3.56715 -2.01386 0)
(-3.59061 -2.21041 2.01823e-18)
(-4.0863 -2.63093 -5.11986e-19)
(-2.82799 -2.28243 7.52359e-18)
(-2.89252 -2.16563 -4.08218e-18)
(-2.95547 -2.06042 -3.79763e-18)
(-3.01815 -1.96751 -6.95349e-18)
(-3.08262 -1.88856 6.85773e-18)
(-3.1519 -1.82618 -1.78022e-19)
(-3.23037 -1.78402 1.04515e-17)
(-3.32392 -1.76748 1.67806e-18)
(-3.43869 -1.78603 2.02352e-18)
(-3.58773 -1.85936 0)
(-3.69193 -2.0405 -1.38794e-18)
(-4.19195 -2.5022 -6.64582e-19)
(-2.71082 -2.22383 0)
(-2.77502 -2.09852 3.94798e-18)
(-2.83745 -1.98582 3.84883e-18)
(-2.9003 -1.88555 -3.93889e-18)
(-2.96663 -1.79839 -1.4884e-19)
(-3.04046 -1.72559 -3.96685e-18)
(-3.12769 -1.66904 -3.60319e-18)
(-3.23658 -1.63245 0)
(-3.37649 -1.62258 -1.87099e-18)
(-3.56769 -1.65774 -1.17182e-18)
(-3.75438 -1.80033 4.49067e-18)
(-4.24602 -2.22703 -9.66363e-19)
(-2.58176 -2.15857 0)
(-2.64571 -2.02665 0)
(-2.70675 -1.9075 0)
(-2.76773 -1.80014 -1.3318e-17)
(-2.8324 -1.70419 8.50894e-18)
(-2.90557 -1.61967 8.24125e-18)
(-2.99437 -1.54623 0)
(-3.10904 -1.48498 -4.21392e-18)
(-3.26302 -1.43823 0)
(-3.4871 -1.42102 -2.44731e-18)
(-3.73812 -1.48644 -7.83206e-19)
(-4.22921 -1.79757 -1.24126e-18)
(-2.43189 -2.07393 0)
(-2.49687 -1.9412 0)
(-2.55657 -1.81986 1.0072e-17)
(-2.61418 -1.70845 1.40788e-17)
(-2.67371 -1.60583 3.84034e-19)
(-2.74047 -1.51095 4.72484e-18)
(-2.82286 -1.42108 -2.27267e-18)
(-2.93135 -1.33402 6.45362e-18)
(-3.08361 -1.24549 4.48342e-18)
(-3.31961 -1.16457 2.26836e-18)
(-3.60725 -1.09925 -1.83013e-18)
(-4.09084 -1.07402 -1.91874e-18)
(-2.25728 -1.9576 0)
(-2.32437 -1.83327 0)
(-2.38252 -1.71695 -9.75921e-18)
(-2.435 -1.60697 5.11958e-18)
(-2.48599 -1.50219 -4.60054e-18)
(-2.54056 -1.40104 -4.66929e-18)
(-2.60855 -1.29893 4.86743e-18)
(-2.69817 -1.19069 0)
(-2.82985 -1.06386 -4.48895e-18)
(-3.03247 -0.91704 -2.39153e-18)
(-3.33157 -0.690421 2.28819e-18)
(-3.67821 0.0209613 -4.54638e-18)
(-2.22391 0.227157 1.06344e-19)
(-1.93154 0.252523 0)
(-1.75373 0.337192 0)
(-1.65995 0.448036 6.7783e-19)
(-1.58596 0.569691 -8.2812e-19)
(-1.65881 0.675323 0)
(-1.80478 0.99915 0)
(-1.55721 1.86863 4.46716e-19)
(-1.77637 2.76905 1.00973e-18)
(-2.22969 3.04048 7.5868e-19)
(-2.37861 3.33027 -7.12979e-19)
(-2.52863 3.60129 7.7906e-19)
(-2.75589 -0.42673 -5.77524e-19)
(-2.37376 -0.234721 0)
(-2.38124 0.0353363 0)
(-2.45848 0.378171 -1.18478e-18)
(-2.46341 0.890858 1.7126e-18)
(-2.5757 1.73758 -1.60846e-18)
(-2.89981 2.47259 7.6394e-19)
(-2.93038 2.86705 6.95559e-19)
(-2.99277 3.03329 -5.13951e-19)
(-3.01516 3.07027 7.18264e-19)
(-3.0166 3.17284 0)
(-2.99492 3.29041 -1.48339e-18)
(-3.03761 -0.359465 3.35473e-19)
(-2.7583 0.00125565 0)
(-2.83392 0.535338 0)
(-2.94144 1.20745 -7.84716e-19)
(-3.11548 1.93695 5.13911e-19)
(-3.16685 2.47064 -1.42351e-18)
(-3.16998 2.8173 0)
(-3.05623 3.0191 -3.41355e-18)
(-2.95882 3.13499 3.43512e-18)
(-2.87724 3.20231 -1.01694e-18)
(-2.79892 3.28818 -2.50158e-18)
(-2.71778 3.37159 3.4613e-18)
(-3.32576 -0.209244 -9.02588e-19)
(-3.20032 0.289134 1.37966e-18)
(-3.33053 0.940421 0)
(-3.41131 1.62024 7.61614e-19)
(-3.42477 2.1943 -6.39999e-19)
(-3.33702 2.57151 1.34658e-18)
(-3.22481 2.79806 0)
(-3.08072 2.9552 -2.06974e-18)
(-2.96257 3.04431 -4.875e-18)
(-2.86021 3.10749 3.01873e-18)
(-2.76332 3.17554 2.92673e-18)
(-2.66866 3.23932 -5.88359e-18)
(-3.51085 0.0407948 1.2553e-18)
(-3.51991 0.567214 -1.10228e-18)
(-3.61529 1.18775 2.22722e-18)
(-3.61342 1.79319 0)
(-3.52572 2.25026 -5.97971e-18)
(-3.38325 2.53462 5.88033e-18)
(-3.23163 2.71796 2.74398e-18)
(-3.07702 2.8328 2.00345e-18)
(-2.93675 2.914 0)
(-2.81203 2.98088 0)
(-2.69669 3.04735 0)
(-2.58817 3.11267 -6.1065e-19)
(-3.66567 0.267457 3.67178e-18)
(-3.75875 0.780204 0)
(-3.80084 1.33384 -1.84544e-18)
(-3.73216 1.84454 4.16e-18)
(-3.58831 2.21051 3.2913e-18)
(-3.41295 2.44206 -6.29374e-18)
(-3.23577 2.59561 2.8875e-18)
(-3.06408 2.70459 -1.00961e-17)
(-2.90763 2.78795 -1.25129e-19)
(-2.76703 2.85925 -3.49103e-19)
(-2.63859 2.92702 2.41509e-19)
(-2.5201 2.99286 1.00772e-17)
(-3.82517 0.451563 -5.42151e-18)
(-3.98158 0.926974 3.48127e-18)
(-3.9641 1.40249 -5.38927e-18)
(-3.84744 1.82239 -3.93865e-18)
(-3.66283 2.12226 -7.38937e-18)
(-3.45749 2.32244 -3.90259e-18)
(-3.25502 2.46438 -5.81806e-18)
(-3.06428 2.57232 9.68868e-18)
(-2.89039 2.66001 0)
(-2.73362 2.73667 8.37407e-18)
(-2.59149 2.80801 -1.17242e-17)
(-2.46184 2.87609 3.92043e-18)
(-4.01112 0.610072 -2.93727e-18)
(-4.2144 1.02096 -4.95302e-18)
(-4.13722 1.41123 7.33268e-18)
(-3.97974 1.75008 0)
(-3.75863 2.00215 -4.07512e-18)
(-3.52227 2.18558 6.16047e-18)
(-3.29273 2.32553 -2.93377e-19)
(-3.07908 2.43791 1.01147e-19)
(-2.88489 2.53228 -4.84279e-18)
(-2.71021 2.61512 -9.03026e-18)
(-2.55301 2.69068 4.02e-18)
(-2.41103 2.76123 -4.03975e-18)
(-4.19062 0.712687 2.19767e-18)
(-4.45648 1.07427 0)
(-4.31203 1.37259 0)
(-4.11193 1.63809 0)
(-3.85682 1.85537 3.47964e-18)
(-3.59036 2.03145 0)
(-3.33415 2.17584 -3.78513e-19)
(-3.09706 2.29661 1.11643e-17)
(-2.88218 2.3997 2.52484e-19)
(-2.68948 2.48973 4.66567e-18)
(-2.51711 2.57008 -4.64342e-18)
(-2.36264 2.64323 1.36181e-17)
(-4.47738 0.811619 7.08484e-20)
(-4.69315 1.05418 8.03983e-18)
(-4.44241 1.25421 -2.41747e-18)
(-4.18136 1.47278 0)
(-3.89525 1.67183 0)
(-3.60688 1.84764 0)
(-3.33399 2.00111 0)
(-3.08259 2.13393 5.96965e-18)
(-2.85479 2.24864 -2.2652e-17)
(-2.65042 2.34825 -1.10409e-17)
(-2.46789 2.43534 1.05269e-17)
(-2.30469 2.51256 5.56241e-18)
(-4.56908 0.966245 -6.6922e-18)
(-4.68787 0.948437 -4.57099e-18)
(-4.35773 1.04085 -2.70035e-18)
(-4.04397 1.23083 0)
(-3.7572 1.42602 0)
(-3.47928 1.61204 7.45129e-18)
(-3.21942 1.78178 -1.36976e-17)
(-2.97938 1.93225 2.5856e-17)
(-2.75976 2.06331 1.81223e-17)
(-2.56061 2.17678 1.12326e-17)
(-2.38115 2.2743 -1.08021e-17)
(-2.21945 2.35879 6.07786e-19)
(-4.16922 0.386908 -1.87111e-18)
(-4.10413 0.566781 0)
(-3.79635 0.70063 3.88611e-18)
(-3.5359 0.903051 -1.19624e-17)
(-3.33042 1.12082 1.08681e-17)
(-3.12801 1.33026 3.57753e-19)
(-2.93139 1.52185 6.08035e-18)
(-2.74177 1.69302 -5.65914e-18)
(-2.56121 1.84287 -2.87223e-17)
(-2.39187 1.97286 0)
(-2.23503 2.08355 0)
(-2.09022 2.17821 4.85046e-19)
(-2.46993 3.87406 -5.49772e-19)
(-2.41891 4.07921 -3.19407e-19)
(-2.26574 4.22653 9.30479e-20)
(-2.1167 4.3019 -9.47333e-19)
(-1.91951 4.31054 2.99568e-19)
(-1.72075 4.25102 4.84951e-20)
(-1.50446 4.11255 -4.71585e-19)
(-1.29422 3.89547 1.29615e-18)
(-1.07442 3.59873 -6.50059e-19)
(-0.826443 3.19066 -1.08447e-19)
(-0.420932 2.73959 0)
(0.0996251 2.61842 0)
(-2.96101 3.40205 3.42621e-18)
(-2.8887 3.5139 -1.68917e-18)
(-2.77957 3.62594 -8.96182e-19)
(-2.63578 3.7272 0)
(-2.46793 3.80505 -1.34036e-18)
(-2.29601 3.84157 0)
(-2.12693 3.8288 -6.27262e-19)
(-1.97507 3.76215 1.54373e-18)
(-1.85718 3.63903 0)
(-1.74513 3.3626 1.40479e-18)
(-1.61821 3.08629 -1.90444e-18)
(-1.16973 3.20577 2.365e-19)
(-2.63237 3.45698 1.37757e-18)
(-2.53953 3.54037 -3.75036e-18)
(-2.43742 3.61972 1.02966e-18)
(-2.33197 3.6843 0)
(-2.2263 3.72716 1.13233e-18)
(-2.12755 3.74095 2.92539e-18)
(-2.04607 3.72231 -4.00673e-18)
(-1.99071 3.67071 1.90578e-18)
(-1.9677 3.59324 -8.63495e-19)
(-1.96255 3.44439 0)
(-1.95837 3.20848 0)
(-1.8568 3.40503 -1.47412e-19)
(-2.57582 3.30481 -2.73799e-18)
(-2.48237 3.37241 2.27286e-18)
(-2.38681 3.43751 2.63385e-18)
(-2.29255 3.4933 -1.44233e-18)
(-2.20483 3.53514 -2.70881e-18)
(-2.12999 3.55964 0)
(-2.07577 3.56377 1.5023e-19)
(-2.04978 3.55106 3.18179e-18)
(-2.05771 3.51933 -2.36169e-18)
(-2.12044 3.44736 8.15173e-19)
(-2.21418 3.26055 -5.98098e-20)
(-2.29706 3.55294 -5.57615e-19)
(-2.48503 3.17873 2.96794e-18)
(-2.38588 3.24401 -1.55228e-18)
(-2.291 3.30558 2.8044e-18)
(-2.20327 3.36023 -1.51579e-18)
(-2.12692 3.406 0)
(-2.06707 3.44201 0)
(-2.03289 3.46666 -1.25411e-18)
(-2.02837 3.4809 -3.17014e-18)
(-2.06549 3.4911 1.70806e-18)
(-2.1585 3.47863 1.01284e-18)
(-2.31466 3.35916 -1.03466e-18)
(-2.53338 3.76525 0)
(-2.40986 3.05802 -2.13582e-19)
(-2.30688 3.1218 -6.41198e-18)
(-2.21163 3.18283 0)
(-2.12634 3.23987 2.9932e-18)
(-2.05447 3.29243 -2.99383e-18)
(-2.00061 3.34072 0)
(-1.9709 3.38626 -1.21578e-19)
(-1.97207 3.4312 -1.35799e-19)
(-2.01556 3.47775 0)
(-2.11748 3.52911 -2.23001e-18)
(-2.31624 3.47458 1.04074e-18)
(-2.65582 3.93329 -5.8005e-19)
(-2.34298 2.94211 -3.73824e-18)
(-2.23393 3.00626 1.01652e-17)
(-2.1349 3.06845 0)
(-2.0474 3.12883 -3.25319e-18)
(-1.97407 3.1883 3.22776e-18)
(-1.9186 3.24858 3.21646e-18)
(-1.88605 3.31247 -3.58552e-18)
(-1.88265 3.38381 -1.712e-18)
(-1.91912 3.4663 0)
(-2.01411 3.56715 -1.42568e-18)
(-2.21067 3.59057 1.42482e-18)
(-2.63121 4.0864 0)
(-2.28233 2.82823 7.72281e-18)
(-2.16553 2.89269 -7.27425e-18)
(-2.06034 2.95558 7.44168e-18)
(-1.96745 3.01821 -7.13884e-18)
(-1.88855 3.08265 1.16263e-21)
(-1.82621 3.15191 3.49306e-18)
(-1.78411 3.23036 3.30312e-18)
(-1.76762 3.3239 0)
(-1.78623 3.43867 -2.025e-18)
(-1.85959 3.58771 4.61005e-18)
(-2.04075 3.6919 -1.38796e-18)
(-2.50246 4.192 0)
(-2.22374 2.71099 4.26229e-18)
(-2.09844 2.77514 1.5717e-19)
(-1.98574 2.83751 -3.85278e-18)
(-1.88549 2.90033 0)
(-1.79836 2.96663 0)
(-1.72561 3.04044 0)
(-1.66911 3.12766 0)
(-1.63257 3.23654 -3.95175e-18)
(-1.62276 3.37645 1.8724e-18)
(-1.65797 3.56767 2.76126e-19)
(-1.80056 3.75435 0)
(-2.22727 4.24604 0)
(-2.15849 2.58188 -4.71619e-18)
(-2.02657 2.64578 -1.38413e-17)
(-1.90743 2.70678 0)
(-1.80008 2.76772 4.61641e-18)
(-1.70415 2.83237 8.67845e-18)
(-1.61966 2.90552 0)
(-1.54626 2.9943 0)
(-1.48507 3.10896 1.74416e-18)
(-1.43839 3.26295 -6.35957e-18)
(-1.42121 3.48706 2.23055e-19)
(-1.48665 3.73809 0)
(-1.79778 4.22922 0)
(-2.07386 2.43197 -5.47409e-18)
(-1.94113 2.4969 -5.61473e-18)
(-1.81978 2.55656 1.00803e-17)
(-1.70838 2.61414 -1.40907e-17)
(-1.60578 2.67364 5.04949e-18)
(-1.51093 2.74039 9.32887e-18)
(-1.4211 2.82276 -2.36083e-18)
(-1.33409 2.93125 2.07493e-18)
(-1.2456 3.08351 4.21642e-18)
(-1.16473 3.31955 -4.70036e-18)
(-1.09942 3.60722 -1.83085e-18)
(-1.07417 4.0908 0)
(-1.95753 2.25731 -4.79499e-19)
(-1.8332 2.32436 9.94378e-18)
(-1.71687 2.38248 -9.76248e-18)
(-1.60691 2.43493 0)
(-1.50213 2.4859 -9.43172e-18)
(-1.40102 2.54045 -1.4442e-17)
(-1.29894 2.60842 -2.11036e-19)
(-1.19073 2.69802 0)
(-1.06395 2.82971 0)
(-0.917149 3.03234 1.14085e-18)
(-0.690563 3.33149 1.28993e-20)
(0.0208716 3.67817 2.29004e-18)
(0.135725 2.55098 5.68498e-19)
(0.228196 2.6564 2.27373e-18)
(0.429153 2.70866 1.19189e-19)
(0.644818 2.70838 0)
(0.866927 2.67118 5.65304e-18)
(1.07912 2.59756 -5.32204e-18)
(1.27541 2.4994 -1.58285e-17)
(1.4546 2.38703 -1.05313e-17)
(1.61471 2.26758 -1.23605e-20)
(1.75626 2.14702 -5.03524e-18)
(1.87743 2.02916 1.00913e-17)
(1.98136 1.91518 -9.63782e-18)
(0.166076 2.13438 0)
(0.300876 2.13061 0)
(0.440904 2.14536 -2.24074e-18)
(0.588165 2.14951 4.56153e-18)
(0.752209 2.14294 -1.13516e-17)
(0.924221 2.11713 -6.86015e-18)
(1.09584 2.07289 8.96744e-18)
(1.26221 2.01467 2.26033e-17)
(1.4178 1.94621 -4.5294e-18)
(1.56043 1.87203 0)
(1.68415 1.79491 2.39877e-19)
(1.79142 1.71578 0)
(0.135424 1.88097 -4.47781e-19)
(0.25552 1.85578 4.612e-19)
(0.388193 1.83899 3.7765e-18)
(0.523883 1.82086 2.94771e-20)
(0.669565 1.80281 3.875e-18)
(0.822244 1.77987 -5.57488e-20)
(0.976873 1.75029 0)
(1.13005 1.71472 -3.97535e-18)
(1.27632 1.67355 -4.07604e-18)
(1.41236 1.62851 1.2456e-17)
(1.52892 1.57955 -1.24297e-17)
(1.62812 1.52731 8.54076e-18)
(0.105665 1.67044 -8.12741e-19)
(0.222767 1.6512 1.65883e-18)
(0.34819 1.63298 2.24044e-20)
(0.476384 1.61481 -3.4355e-18)
(0.613046 1.59736 -7.05321e-18)
(0.757458 1.57814 -3.92567e-20)
(0.905985 1.55526 -7.32049e-18)
(1.05469 1.52765 3.72221e-18)
(1.197 1.49379 -3.77077e-18)
(1.3266 1.45369 -7.64096e-18)
(1.43062 1.40556 0)
(1.50682 1.35217 8.03989e-18)
(2.06517 1.80733 9.52823e-18)
(2.13248 1.70033 9.76886e-18)
(2.1862 1.59627 0)
(2.22931 1.4937 0)
(2.267 1.39213 4.57232e-18)
(2.30408 1.29016 -4.48601e-18)
(2.35153 1.18254 2.13118e-18)
(2.41383 1.06288 6.54418e-18)
(2.51061 0.915265 0)
(2.62898 0.725344 0)
(2.83287 0.428526 5.97025e-19)
(2.69132 -0.240886 -1.5375e-18)
(1.87246 1.63747 -9.19088e-18)
(1.93177 1.55082 2.86857e-19)
(1.97241 1.4622 0)
(1.99777 1.3702 -4.35673e-18)
(2.01508 1.27575 -5.11977e-21)
(2.02996 1.17756 4.17667e-18)
(2.05519 1.0709 0)
(2.09284 0.948616 -4.09953e-18)
(2.16431 0.799687 0)
(2.23652 0.604221 -3.99438e-18)
(2.37718 0.366417 -1.918e-18)
(2.297 -0.0928884 -1.51165e-26)
(1.6884 1.47188 -2.49831e-19)
(1.72224 1.39858 -8.23527e-18)
(1.73453 1.32166 0)
(1.731 1.23914 8.17719e-18)
(1.72224 1.15342 3.93677e-18)
(1.71531 1.06237 -1.30886e-22)
(1.72472 0.962035 -9.46041e-18)
(1.75014 0.842716 1.11114e-17)
(1.81331 0.699577 -1.81426e-18)
(1.87332 0.509524 8.11302e-18)
(1.98576 0.315088 2.55252e-18)
(1.97255 -0.0061259 -4.44208e-19)
(1.51153 1.29095 2.44516e-17)
(1.49077 1.21683 0)
(1.45743 1.14592 0)
(1.41889 1.07478 -7.27645e-18)
(1.38801 1.00547 -7.23404e-18)
(1.37252 0.932572 7.03917e-18)
(1.38451 0.850688 1.36235e-17)
(1.42103 0.746514 -6.65231e-18)
(1.49579 0.618206 3.29218e-18)
(1.56993 0.442704 -3.26932e-18)
(1.67289 0.265905 -1.58852e-18)
(1.70822 0.0257708 -3.97896e-19)
(2.55105 -0.135593 -1.13693e-18)
(2.65645 -0.227998 0)
(2.70865 -0.428942 1.19174e-19)
(2.70838 -0.64461 0)
(2.67118 -0.866727 0)
(2.59758 -1.07895 5.32159e-18)
(2.49943 -1.27529 0)
(2.38707 -1.45453 1.01873e-17)
(2.26763 -1.61471 1.00112e-17)
(2.14706 -1.75633 1.02014e-17)
(2.02919 -1.87756 -4.97013e-18)
(1.9152 -1.98153 -5.07629e-18)
(2.1345 -0.165925 -5.38264e-19)
(2.13074 -0.300664 -5.4958e-19)
(2.14547 -0.44068 -1.11413e-18)
(2.14961 -0.587954 0)
(2.14302 -0.752025 -2.27153e-18)
(2.11721 -0.92408 1.14079e-17)
(2.07296 -1.09576 0)
(2.01474 -1.26218 4.52703e-18)
(1.94628 -1.41785 -4.52911e-18)
(1.87208 -1.56054 -8.93615e-18)
(1.79496 -1.68431 -9.18241e-18)
(1.71582 -1.79162 8.94103e-18)
(1.88108 -0.135275 -8.98359e-19)
(1.85589 -0.255304 1.37973e-18)
(1.83911 -0.387963 -2.82237e-18)
(1.82098 -0.523674 1.92039e-18)
(1.80293 -0.669395 0)
(1.77999 -0.822128 -1.5752e-17)
(1.75041 -0.976824 0)
(1.71483 -1.13007 8.09705e-18)
(1.67365 -1.27641 -4.11408e-18)
(1.6286 -1.41251 8.33377e-18)
(1.57963 -1.52913 4.09284e-18)
(1.52738 -1.62837 -8.54056e-18)
(1.67049 -0.105529 1.21639e-18)
(1.65124 -0.222561 1.65873e-18)
(1.63305 -0.347963 0)
(1.61489 -0.476178 0)
(1.59747 -0.612884 0)
(1.57826 -0.757357 1.43392e-17)
(1.55539 -0.905957 7.31979e-18)
(1.52778 -1.05474 -1.11292e-17)
(1.49392 -1.19712 1.13337e-17)
(1.45381 -1.3268 -7.64044e-18)
(1.40567 -1.43088 0)
(1.35228 -1.50712 7.7899e-18)
(1.80734 -2.06535 -9.8953e-18)
(1.70032 -2.13267 -9.76953e-18)
(1.59624 -2.18638 9.26219e-18)
(1.49366 -2.22946 -9.46891e-18)
(1.39207 -2.26713 0)
(1.29008 -2.30418 -9.13198e-18)
(1.18245 -2.3516 1.12905e-17)
(1.06278 -2.41387 -2.19952e-18)
(0.915141 -2.51063 4.32413e-18)
(0.725206 -2.62898 -1.11307e-18)
(0.428399 -2.83286 1.13846e-18)
(-0.240976 -2.69131 -7.99403e-19)
(1.6375 -1.87267 8.90752e-18)
(1.55084 -1.93197 8.82511e-18)
(1.4622 -1.97259 0)
(1.37018 -1.99792 4.20627e-18)
(1.27571 -2.0152 8.53175e-18)
(1.17751 -2.03004 4.05467e-18)
(1.07083 -2.05524 -1.64449e-17)
(0.948531 -2.09287 -4.09942e-18)
(0.799581 -2.16433 -4.03286e-18)
(0.604102 -2.23653 -9.99949e-19)
(0.366293 -2.37717 9.55539e-19)
(-0.0930045 -2.297 5.17109e-19)
(1.47195 -1.68864 0)
(1.39862 -1.72245 -1.26629e-17)
(1.32169 -1.73471 4.11358e-18)
(1.23914 -1.73115 4.14748e-18)
(1.15341 -1.72235 7.87718e-18)
(1.06234 -1.71539 -3.84687e-18)
(0.961988 -1.72478 9.33657e-18)
(0.84265 -1.7502 9.25445e-18)
(0.69949 -1.81337 1.81089e-18)
(0.50942 -1.87337 -1.79698e-18)
(0.314972 -1.9858 -4.27793e-19)
(-0.00624217 -1.97259 -4.84838e-21)
(1.29104 -1.51178 0)
(1.21691 -1.49097 -1.52642e-19)
(1.14598 -1.45759 0)
(1.07481 -1.41902 -1.47033e-17)
(1.00549 -1.38812 3.58233e-18)
(0.932571 -1.37262 -1.05422e-17)
(0.850665 -1.38462 0)
(0.746467 -1.42114 -6.65143e-18)
(0.618132 -1.49591 3.27854e-18)
(0.442613 -1.57004 -3.26304e-18)
(0.265798 -1.67299 -1.18528e-18)
(0.0256565 -1.70831 -3.9933e-19)
(-0.135667 -2.5511 -1.13694e-18)
(-0.228108 -2.65659 1.1284e-19)
(-0.429115 -2.7088 0)
(-0.644806 -2.70848 -2.66121e-18)
(-0.866937 -2.67125 5.59885e-18)
(-1.07914 -2.59761 -8.28877e-18)
(-1.27545 -2.49944 -2.13341e-19)
(-1.45465 -2.38706 1.03905e-17)
(-1.61478 -2.26762 -5.11075e-18)
(-1.75634 -2.14705 0)
(-1.87752 -2.02919 -1.98346e-17)
(-1.98145 -1.91521 3.56477e-19)
(-0.16601 -2.13454 1.08185e-18)
(-0.30079 -2.13083 -5.37432e-19)
(-0.44085 -2.14559 4.53191e-18)
(-0.588147 -2.14972 -9.05874e-18)
(-0.75223 -2.14314 4.57361e-18)
(-0.92428 -2.11732 -1.44754e-19)
(-1.09593 -2.07307 0)
(-1.26232 -2.01483 1.36505e-17)
(-1.41794 -1.94636 -4.52912e-18)
(-1.56058 -1.87215 0)
(-1.6843 -1.79502 8.94213e-18)
(-1.79156 -1.71587 -8.9402e-18)
(-0.135391 -1.88114 -4.46914e-19)
(-0.255455 -1.85598 1.90788e-20)
(-0.388151 -1.83922 -3.74458e-18)
(-0.52388 -1.8211 3.8118e-18)
(-0.669609 -1.80306 -3.87467e-18)
(-0.822329 -1.78012 1.18102e-17)
(-0.976996 -1.75055 1.19921e-17)
(-1.1302 -1.71496 -3.97507e-18)
(-1.27649 -1.67377 4.12347e-18)
(-1.41253 -1.6287 0)
(-1.52908 -1.57971 -8.44151e-18)
(-1.62827 -1.52744 0)
(-0.105656 -1.67058 -1.62527e-18)
(-0.222724 -1.65135 -3.30412e-18)
(-0.348162 -1.63317 3.38814e-18)
(-0.476399 -1.61503 -1.71787e-18)
(-0.613111 -1.5976 3.51311e-18)
(-0.757565 -1.57839 -1.25223e-17)
(-0.906123 -1.55551 -7.27934e-18)
(-1.05485 -1.52788 7.43102e-18)
(-1.19715 -1.494 -1.12912e-17)
(-1.32675 -1.45387 0)
(-1.43075 -1.40571 7.74274e-18)
(-1.50693 -1.3523 -1.58288e-17)
(-2.06525 -1.80735 1.47565e-17)
(-2.13255 -1.70035 -4.79986e-18)
(-2.18626 -1.59628 0)
(-2.22935 -1.49371 -9.1129e-18)
(-2.26703 -1.39214 0)
(-2.30411 -1.29015 0)
(-2.35157 -1.18252 -4.37302e-18)
(-2.41389 -1.06284 0)
(-2.51069 -0.915186 0)
(-2.62908 -0.725247 -4.00088e-20)
(-2.83295 -0.428403 2.3009e-18)
(-2.69142 0.241038 1.59868e-18)
(-1.87257 -1.63754 -8.90641e-18)
(-1.93186 -1.55088 0)
(-1.97248 -1.46224 0)
(-1.99781 -1.37023 -4.35596e-18)
(-2.01512 -1.27576 4.26247e-18)
(-2.03001 -1.17756 0)
(-2.05526 -1.07088 -6.25361e-18)
(-2.09295 -0.94857 -2.02422e-18)
(-2.16444 -0.799609 0)
(-2.2367 -0.604129 -1.01581e-18)
(-2.37736 -0.366295 -2.39328e-18)
(-2.29718 0.0930413 -5.156e-19)
(-1.68851 -1.47199 8.56816e-18)
(-1.72232 -1.39866 -4.17924e-18)
(-1.73459 -1.32172 -8.35125e-18)
(-1.73106 -1.23918 4.03316e-18)
(-1.7223 -1.15345 -7.97341e-18)
(-1.7154 -1.06238 0)
(-1.72485 -0.962017 1.50321e-17)
(-1.75033 -0.842669 0)
(-1.81354 -0.699495 1.82961e-18)
(-1.87359 -0.509431 9.03577e-19)
(-1.98604 -0.314971 1.27961e-18)
(-1.97282 0.0062698 -8.38553e-22)
(-1.5116 -1.29107 -8.04091e-18)
(-1.49082 -1.21694 0)
(-1.45749 -1.14601 7.45155e-18)
(-1.41898 -1.07485 -1.11081e-17)
(-1.38814 -1.00553 1.79262e-17)
(-1.3727 -0.932606 -7.03813e-18)
(-1.38475 -0.850686 -1.36214e-17)
(-1.42133 -0.746472 0)
(-1.49612 -0.618122 0)
(-1.57027 -0.4426 0)
(-1.67323 -0.265788 -1.58143e-18)
(-1.70854 -0.0256347 -1.20273e-18)
(-2.55119 0.13575 -5.39125e-20)
(-2.65665 0.22818 5.91476e-19)
(-2.70889 0.429144 0)
(-2.70861 0.644837 5.59506e-18)
(-2.67138 0.866976 -2.67268e-18)
(-2.59773 1.0792 -8.04605e-18)
(-2.49953 1.27552 -5.29267e-18)
(-2.38711 1.45473 5.20405e-18)
(-2.26764 1.61485 1.00107e-17)
(-2.14704 1.7564 1.02009e-17)
(-2.02915 1.87757 -1.00909e-17)
(-1.91515 1.98148 -9.63759e-18)
(-2.1347 0.166097 -1.65701e-26)
(-2.13095 0.300851 2.22425e-18)
(-2.1457 0.440883 4.53165e-18)
(-2.14984 0.588173 0)
(-2.14325 0.752258 4.57333e-18)
(-2.11741 0.924318 0)
(-2.07313 1.09598 4.52834e-18)
(-2.01487 1.26237 -7.98696e-21)
(-1.94637 1.41799 -1.36572e-17)
(-1.87214 1.56062 -8.93565e-18)
(-1.79498 1.68433 8.94207e-18)
(-1.71582 1.79158 9.20356e-18)
(-1.88134 0.135448 4.50542e-19)
(-1.85614 0.255503 -4.59013e-18)
(-1.83934 0.388178 -6.57781e-18)
(-1.82121 0.5239 -1.91391e-18)
(-1.80315 0.669626 -1.16719e-17)
(-1.78019 0.822353 5.93689e-18)
(-1.7506 0.977027 4.50442e-21)
(-1.71499 1.13024 4.03566e-18)
(-1.67379 1.27652 -1.0993e-19)
(-1.6287 1.41256 0)
(-1.57969 1.52911 0)
(-1.52741 1.6283 2.19679e-19)
(-1.67078 0.105691 4.08966e-19)
(-1.6515 0.22275 1.64542e-18)
(-1.63328 0.348169 3.36558e-18)
(-1.61511 0.476395 -3.45649e-18)
(-1.59767 0.613104 1.40646e-17)
(-1.57844 0.757566 -7.14975e-18)
(-1.55555 0.906136 0)
(-1.52791 1.05487 7.45079e-18)
(-1.49402 1.19718 7.52044e-18)
(-1.45387 1.32678 0)
(-1.4057 1.43078 0)
(-1.35228 1.50696 -2.36186e-17)
(-1.80728 2.06525 9.52815e-18)
(-1.70028 2.13253 -9.76888e-18)
(-1.59621 2.18621 -1.43543e-17)
(-1.49365 2.22928 -4.95667e-21)
(-1.39209 2.26694 9.26798e-18)
(-1.29013 2.30399 2.24305e-17)
(-1.18253 2.35142 4.37441e-18)
(-1.06288 2.41371 -4.48223e-18)
(-0.915257 2.51049 0)
(-0.725324 2.62886 -4.0033e-20)
(-0.428499 2.83277 0)
(0.240969 2.69122 -7.99455e-19)
(-1.63749 1.87258 0)
(-1.55082 1.93184 -2.86853e-19)
(-1.46219 1.97244 8.70551e-18)
(-1.37019 1.99775 -1.31939e-17)
(-1.27573 2.01502 -1.27682e-17)
(-1.17755 2.02987 -8.23137e-18)
(-1.0709 2.05508 1.03928e-17)
(-0.948613 2.09272 6.0907e-18)
(-0.79968 2.16419 -4.03331e-18)
(-0.604199 2.2364 1.97846e-18)
(-0.366385 2.37707 0)
(0.0929612 2.2969 0)
(-1.47196 1.68853 -8.56841e-18)
(-1.39862 1.72232 4.0554e-18)
(-1.32169 1.73456 -4.23896e-18)
(-1.23916 1.73099 3.9199e-18)
(-1.15344 1.7222 1.17114e-17)
(-1.06238 1.71524 0)
(-0.962047 1.72463 1.3223e-19)
(-0.842724 1.75004 -3.67186e-18)
(-0.699577 1.81321 -1.89448e-20)
(-0.509502 1.87322 -3.60306e-18)
(-0.315059 1.98566 4.27867e-19)
(0.00618852 1.97248 -4.45073e-19)
(-1.29103 1.51163 -8.36792e-18)
(-1.2169 1.49082 0)
(-1.14597 1.45744 7.45231e-18)
(-1.07481 1.41887 -1.11096e-17)
(-1.0055 1.38796 3.59954e-18)
(-0.932601 1.37245 0)
(-0.850715 1.38444 9.46274e-20)
(-0.746536 1.42096 6.71436e-18)
(-0.618218 1.49573 3.27919e-18)
(-0.4427 1.56988 5.85689e-21)
(-0.265884 1.67283 0)
(-0.0257218 1.7082 8.00464e-19)
(0.0995064 1.48099 1.16368e-18)
(0.213816 1.48386 2.08151e-20)
(0.340002 1.48612 -5.11147e-18)
(0.472944 1.48999 0)
(0.616445 1.49214 8.14135e-18)
(0.765959 1.48822 1.93577e-17)
(0.914416 1.47448 2.7818e-17)
(1.05316 1.44758 0)
(1.17089 1.40523 0)
(1.25556 1.34769 -5.65603e-18)
(1.29407 1.27792 5.63863e-18)
(1.27567 1.20346 -2.27483e-17)
(0.0964406 1.30874 -5.92939e-19)
(0.210121 1.32717 1.88713e-18)
(0.333368 1.34356 -6.5636e-18)
(0.464578 1.36014 0)
(0.604138 1.37156 1.12568e-17)
(0.745755 1.37246 -1.131e-17)
(0.880283 1.35824 -5.67949e-18)
(0.996652 1.32547 7.29724e-21)
(1.08243 1.27309 -5.83307e-18)
(1.12646 1.20413 0)
(1.11999 1.12708 0)
(1.06015 1.05498 2.43005e-17)
(0.104262 1.14776 0)
(0.214678 1.17309 -2.49981e-18)
(0.33327 1.19523 5.25008e-18)
(0.458744 1.21516 2.7614e-18)
(0.588499 1.22703 -1.72088e-17)
(0.714542 1.22572 8.79156e-18)
(0.826462 1.20728 -1.79416e-17)
(0.912739 1.16961 6.10563e-18)
(0.962394 1.11356 1.28087e-20)
(0.968413 1.04454 2.63559e-20)
(0.928579 0.975 -3.43781e-17)
(0.852824 0.927019 -2.86362e-17)
(0.114848 0.994362 0)
(0.219777 1.01968 5.01052e-18)
(0.331014 1.04054 0)
(0.446523 1.05692 1.10721e-17)
(0.561398 1.06342 0)
(0.66659 1.05596 6.09059e-18)
(0.751278 1.03158 2.51162e-17)
(0.804495 0.98937 -6.57883e-18)
(0.817434 0.930426 0)
(0.787649 0.858255 0)
(0.716693 0.782072 -8.85943e-18)
(0.634195 0.761103 8.89361e-18)
(1.17956 1.11979 -2.28478e-17)
(1.11592 1.02399 -5.68191e-18)
(1.06776 0.968534 2.83059e-17)
(1.03454 0.91398 -1.64513e-17)
(1.02943 0.864482 2.10144e-17)
(1.05451 0.808832 -2.02219e-17)
(1.11209 0.737996 -2.42848e-17)
(1.19532 0.639755 0)
(1.29788 0.512015 -4.52394e-18)
(1.39106 0.348011 0)
(1.47359 0.184082 0)
(1.49881 0.00482134 -1.12516e-18)
(0.919215 0.97418 0)
(0.856836 0.859497 0)
(0.820903 0.816037 -2.17731e-17)
(0.803179 0.775844 5.23933e-18)
(0.817541 0.739994 5.04654e-18)
(0.861869 0.697115 -5.11624e-20)
(0.934625 0.638149 1.16658e-17)
(1.02692 0.553351 6.85099e-18)
(1.12759 0.440895 0)
(1.21464 0.299489 0)
(1.28034 0.157038 -5.52641e-19)
(1.30625 0.00889505 2.82899e-18)
(0.674526 0.880306 0)
(0.639191 0.740296 -5.76705e-18)
(0.629101 0.705655 -1.62926e-17)
(0.630955 0.675714 2.07233e-17)
(0.661355 0.64546 1.99222e-17)
(0.716807 0.60591 4.77369e-18)
(0.794229 0.549793 -6.96351e-18)
(0.884317 0.470557 -6.73904e-18)
(0.975622 0.368062 8.91997e-18)
(1.05147 0.244693 0)
(1.10579 0.121261 5.56583e-19)
(1.13291 -0.00331653 1.72273e-18)
(0.446361 0.792819 -3.69805e-17)
(0.451754 0.625543 -2.52713e-17)
(0.475561 0.604532 2.22521e-17)
(0.496751 0.58757 -2.60391e-17)
(0.538051 0.562629 5.05442e-18)
(0.598161 0.525434 0)
(0.673817 0.471592 -2.35966e-18)
(0.756589 0.39757 4.17706e-21)
(0.836463 0.304651 -6.69405e-18)
(0.9013 0.196716 0)
(0.94741 0.088898 -3.93835e-18)
(0.974501 -0.0191344 -5.18286e-18)
(1.48096 -0.0993471 -2.33585e-18)
(1.48383 -0.213611 -2.43744e-18)
(1.48615 -0.339795 0)
(1.49006 -0.472775 0)
(1.49225 -0.616329 8.23965e-18)
(1.48835 -0.765915 -8.2394e-18)
(1.47463 -0.914451 9.35991e-20)
(1.44774 -1.05327 1.67122e-17)
(1.40539 -1.17109 -5.51628e-18)
(1.34786 -1.25583 5.65482e-18)
(1.27808 -1.29439 -2.8297e-17)
(1.20362 -1.27599 0)
(1.30866 -0.0963102 1.77573e-18)
(1.32711 -0.209954 1.87651e-18)
(1.34358 -0.333199 -5.25147e-18)
(1.3602 -0.464441 -2.73797e-18)
(1.37167 -0.604053 -8.35003e-18)
(1.3726 -0.745738 0)
(1.3584 -0.880346 -1.71452e-17)
(1.32564 -0.996803 -5.80855e-18)
(1.27328 -1.08267 -1.16418e-17)
(1.20432 -1.12678 0)
(1.12729 -1.12034 2.40546e-17)
(1.05519 -1.06049 0)
(1.14766 -0.104169 1.19864e-18)
(1.17302 -0.214554 -5.0125e-18)
(1.19525 -0.333147 5.24936e-18)
(1.21522 -0.458645 2.76096e-18)
(1.22714 -0.588447 -5.7493e-18)
(1.22586 -0.714555 2.93535e-18)
(1.20744 -0.826556 0)
(1.16979 -0.912922 6.06766e-18)
(1.11375 -0.962667 6.28008e-18)
(1.04474 -0.968758 6.5616e-18)
(0.975221 -0.928956 -3.43678e-17)
(0.927279 -0.853179 0)
(0.994264 -0.114797 -2.39354e-18)
(1.01961 -0.219696 7.50553e-18)
(1.04055 -0.330929 0)
(1.05698 -0.446458 -1.10708e-17)
(1.06352 -0.561375 0)
(1.05609 -0.666628 -6.08968e-18)
(1.03173 -0.751394 -6.292e-18)
(0.989529 -0.804701 3.28549e-17)
(0.930587 -0.817726 7.81722e-21)
(0.858423 -0.788003 -7.71194e-18)
(0.782268 -0.717061 3.5759e-17)
(0.761379 -0.63453 -3.53618e-17)
(1.11993 -1.17979 0)
(1.02409 -1.11611 -1.14019e-17)
(0.968615 -1.06793 0)
(0.914046 -1.03471 5.41838e-18)
(0.864528 -1.02959 5.28077e-18)
(0.808854 -1.05467 2.52269e-17)
(0.737992 -1.11224 7.30517e-18)
(0.639724 -1.19546 -2.34816e-18)
(0.51196 -1.29802 4.5687e-18)
(0.347939 -1.39118 -3.31557e-20)
(0.183996 -1.47371 2.18227e-18)
(0.00471447 -1.49892 0)
(0.974381 -0.919443 6.08241e-18)
(0.859628 -0.857039 -1.14109e-17)
(0.816152 -0.821106 5.43241e-18)
(0.775943 -0.803376 0)
(0.740072 -0.81773 1.00964e-17)
(0.697165 -0.862046 -9.6693e-18)
(0.638167 -0.93479 -1.87126e-17)
(0.553337 -1.02708 0)
(0.44085 -1.12773 -4.43061e-18)
(0.299423 -1.21477 -4.11128e-20)
(0.156952 -1.28046 -5.52424e-19)
(0.00878813 -1.30637 5.67537e-19)
(0.880569 -0.674734 0)
(0.740459 -0.639401 -6.73862e-20)
(0.705789 -0.629322 -2.16871e-17)
(0.675835 -0.63117 2.07093e-17)
(0.645559 -0.661556 -9.92124e-18)
(0.60598 -0.716992 -4.783e-18)
(0.549829 -0.794397 1.15591e-17)
(0.470558 -0.88447 9.04963e-18)
(0.36803 -0.975763 2.22598e-18)
(0.244635 -1.0516 4.41617e-18)
(0.121183 -1.10591 0)
(-0.00341819 -1.13303 1.14759e-18)
(0.793135 -0.446524 -3.69679e-17)
(0.625717 -0.451952 1.87945e-17)
(0.604673 -0.475783 5.00995e-17)
(0.587702 -0.496966 -2.60184e-17)
(0.562743 -0.538249 -1.50022e-17)
(0.525519 -0.59834 -1.44592e-17)
(0.471642 -0.673979 -4.65629e-18)
(0.397584 -0.756736 -9.04874e-18)
(0.304631 -0.836598 0)
(0.196668 -0.901425 1.11429e-18)
(0.0888268 -0.947524 -1.12405e-18)
(-0.0192235 -0.974604 -2.30203e-18)
(-0.0994843 -1.4811 2.3264e-18)
(-0.213788 -1.48397 2.43679e-18)
(-0.339997 -1.48629 -5.10939e-18)
(-0.47298 -1.49018 0)
(-0.61651 -1.49233 2.72272e-18)
(-0.76604 -1.4884 8.33728e-18)
(-0.914497 -1.47464 0)
(-1.05323 -1.44771 1.12039e-17)
(-1.17096 -1.40534 0)
(-1.25563 -1.3478 2.82044e-17)
(-1.29415 -1.27803 -1.13338e-17)
(-1.27576 -1.20358 2.84148e-17)
(-0.0964459 -1.3088 -5.92657e-19)
(-0.210117 -1.32724 3.12415e-18)
(-0.333376 -1.34368 -5.24998e-18)
(-0.464604 -1.36026 -8.26958e-18)
(-0.604173 -1.37168 -9.09476e-21)
(-0.745787 -1.37255 -1.4152e-17)
(-0.880306 -1.35831 -1.72334e-17)
(-0.996672 -1.32551 -1.73201e-17)
(-1.08246 -1.27314 -2.33974e-17)
(-1.12652 -1.20419 -2.36486e-17)
(-1.12009 -1.12718 0)
(-1.06028 -1.05511 0)
(-0.104292 -1.14778 2.39631e-18)
(-0.214691 -1.17312 -3.74962e-18)
(-0.333281 -1.1953 6.56624e-18)
(-0.458751 -1.21522 -6.44105e-20)
(-0.588497 -1.22707 1.15216e-17)
(-0.714526 -1.22574 5.89144e-18)
(-0.826439 -1.20728 1.78812e-17)
(-0.912726 -1.1696 4.27095e-17)
(-0.962417 -1.11356 1.88077e-17)
(-0.968493 -1.04457 -2.61895e-17)
(-0.92872 -0.975079 0)
(-0.853009 -0.927163 0)
(-0.114899 -0.994351 -4.78487e-18)
(-0.2198 -1.01966 1.24796e-18)
(-0.33102 -1.04056 -1.3143e-18)
(-0.446509 -1.05693 1.37821e-17)
(-0.561362 -1.06341 -1.45339e-17)
(-0.666537 -1.05593 -6.02141e-18)
(-0.751226 -1.03153 1.58497e-20)
(-0.804472 -0.989321 6.60712e-18)
(-0.817468 -0.930391 -2.80097e-17)
(-0.787758 -0.858252 3.08791e-17)
(-0.716871 -0.782126 -3.56653e-17)
(-0.634415 -0.761251 0)
(-1.17965 -1.11993 -2.29457e-17)
(-1.11605 -1.02412 -5.68058e-18)
(-1.06793 -0.96866 5.65518e-18)
(-1.03477 -0.914094 -5.55468e-18)
(-1.02971 -0.864572 -5.18721e-18)
(-1.05483 -0.808886 -9.97551e-20)
(-1.11244 -0.738007 1.20721e-17)
(-1.19568 -0.639722 -2.34815e-18)
(-1.29824 -0.511948 0)
(-1.39139 -0.34793 0)
(-1.4739 -0.183994 2.18206e-18)
(-1.49909 -0.00471118 2.23803e-18)
(-0.919349 -0.974347 4.86662e-17)
(-0.857016 -0.859649 0)
(-0.821137 -0.816186 0)
(-0.803458 -0.775979 1.04738e-17)
(-0.817858 -0.740102 -5.06548e-18)
(-0.862213 -0.697185 4.81423e-18)
(-0.93498 -0.638173 0)
(-1.02727 -0.55333 -6.855e-18)
(-1.12792 -0.440837 -2.23229e-18)
(-1.21493 -0.299413 4.43626e-18)
(-1.2806 -0.156954 -2.7702e-18)
(-1.30648 -0.00879564 -5.62679e-19)
(-0.674688 -0.880488 -2.76577e-17)
(-0.6394 -0.740448 1.7307e-17)
(-0.629359 -0.705797 5.40715e-18)
(-0.631245 -0.675842 5.1697e-18)
(-0.661669 -0.645561 4.95132e-18)
(-0.717133 -0.605975 0)
(-0.794554 -0.549817 2.31403e-18)
(-0.884626 -0.470542 4.48275e-18)
(-0.975902 -0.368016 2.2264e-18)
(-1.05171 -0.24463 -4.41688e-18)
(-1.106 -0.121191 2.21977e-18)
(-1.13309 0.00339899 -1.14773e-18)
(-0.446524 -0.793009 3.69726e-17)
(-0.451962 -0.625677 -2.50939e-17)
(-0.475812 -0.604656 -5.56989e-18)
(-0.497023 -0.58768 8.1416e-22)
(-0.538336 -0.562716 -1.50096e-17)
(-0.598448 -0.52549 -4.80788e-18)
(-0.674095 -0.471613 1.39808e-17)
(-0.756846 -0.397559 0)
(-0.836689 -0.304615 8.96883e-18)
(-0.90149 -0.196666 0)
(-0.947567 -0.0888416 -4.49803e-18)
(-0.974626 0.0191993 2.30253e-18)
(-1.48122 0.0994905 1.18066e-18)
(-1.48405 0.213779 0)
(-1.48634 0.339975 5.15354e-18)
(-1.49021 0.472956 5.32579e-18)
(-1.49236 0.616493 -1.08614e-17)
(-1.48843 0.766041 5.58196e-18)
(-1.47466 0.914515 1.11696e-17)
(-1.44773 1.05326 4.69279e-20)
(-1.40534 1.17098 5.64437e-18)
(-1.34779 1.25564 -1.68951e-17)
(-1.278 1.29415 -5.63795e-18)
(-1.20352 1.27574 2.27463e-17)
(-1.30886 0.0964322 -1.77229e-18)
(-1.32727 0.210094 -6.24139e-19)
(-1.3437 0.333346 -5.20923e-18)
(-1.36028 0.464578 0)
(-1.3717 0.604159 -1.40533e-17)
(-1.37258 0.745791 -8.46193e-18)
(-1.35833 0.880322 8.89697e-20)
(-1.32553 0.996685 5.78629e-18)
(-1.27313 1.08246 -1.7475e-17)
(-1.20415 1.12649 2.36505e-17)
(-1.12711 1.12002 0)
(-1.05501 1.06018 2.42996e-17)
(-1.14781 0.104267 -2.99353e-18)
(-1.17312 0.214662 6.27671e-19)
(-1.1953 0.333254 0)
(-1.21523 0.458733 -1.10873e-17)
(-1.22709 0.588493 1.43256e-17)
(-1.22577 0.714535 1.46655e-17)
(-1.2073 0.82645 -1.78823e-17)
(-1.16961 0.912721 -2.44348e-17)
(-1.11355 0.962376 -2.51514e-17)
(-1.04452 0.968408 3.27554e-17)
(-0.974988 0.928591 -6.86199e-18)
(-0.927038 0.852835 -5.72139e-17)
(-0.994353 0.11487 4.18835e-18)
(-1.01966 0.219773 6.26085e-19)
(-1.04055 0.330999 0)
(-1.05693 0.446501 1.37846e-17)
(-1.06343 0.561366 -1.06253e-20)
(-1.05595 0.666548 -3.00283e-18)
(-1.03155 0.751227 0)
(-0.989326 0.804443 6.54171e-18)
(-0.93037 0.817392 2.10057e-17)
(-0.858199 0.787628 -4.19585e-20)
(-0.782038 0.716694 3.5671e-17)
(-0.761118 0.634183 7.10729e-17)
(-1.11985 1.17959 2.28471e-17)
(-1.02404 1.11591 5.68192e-18)
(-0.968569 1.06771 -5.65699e-18)
(-0.91401 1.03447 1.08954e-17)
(-0.864514 1.02936 0)
(-0.808864 1.05444 1.51925e-17)
(-0.738027 1.11204 -2.18652e-17)
(-0.639779 1.1953 -1.16722e-17)
(-0.512026 1.2979 0)
(-0.348006 1.39109 4.44768e-18)
(-0.184064 1.47363 0)
(-0.0047518 1.49887 -1.11773e-18)
(-0.974226 0.919198 0)
(-0.859531 0.85678 0)
(-0.816063 0.820825 0)
(-0.775866 0.803099 -5.23874e-18)
(-0.740017 0.817472 1.19009e-20)
(-0.69714 0.861822 -4.81678e-18)
(-0.638175 0.934615 9.32937e-18)
(-0.553372 1.02696 -9.13091e-18)
(-0.440907 1.12767 0)
(-0.299491 1.21475 3.33447e-18)
(-0.157035 1.28046 1.66e-18)
(-0.00885489 1.30639 -5.67839e-19)
(-0.880352 0.674479 0)
(-0.74033 0.639112 1.73141e-17)
(-0.705678 0.629015 -9.4956e-21)
(-0.675731 0.630878 1.69111e-21)
(-0.645474 0.661299 4.97593e-18)
(-0.605923 0.716785 4.81504e-18)
(-0.549804 0.794252 6.95565e-18)
(-0.470564 0.88439 4.48521e-18)
(-0.368063 0.975742 2.22763e-18)
(-0.244688 1.05162 -4.41931e-18)
(-0.121262 1.10596 -2.23357e-18)
(0.0033343 1.1331 0)
(-0.792864 0.44629 9.12859e-18)
(-0.625581 0.451662 -6.13729e-18)
(-0.604555 0.475474 0)
(-0.587582 0.496682 0)
(-0.562633 0.53801 -4.99489e-18)
(-0.525432 0.59816 1.6923e-20)
(-0.471585 0.673864 -1.39883e-17)
(-0.397557 0.756686 0)
(-0.304636 0.836606 -8.97363e-18)
(-0.196701 0.901474 0)
(-0.0888984 0.947596 -2.25861e-18)
(0.0191261 0.974704 0)
(0.124281 0.847485 -1.19683e-18)
(0.221832 0.867812 -4.9618e-18)
(0.323254 0.882168 0)
(0.425459 0.890128 -1.09597e-17)
(0.521856 0.887332 -2.90015e-18)
(0.602677 0.87112 -1.54713e-17)
(0.656877 0.839595 6.65885e-18)
(0.673281 0.792242 0)
(0.641706 0.728664 0)
(0.554502 0.648164 9.6617e-18)
(0.38435 0.531768 4.1548e-17)
(0.149852 0.405173 0)
(0.130529 0.707882 1.19409e-18)
(0.219106 0.719996 0)
(0.308844 0.724562 -1.02976e-17)
(0.395566 0.721224 2.70695e-18)
(0.471503 0.70709 -2.88902e-18)
(0.526386 0.681136 1.86151e-17)
(0.548973 0.643 1.3601e-17)
(0.527592 0.593157 -7.695e-18)
(0.449921 0.531449 0)
(0.304448 0.46123 0)
(0.0468057 0.362559 0)
(-0.248156 0.340259 0)
(0.132567 0.576898 -1.20073e-18)
(0.210994 0.579184 -6.14487e-18)
(0.28786 0.572472 1.14617e-17)
(0.358096 0.556864 0)
(0.413246 0.53123 0)
(0.442951 0.496494 -5.53266e-17)
(0.436367 0.454591 3.40089e-17)
(0.382674 0.408495 0)
(0.271852 0.361204 -9.39894e-18)
(0.100383 0.323259 2.4791e-17)
(-0.126557 0.291052 -2.09598e-17)
(-0.311508 0.313781 0)
(0.130097 0.455952 1.21134e-18)
(0.197687 0.447987 4.92591e-18)
(0.261208 0.42992 -1.01378e-17)
(0.315023 0.402529 7.96229e-18)
(0.350539 0.366598 -8.41986e-18)
(0.357898 0.325243 -6.02709e-18)
(0.327647 0.283239 -4.70366e-17)
(0.25172 0.246815 -7.70103e-18)
(0.126701 0.222602 9.28514e-18)
(-0.0378177 0.224921 4.74327e-17)
(-0.211769 0.254615 0)
(-0.334085 0.310501 0)
(0.123319 0.346265 0)
(0.179857 0.328363 0)
(0.230181 0.29974 1.01705e-17)
(0.268472 0.261884 -1.05742e-17)
(0.286522 0.217442 -1.39191e-17)
(0.275569 0.171714 5.69457e-17)
(0.228357 0.132287 1.32518e-17)
(0.140504 0.108211 3.78236e-17)
(0.0156964 0.108091 0)
(-0.12893 0.14481 -4.54383e-17)
(-0.265017 0.212154 -7.00277e-17)
(-0.347768 0.281969 0)
(0.112731 0.248536 0)
(0.158365 0.221517 1.27264e-18)
(0.196103 0.183531 -1.29553e-18)
(0.220283 0.136806 2.65972e-18)
(0.223489 0.0855722 4.19368e-17)
(0.19848 0.0370327 -2.98992e-17)
(0.1405 0.00110535 6.59419e-18)
(0.0485339 -0.0113187 -2.98857e-17)
(-0.0686394 0.00853647 -8.85375e-18)
(-0.192132 0.0712121 1.12344e-17)
(-0.300219 0.163303 6.79453e-17)
(-0.340564 0.248466 0)
(0.0989728 0.162848 0)
(0.134091 0.127852 1.32906e-18)
(0.160124 0.0818332 -1.34449e-18)
(0.171812 0.0277496 0)
(0.162779 -0.028959 -2.57618e-17)
(0.127505 -0.0796572 -3.01682e-18)
(0.0636027 -0.112714 -1.33251e-17)
(-0.0275608 -0.116291 -3.78052e-17)
(-0.134005 -0.0824154 3.59485e-17)
(-0.237261 -0.00156079 0)
(-0.320314 0.108427 1.40056e-16)
(-0.322134 0.204608 0)
(0.0827047 0.0886937 0)
(0.107807 0.0470206 1.43452e-18)
(0.123097 -0.00569164 1.00763e-17)
(0.123871 -0.0658656 2.92292e-18)
(0.104893 -0.127196 2.12507e-17)
(0.0623688 -0.180164 -6.41206e-18)
(-0.00403295 -0.211951 3.50842e-17)
(-0.091618 -0.21028 6.3733e-17)
(-0.18597 -0.16822 3.82945e-17)
(-0.269363 -0.0755095 1.25595e-17)
(-0.327559 0.0487837 -1.89666e-17)
(-0.289974 0.156865 0)
(0.0644993 0.0249887 0)
(0.0800626 -0.0220168 0)
(0.085496 -0.0801615 -1.31379e-17)
(0.0767028 -0.145399 0)
(0.0496029 -0.210899 1.6157e-20)
(0.00203797 -0.266721 -7.22228e-18)
(-0.0645929 -0.299203 7.8981e-18)
(-0.147108 -0.295897 -3.59676e-17)
(-0.228413 -0.250723 -1.08869e-17)
(-0.29132 -0.151385 1.31432e-16)
(-0.32295 -0.0148545 -1.80812e-16)
(-0.247866 0.105654 3.14752e-16)
(0.0451521 -0.0300962 0)
(0.0516178 -0.081173 8.58612e-18)
(0.0478996 -0.143659 -1.70355e-17)
(0.0305308 -0.213149 4.28182e-18)
(-0.00349071 -0.282694 -4.41721e-17)
(-0.054699 -0.342098 3.26208e-17)
(-0.120258 -0.377169 -4.00088e-17)
(-0.196977 -0.375445 1.11574e-17)
(-0.264385 -0.33082 -1.07231e-16)
(-0.305424 -0.228567 -1.25851e-16)
(-0.308388 -0.0809923 -2.9583e-17)
(-0.196926 0.0524928 -4.09758e-16)
(0.0268903 -0.0802789 0)
(0.0248625 -0.134366 -4.50707e-17)
(0.0125726 -0.200344 2.96667e-17)
(-0.0127999 -0.273491 0)
(-0.0534616 -0.347154 -7.15536e-18)
(-0.108021 -0.410519 -3.59384e-17)
(-0.173202 -0.449859 -5.93906e-17)
(-0.242498 -0.45215 -3.21483e-17)
(-0.295834 -0.408033 1.89322e-16)
(-0.311547 -0.30518 1.7313e-16)
(-0.279511 -0.155862 0)
(-0.146437 0.000536516 0)
(0.0122018 -0.134078 -2.31199e-17)
(0.00292348 -0.189092 -4.00695e-20)
(-0.0162022 -0.256811 0)
(-0.0472239 -0.332106 1.67846e-17)
(-0.0918606 -0.410028 -1.55566e-17)
(-0.146876 -0.475929 -1.46259e-16)
(-0.207395 -0.526576 4.85308e-16)
(-0.27361 -0.523064 0)
(-0.294553 -0.46929 -2.46492e-16)
(-0.28249 -0.370631 -2.87076e-16)
(-0.237782 -0.224229 -4.43292e-16)
(-0.099 -0.0496486 1.80674e-15)
(0.193495 0.493199 9.69443e-17)
(0.307844 0.477399 2.95418e-17)
(0.350148 0.49966 -2.31605e-17)
(0.388157 0.504008 0)
(0.43565 0.487009 -2.54066e-17)
(0.496351 0.453259 -1.46917e-17)
(0.567183 0.402465 1.17974e-17)
(0.641005 0.334016 6.90747e-18)
(0.709624 0.250348 0)
(0.764392 0.155666 1.12787e-18)
(0.803425 0.0608648 3.3952e-18)
(0.828325 -0.0345704 2.31168e-18)
(0.222463 0.165817 1.61596e-16)
(0.228594 0.334414 -8.39047e-18)
(0.257192 0.400654 3.05203e-17)
(0.299592 0.425005 0)
(0.34839 0.417635 0)
(0.406888 0.388479 2.50602e-17)
(0.471658 0.341584 1.45195e-17)
(0.536539 0.278955 -1.17245e-17)
(0.594884 0.203939 2.30993e-18)
(0.640494 0.120633 1.03244e-17)
(0.672634 0.0369335 -1.15088e-18)
(0.693268 -0.0478985 1.16669e-18)
(0.243761 0.0116417 -1.85386e-16)
(0.176179 0.211768 0)
(0.188921 0.31308 0)
(0.225876 0.351892 0)
(0.272785 0.354218 0)
(0.327414 0.330419 2.59459e-17)
(0.385907 0.288108 -4.73668e-17)
(0.442565 0.231444 1.20713e-17)
(0.491847 0.164511 0)
(0.529191 0.0911814 -9.34446e-18)
(0.554337 0.0172547 -4.09078e-18)
(0.569132 -0.0579801 -1.76825e-18)
(0.251701 -0.0870318 1.6709e-16)
(0.136803 0.117898 5.08266e-17)
(0.135142 0.237167 -3.44831e-17)
(0.163192 0.285591 2.41818e-17)
(0.206303 0.296361 0)
(0.256447 0.27835 5.42733e-18)
(0.309064 0.241128 1.81257e-17)
(0.35851 0.190519 -1.49922e-17)
(0.399993 0.131246 2.43785e-18)
(0.429928 0.0669247 -1.19756e-18)
(0.448162 0.00193807 5.96214e-18)
(0.45619 -0.0642274 0)
(0.247936 -0.15114 -3.15904e-19)
(0.102213 0.0454929 -4.49086e-17)
(0.0890424 0.170804 3.73781e-17)
(0.108107 0.225559 -5.81042e-17)
(0.146924 0.24339 2.41024e-17)
(0.192838 0.231417 1.45247e-20)
(0.240385 0.199688 -2.71879e-18)
(0.283767 0.155229 2.61461e-17)
(0.318667 0.103316 -2.53728e-18)
(0.342046 0.0473748 0)
(0.353733 -0.00915576 6.12913e-19)
(0.35477 -0.0665312 -3.06524e-18)
(0.232572 -0.190622 -1.52886e-16)
(0.0680309 -0.0124004 0)
(0.0463318 0.111462 0)
(0.0579098 0.17044 3.5012e-17)
(0.0930209 0.194315 -5.82605e-17)
(0.13558 0.188635 -3.04857e-17)
(0.179132 0.162808 2.90198e-18)
(0.217671 0.124655 -2.2149e-17)
(0.247126 0.0799289 2.67528e-18)
(0.264823 0.0319738 -1.30005e-18)
(0.270524 -0.016391 1.92028e-18)
(0.264901 -0.065143 -6.36374e-19)
(0.206017 -0.212439 -3.16041e-16)
(0.0317654 -0.060214 -1.30296e-16)
(0.00415043 0.0568286 1.85297e-17)
(0.0105307 0.11859 2.32634e-17)
(0.0432347 0.147913 5.68375e-17)
(0.0837254 0.148908 6.66014e-18)
(0.124526 0.129491 -6.299e-18)
(0.159455 0.0979038 0)
(0.184553 0.0603327 0)
(0.197437 0.0201269 9.74668e-18)
(0.19785 -0.0202611 1.36231e-18)
(0.186228 -0.0605292 2.68238e-18)
(0.165628 -0.218185 3.38994e-16)
(-0.00670486 -0.100183 -6.80475e-20)
(-0.0394563 0.00503749 -8.59697e-17)
(-0.0356006 0.0682838 -1.0638e-16)
(-0.00358604 0.102819 -3.23141e-17)
(0.0363194 0.111038 7.53599e-18)
(0.0757107 0.0986984 -1.06201e-17)
(0.108227 0.0740841 3.34802e-18)
(0.129992 0.0437842 2.55319e-17)
(0.138904 0.0112299 -2.61357e-17)
(0.134797 -0.0213086 2.24258e-18)
(0.118019 -0.0532398 -3.66302e-18)
(0.115197 -0.212684 -3.41046e-16)
(-0.0475563 -0.13235 1.50804e-16)
(-0.0857609 -0.0448531 1.04757e-16)
(-0.0816394 0.0180499 -1.02428e-20)
(-0.04867 0.0575693 0)
(-0.00775019 0.0736996 3.63706e-17)
(0.0316543 0.0693106 4.23298e-18)
(0.0629049 0.0522656 -7.55007e-21)
(0.0822527 0.0295394 -6.39617e-17)
(0.0879708 0.00466609 1.44147e-17)
(0.0801272 -0.0200738 0)
(0.0591087 -0.0437976 3.39655e-18)
(0.0504831 -0.195193 9.89671e-16)
(-0.0898449 -0.156819 0)
(-0.135091 -0.0928827 1.76692e-17)
(-0.129082 -0.0329405 2.19573e-16)
(-0.0941171 0.0109285 1.21357e-16)
(-0.0505774 0.0355389 -2.64556e-20)
(-0.00940782 0.0401589 -1.73282e-17)
(0.0218211 0.0314934 4.81296e-17)
(0.0396343 0.0168135 4.01423e-17)
(0.0428694 -0.000283214 1.67347e-17)
(0.032036 -0.017275 2.30346e-18)
(0.00768644 -0.0329544 0)
(-0.0118032 -0.164923 -6.91297e-16)
(-0.134286 -0.172218 0)
(-0.186261 -0.138418 0)
(-0.18056 -0.0852478 -2.07458e-16)
(-0.144826 -0.0387685 -1.94736e-16)
(-0.0974327 -0.00509021 -9.02913e-17)
(-0.0517345 0.0102706 -8.29592e-17)
(-0.0187342 0.0110555 -1.43579e-16)
(-0.00124755 0.00467733 -8.95198e-18)
(0.000152621 -0.00483533 -3.81053e-17)
(-0.0129925 -0.0145299 4.056e-18)
(-0.0398261 -0.0226693 0)
(-0.0363432 -0.115458 -8.96529e-16)
(-0.165626 -0.180029 0)
(-0.235329 -0.176799 0)
(-0.231206 -0.139416 5.0029e-17)
(-0.203307 -0.0963269 -5.03983e-17)
(-0.154585 -0.0510734 5.82346e-17)
(-0.101966 -0.0209595 -6.5842e-17)
(-0.0668511 -0.00995474 2.64726e-16)
(-0.0495861 -0.00836472 0)
(-0.0500019 -0.0107475 -1.26727e-16)
(-0.0644356 -0.0137448 -9.63443e-17)
(-0.0927689 -0.0150899 2.55561e-17)
(0.847392 -0.124272 -3.14334e-21)
(0.867743 -0.221791 -4.96146e-18)
(0.88217 -0.323208 0)
(0.890176 -0.425423 8.22059e-18)
(0.887422 -0.521855 1.45422e-17)
(0.871238 -0.602732 6.2003e-18)
(0.839728 -0.657007 6.65789e-18)
(0.792373 -0.673492 -2.86549e-17)
(0.72878 -0.641987 0)
(0.648266 -0.554816 -2.88532e-17)
(0.531862 -0.384615 4.12625e-17)
(0.40527 -0.149978 8.62064e-17)
(0.707799 -0.130557 2.39001e-18)
(0.719931 -0.219099 0)
(0.724559 -0.308828 1.02972e-17)
(0.721261 -0.395555 0)
(0.707167 -0.471519 6.99864e-21)
(0.681236 -0.526451 2.48005e-17)
(0.643106 -0.549102 6.78455e-18)
(0.593249 -0.52779 -3.8376e-17)
(0.53151 -0.450162 0)
(0.461256 -0.304673 3.55087e-17)
(0.362563 -0.0469038 -5.79285e-17)
(0.340312 0.248251 0)
(0.576827 -0.132626 -1.1992e-18)
(0.579124 -0.211014 4.91779e-18)
(0.572462 -0.28787 -1.01853e-17)
(0.556888 -0.358103 1.33895e-17)
(0.531289 -0.413274 -5.6945e-18)
(0.496571 -0.443018 -1.53897e-17)
(0.454667 -0.436485 -4.07933e-17)
(0.408546 -0.382841 3.89949e-17)
(0.361211 -0.272033 0)
(0.323224 -0.100509 -3.71126e-17)
(0.291008 0.126559 -2.09575e-17)
(0.313811 0.311605 0)
(0.455892 -0.130178 -6.04794e-19)
(0.447933 -0.197727 -5.53799e-18)
(0.429904 -0.261236 1.26972e-18)
(0.402541 -0.315043 -8.83722e-22)
(0.366638 -0.350571 -1.12435e-17)
(0.325296 -0.357959 0)
(0.283285 -0.327746 3.36122e-17)
(0.24683 -0.251849 -7.73407e-18)
(0.22257 -0.126822 0)
(0.224854 0.0377611 9.49174e-17)
(0.254564 0.211804 0)
(0.310527 0.334172 0)
(0.346214 -0.123414 -2.46618e-18)
(0.328313 -0.179909 0)
(0.299716 -0.230223 7.63453e-18)
(0.261884 -0.2685 -1.05603e-17)
(0.217462 -0.286555 1.70466e-20)
(0.171744 -0.275621 2.6981e-17)
(0.132306 -0.228434 -6.6034e-18)
(0.1082 -0.140597 -2.26613e-17)
(0.10804 -0.0157731 9.00206e-18)
(0.144736 0.128905 -4.54308e-17)
(0.212109 0.26505 -3.50034e-17)
(0.281992 0.347831 2.73702e-17)
(0.248488 -0.112832 2.53899e-18)
(0.221469 -0.158424 0)
(0.183499 -0.196154 -1.03412e-17)
(0.136795 -0.220316 2.65982e-18)
(0.0855762 -0.223522 -2.80485e-18)
(0.0370435 -0.198522 -2.99016e-17)
(0.00110666 -0.140557 2.63292e-17)
(-0.011344 -0.0485992 3.73786e-17)
(0.0084795 0.0685899 0)
(0.0711431 0.192119 1.12534e-17)
(0.163265 0.300245 -1.69683e-17)
(0.248485 0.340622 0)
(0.162797 -0.0990718 6.65364e-19)
(0.127803 -0.134152 -5.9956e-18)
(0.0817919 -0.160179 0)
(0.0277284 -0.171846 0)
(-0.0289687 -0.162808 0)
(-0.0796606 -0.127538 -6.07368e-18)
(-0.112725 -0.063644 -1.99765e-17)
(-0.116323 0.0275154 -3.0234e-17)
(-0.0824708 0.133972 8.98786e-18)
(-0.00162368 0.237253 2.43118e-20)
(0.108394 0.320334 -1.57514e-16)
(0.204623 0.322184 -2.36559e-16)
(0.0886312 -0.0827976 2.89437e-18)
(0.0469651 -0.107866 7.18473e-18)
(-0.00574419 -0.123154 -1.44298e-18)
(-0.0658955 -0.123906 2.923e-18)
(-0.127217 -0.104918 1.82252e-17)
(-0.180178 -0.0623933 2.25495e-17)
(-0.21197 0.0040045 -2.80226e-17)
(-0.210315 0.0915867 7.1724e-17)
(-0.168272 0.185947 0)
(-0.0755682 0.269358 0)
(0.0487514 0.327578 1.34503e-16)
(0.156872 0.290023 3.25718e-17)
(0.0249091 -0.0645722 -3.33599e-18)
(-0.0220836 -0.0801211 -1.64466e-18)
(-0.0802283 -0.0855462 1.64619e-18)
(-0.145437 -0.0767357 0)
(-0.21093 -0.0496236 -5.49307e-17)
(-0.266745 -0.00205475 -3.61968e-17)
(-0.299229 0.0645746 3.15315e-17)
(-0.295933 0.147089 -3.59427e-17)
(-0.250773 0.2284 1.0964e-17)
(-0.151443 0.291321 1.46296e-17)
(-0.0148898 0.322972 -2.2569e-17)
(0.10565 0.247916 3.14289e-16)
(-0.0302015 -0.0451953 -4.36484e-18)
(-0.0812589 -0.0516729 0)
(-0.14374 -0.0479334 -1.70344e-17)
(-0.213196 -0.030556 4.28182e-18)
(-0.282734 0.00347691 2.64996e-17)
(-0.342131 0.0546909 -4.60618e-18)
(-0.377202 0.120249 -2.00345e-17)
(-0.375485 0.196969 7.79614e-17)
(-0.330872 0.264383 -9.38937e-17)
(-0.228627 0.305438 5.28823e-20)
(-0.0810361 0.308418 -2.95806e-17)
(0.0524724 0.196981 0)
(-0.0804064 -0.0269125 5.74538e-18)
(-0.134471 -0.024895 -2.44257e-17)
(-0.200443 -0.0125775 5.56462e-17)
(-0.273547 0.0127955 0)
(-0.347204 0.0534624 -7.15524e-18)
(-0.410562 0.108027 7.21559e-18)
(-0.449899 0.173207 4.43706e-17)
(-0.452195 0.242504 -2.40934e-16)
(-0.408088 0.295849 1.51319e-16)
(-0.305244 0.311579 0)
(-0.155917 0.279559 0)
(0.000499888 0.146502 0)
(-0.134222 -0.0122083 4.62251e-17)
(-0.189209 -0.00292979 8.29238e-17)
(-0.256933 0.0162328 -1.48706e-16)
(-0.332177 0.047247 1.67828e-17)
(-0.41009 0.0918803 -3.10147e-17)
(-0.475987 0.146898 -7.32163e-17)
(-0.526626 0.207413 -5.71217e-17)
(-0.523127 0.273636 3.92369e-17)
(-0.46936 0.294588 -2.15742e-16)
(-0.370704 0.282535 -3.5872e-17)
(-0.224303 0.237836 0)
(-0.0497084 0.0990678 -1.8063e-15)
(0.493416 -0.193539 9.68987e-17)
(0.477554 -0.308029 2.97151e-17)
(0.499794 -0.350358 -2.30744e-17)
(0.504141 -0.388359 -2.66807e-17)
(0.487132 -0.435834 2.53888e-17)
(0.453355 -0.496516 2.44079e-17)
(0.402526 -0.567332 -2.36604e-18)
(0.33404 -0.64114 -4.59608e-18)
(0.250337 -0.709749 2.26802e-18)
(0.155627 -0.764507 0)
(0.0608053 -0.803526 0)
(-0.0346441 -0.828408 -2.79849e-21)
(0.165921 -0.222561 0)
(0.334535 -0.228778 6.54054e-20)
(0.400774 -0.257385 0)
(0.425133 -0.299772 2.20591e-17)
(0.417759 -0.348552 -5.22497e-18)
(0.388582 -0.407032 1.00238e-17)
(0.341653 -0.471788 -2.65924e-17)
(0.278986 -0.536659 2.34754e-18)
(0.203936 -0.594995 0)
(0.120604 -0.640595 -9.17359e-18)
(0.0368853 -0.672721 0)
(-0.047954 -0.693334 2.33005e-18)
(0.0116796 -0.243886 0)
(0.211852 -0.176354 -4.62819e-17)
(0.313183 -0.189091 6.44359e-18)
(0.352008 -0.226028 0)
(0.354339 -0.272919 2.17102e-17)
(0.330523 -0.327532 5.17982e-18)
(0.28818 -0.386016 1.74177e-17)
(0.23148 -0.442666 -1.44708e-17)
(0.164514 -0.491942 2.36292e-18)
(0.0911585 -0.529278 1.86874e-17)
(0.0172186 -0.55441 4.67102e-18)
(-0.0580191 -0.569185 -1.17731e-18)
(-0.0870479 -0.251847 -1.66992e-16)
(0.117947 -0.136963 0)
(0.237249 -0.135284 0)
(0.285694 -0.163313 3.01879e-17)
(0.296473 -0.206406 -2.84004e-17)
(0.278451 -0.256538 5.40254e-18)
(0.241201 -0.309149 -5.18154e-18)
(0.190556 -0.358592 9.98527e-18)
(0.131251 -0.400071 9.7378e-18)
(0.0669079 -0.43 7.18126e-21)
(0.00191075 -0.448222 -4.76493e-18)
(-0.0642518 -0.456233 1.19716e-18)
(-0.151199 -0.248093 1.5529e-16)
(0.0455094 -0.102353 0)
(0.170862 -0.0891527 7.46511e-18)
(0.225645 -0.108194 -5.80317e-17)
(0.24349 -0.146995 0)
(0.231512 -0.192901 -2.84908e-17)
(0.199757 -0.240447 2.99085e-17)
(0.155266 -0.283829 -2.35145e-17)
(0.103323 -0.318729 -7.59803e-18)
(0.0473616 -0.342104 -2.23304e-17)
(-0.00917612 -0.353781 0)
(-0.0665457 -0.354805 -2.44954e-18)
(-0.190709 -0.232728 3.80899e-17)
(-0.0124123 -0.0681458 -6.2821e-17)
(0.111497 -0.0464094 0)
(0.170508 -0.0579636 -1.16255e-20)
(0.1944 -0.0930599 0)
(0.188719 -0.135616 6.078e-18)
(0.162872 -0.179171 -2.89316e-17)
(0.12469 -0.217715 1.93702e-17)
(0.0799356 -0.247173 1.33563e-17)
(0.0319631 -0.26487 1.04046e-17)
(-0.0164073 -0.270564 -5.11588e-18)
(-0.0651512 -0.264932 1.2686e-18)
(-0.21255 -0.206167 0)
(-0.0602493 -0.0318504 1.73489e-16)
(0.0568403 -0.00419525 8.32854e-17)
(0.118638 -0.0105518 2.32221e-17)
(0.147982 -0.0432438 0)
(0.148981 -0.0837369 3.3275e-17)
(0.129548 -0.124547 -3.15098e-18)
(0.0979342 -0.159485 -5.59551e-21)
(0.0603384 -0.18459 -1.43573e-17)
(0.0201173 -0.197476 0)
(-0.020276 -0.197884 -1.06614e-21)
(-0.0605352 -0.186255 3.98846e-26)
(-0.218308 -0.165757 -3.38766e-16)
(-0.10024 0.0066532 -2.92293e-16)
(0.00502718 0.0394434 -7.50954e-17)
(0.0683105 0.035611 -7.08298e-17)
(0.102871 0.00360288 0)
(0.111098 -0.0363109 7.52757e-18)
(0.0987465 -0.0757171 -1.06096e-17)
(0.0741102 -0.108248 6.34764e-21)
(0.0437891 -0.130023 3.19216e-18)
(0.0112212 -0.138939 0)
(-0.0213233 -0.134828 5.97349e-18)
(-0.0532461 -0.118046 2.92789e-18)
(-0.212811 -0.115295 -1.51722e-19)
(-0.132425 0.0475402 1.72113e-16)
(-0.0448843 0.0857789 0)
(0.0180549 0.0816785 1.06865e-17)
(0.0576026 0.0487093 -5.92895e-21)
(0.0737455 0.00777377 -3.63401e-17)
(0.0693499 -0.0316519 2.9617e-17)
(0.0522872 -0.0629213 -3.57183e-17)
(0.0295437 -0.0822821 0)
(0.00465799 -0.0880061 -1.4406e-17)
(-0.0200886 -0.0801582 0)
(-0.0438075 -0.059135 -6.79018e-18)
(-0.195312 -0.0505383 4.9431e-16)
(-0.15691 0.0898665 -2.88049e-17)
(-0.0929338 0.135141 1.76515e-16)
(-0.0329587 0.129149 1.02332e-16)
(0.010941 0.0941769 -9.42811e-17)
(0.0355688 0.0506123 5.00073e-17)
(0.0401887 0.0094143 -1.15584e-17)
(0.0315108 -0.0218383 3.74109e-17)
(0.0168188 -0.0396675 5.01898e-18)
(-0.000288892 -0.0429094 3.58304e-17)
(-0.0172903 -0.0320675 -6.89682e-18)
(-0.0329661 -0.00771388 4.46164e-18)
(-0.165019 0.0117991 0)
(-0.172322 0.134343 0)
(-0.13849 0.186349 -2.31153e-16)
(-0.0852915 0.180661 0)
(-0.0387806 0.14491 2.18815e-16)
(-0.00507817 0.0974801 -2.25418e-16)
(0.0102909 0.0517439 -5.18245e-17)
(0.0110708 0.0187148 6.69296e-17)
(0.00468719 0.0012087 0)
(-0.00483561 -0.000198487 3.71813e-21)
(-0.0145436 0.0129609 4.85944e-17)
(-0.022673 0.0398022 0)
(-0.115514 0.0363587 -7.84058e-16)
(-0.180147 0.165733 -7.09783e-16)
(-0.17691 0.235482 7.03863e-17)
(-0.139497 0.231355 0)
(-0.0963738 0.203429 -5.03062e-17)
(-0.0510835 0.154653 5.82362e-16)
(-0.0209503 0.101984 -6.58473e-17)
(-0.00994172 0.0668353 -2.97611e-16)
(-0.00834923 0.0495464 2.99751e-17)
(-0.0107415 0.0499565 -1.12583e-16)
(-0.0137544 0.0644101 -2.2011e-16)
(-0.0150845 0.0927621 2.55477e-17)
(-0.12435 -0.847453 1.18981e-18)
(-0.22186 -0.867766 -1.23965e-18)
(-0.323252 -0.882145 1.30262e-18)
(-0.425425 -0.890095 1.09793e-17)
(-0.521795 -0.887287 1.16262e-17)
(-0.602602 -0.871061 -1.23845e-17)
(-0.656814 -0.839529 -6.63363e-18)
(-0.673262 -0.792174 -2.1479e-17)
(-0.641758 -0.728602 6.40786e-17)
(-0.554632 -0.648119 0)
(-0.384527 -0.531763 5.53141e-17)
(-0.149986 -0.40522 0)
(-0.13061 -0.707839 1.19329e-18)
(-0.219134 -0.719935 0)
(-0.308836 -0.724521 0)
(-0.395518 -0.721176 1.18932e-20)
(-0.471427 -0.707037 -1.15182e-17)
(-0.526302 -0.681076 -3.09758e-17)
(-0.548911 -0.642934 -2.03552e-17)
(-0.527586 -0.593086 0)
(-0.449989 -0.531371 -3.64615e-17)
(-0.304576 -0.461143 1.18178e-17)
(-0.0469294 -0.362492 3.84081e-17)
(0.248186 -0.340234 2.0242e-16)
(-0.132655 -0.576856 -1.19985e-18)
(-0.211021 -0.579122 1.22605e-18)
(-0.287847 -0.572427 8.9118e-18)
(-0.358041 -0.556819 -1.87492e-17)
(-0.413166 -0.531187 -1.70701e-17)
(-0.44287 -0.496451 -3.02992e-18)
(-0.436315 -0.454544 4.08143e-17)
(-0.382684 -0.408436 2.33114e-17)
(-0.271927 -0.361123 -3.7571e-17)
(-0.100489 -0.323147 0)
(0.126494 -0.290931 -8.40054e-17)
(0.31153 -0.313719 -5.28591e-20)
(-0.130189 -0.455917 2.42165e-18)
(-0.197712 -0.447935 0)
(-0.261195 -0.429882 -1.013e-17)
(-0.314967 -0.402499 2.64446e-18)
(-0.350462 -0.366577 1.1222e-17)
(-0.357827 -0.32523 5.15241e-17)
(-0.32761 -0.283221 -3.36021e-17)
(-0.251744 -0.246778 -3.85676e-17)
(-0.126774 -0.222531 8.34373e-17)
(0.0377369 -0.224804 -4.74195e-17)
(0.211734 -0.25448 0)
(0.334089 -0.31042 -1.12056e-16)
(-0.123412 -0.346239 -2.46421e-18)
(-0.17988 -0.328325 0)
(-0.230169 -0.299716 0)
(-0.268419 -0.261876 7.93501e-18)
(-0.286455 -0.217447 2.78549e-17)
(-0.275512 -0.171734 -2.6987e-17)
(-0.228335 -0.132303 2.64865e-17)
(-0.140539 -0.108202 -3.02312e-17)
(-0.0157672 -0.108043 -7.20099e-17)
(0.12886 -0.144711 2.40219e-21)
(0.264975 -0.212032 7.00026e-17)
(0.347733 -0.281888 0)
(-0.112823 -0.248516 1.26874e-18)
(-0.158386 -0.221493 -5.09884e-18)
(-0.196096 -0.183522 0)
(-0.220238 -0.13682 0)
(-0.223435 -0.0856044 -2.51519e-17)
(-0.198441 -0.0370851 -2.09162e-17)
(-0.140492 -0.00115618 0)
(-0.0485807 0.0112959 2.98765e-17)
(0.0685668 -0.00852055 2.6553e-17)
(0.192062 -0.0711429 5.61533e-17)
(0.300161 -0.163203 -1.35922e-16)
(0.340514 -0.248386 2.22747e-16)
(-0.0990595 -0.162829 -3.9777e-26)
(-0.134111 -0.12784 6.65294e-18)
(-0.160123 -0.0818356 -1.3438e-18)
(-0.171776 -0.0277854 -2.73923e-18)
(-0.16274 0.0289034 5.72353e-18)
(-0.127484 0.0795745 2.13103e-17)
(-0.0636095 0.112631 0)
(0.0275034 0.116236 0)
(0.133927 0.0823934 3.59394e-17)
(0.237185 0.00159395 0)
(0.320243 -0.108354 5.23849e-17)
(0.322067 -0.204537 -2.06772e-16)
(-0.0827876 -0.0886711 2.89278e-18)
(-0.107824 -0.0470146 5.74862e-18)
(-0.123103 0.0056823 1.15136e-17)
(-0.123845 0.0658123 0)
(-0.104869 0.127122 3.02556e-18)
(-0.0623661 0.180057 -9.63588e-18)
(0.00401415 0.211837 1.40279e-17)
(0.0915485 0.210195 -4.78059e-17)
(0.185885 0.168159 -2.86557e-17)
(0.269282 0.0755039 0)
(0.327475 -0.0487375 1.53967e-16)
(0.289905 -0.156811 2.64582e-16)
(-0.0645619 -0.024959 -6.66972e-18)
(-0.0800891 0.0220211 -6.5897e-18)
(-0.0855017 0.0801517 -1.31317e-17)
(-0.0766912 0.145332 3.31681e-18)
(-0.0495946 0.210815 -2.18688e-20)
(-0.00204897 0.266593 -3.63319e-18)
(0.0645563 0.299068 0)
(0.147033 0.295785 -2.80986e-20)
(0.228318 0.250625 -1.09593e-17)
(0.291233 0.151346 1.31417e-16)
(0.322865 0.0148685 -1.80769e-16)
(0.247788 -0.105616 -3.14431e-16)
(-0.0451801 0.030142 4.35988e-18)
(-0.0516574 0.0811848 -8.58164e-18)
(-0.0478975 0.143651 1.70281e-17)
(-0.0305344 0.213078 0)
(0.00348411 0.282604 0)
(0.0546792 0.341958 -2.7949e-17)
(0.120201 0.37702 3.00183e-17)
(0.196899 0.375308 1.3362e-16)
(0.264281 0.330694 1.07306e-16)
(0.305329 0.228499 1.81432e-17)
(0.308309 0.0809722 -2.95785e-17)
(0.196859 -0.0524627 0)
(-0.0268955 0.08034 0)
(-0.0248919 0.134387 1.50061e-17)
(-0.0125597 0.200348 -2.96542e-17)
(0.0127916 0.27342 7.2945e-18)
(0.053449 0.347065 -7.19999e-18)
(0.107991 0.410376 5.74876e-17)
(0.173134 0.449698 -5.91281e-17)
(0.242415 0.451997 -1.28451e-16)
(0.295724 0.407887 -1.51331e-16)
(0.311452 0.305087 -1.97718e-16)
(0.279437 0.155816 3.54861e-16)
(0.146385 -0.000537855 -8.35199e-17)
(-0.0121854 0.134157 4.6218e-17)
(-0.00293826 0.18912 -8.29561e-17)
(0.0162347 0.256843 0)
(0.0472211 0.332045 -1.34663e-16)
(0.0918502 0.409951 -1.24091e-16)
(0.146849 0.475798 0)
(0.207329 0.526409 2.84836e-17)
(0.27353 0.522908 -7.86615e-17)
(0.294464 0.469151 1.77209e-20)
(0.282412 0.370529 3.58837e-17)
(0.23772 0.224169 -8.8664e-16)
(0.0989643 0.0496248 0)
(-0.193618 -0.493328 -9.6926e-17)
(-0.308038 -0.477497 -3.71318e-17)
(-0.350374 -0.499756 2.89479e-17)
(-0.388396 -0.504095 0)
(-0.435893 -0.48708 2.03174e-17)
(-0.49659 -0.453304 4.88715e-18)
(-0.567408 -0.402481 -1.4162e-17)
(-0.641207 -0.334007 -6.91e-18)
(-0.709795 -0.250319 -1.13212e-17)
(-0.76453 -0.155627 0)
(-0.803531 -0.0608213 4.53028e-18)
(-0.8284 0.0346186 -1.15557e-18)
(-0.222618 -0.165845 0)
(-0.228771 -0.334469 4.19703e-17)
(-0.257384 -0.400718 -3.05125e-17)
(-0.299788 -0.425068 0)
(-0.348585 -0.417687 1.57099e-17)
(-0.407074 -0.388512 5.01787e-18)
(-0.471828 -0.341595 -1.93549e-17)
(-0.536686 -0.278946 -1.75281e-20)
(-0.595003 -0.203916 0)
(-0.640583 -0.120603 0)
(-0.672695 -0.0369015 0)
(-0.693301 0.0479316 -1.16646e-18)
(-0.24393 -0.0116061 0)
(-0.176334 -0.211778 2.78032e-17)
(-0.189078 -0.313114 3.22024e-17)
(-0.226028 -0.351928 0)
(-0.27293 -0.354251 -1.62754e-17)
(-0.327547 -0.330439 1.03853e-17)
(-0.386023 -0.288112 2.7407e-17)
(-0.442659 -0.231434 -4.837e-18)
(-0.491916 -0.164492 -7.08848e-18)
(-0.529234 -0.0911579 0)
(-0.554356 -0.017232 -4.67328e-18)
(-0.569128 0.0580006 1.17784e-18)
(-0.251873 0.0871131 0)
(-0.136932 -0.117872 -4.06921e-17)
(-0.135262 -0.237173 -5.5132e-17)
(-0.163299 -0.285604 0)
(-0.2064 -0.296374 -5.68548e-18)
(-0.25653 -0.278357 -1.62176e-17)
(-0.30913 -0.241125 2.07385e-17)
(-0.358555 -0.190506 9.99242e-18)
(-0.400016 -0.131227 -7.95201e-21)
(-0.42993 -0.0669057 1.19744e-18)
(-0.448145 -0.00192223 4.16891e-18)
(-0.456154 0.064238 -5.99552e-19)
(-0.248104 0.151251 3.86793e-17)
(-0.102314 -0.0454372 -2.24634e-17)
(-0.0891254 -0.170785 2.99064e-17)
(-0.10817 -0.225549 6.45786e-18)
(-0.146975 -0.243385 3.01205e-17)
(-0.192874 -0.231412 -5.70513e-18)
(-0.240404 -0.199678 -4.08106e-17)
(-0.283768 -0.155214 -4.66581e-21)
(-0.31865 -0.103297 1.01298e-17)
(-0.342011 -0.0473585 -1.24174e-17)
(-0.353682 0.00916684 0)
(-0.354706 0.066535 2.45137e-18)
(-0.232728 0.190751 0)
(-0.0681018 0.0124793 -1.25708e-17)
(-0.0463785 -0.11142 8.23734e-18)
(-0.0579318 -0.170411 0)
(-0.0930283 -0.194293 -1.94139e-17)
(-0.135573 -0.188618 -2.44049e-17)
(-0.179109 -0.16279 1.73671e-17)
(-0.217632 -0.124636 -2.76696e-18)
(-0.247072 -0.0799097 2.67517e-18)
(-0.264756 -0.0319589 1.04117e-17)
(-0.270446 0.0163992 0)
(-0.264814 0.0651423 -2.53862e-18)
(-0.206154 0.212575 3.15864e-16)
(-0.0318057 0.0603104 1.01334e-16)
(-0.0041615 -0.0567664 3.4085e-21)
(-0.0105137 -0.118543 7.75524e-18)
(-0.0432018 -0.147875 2.84201e-17)
(-0.0836788 -0.148879 3.33099e-17)
(-0.124467 -0.129466 -6.29874e-18)
(-0.159382 -0.0978809 0)
(-0.18447 -0.0603116 0)
(-0.197344 -0.0201121 0)
(-0.197748 0.0202678 4.76315e-18)
(-0.186121 0.060526 6.71607e-19)
(-0.16574 0.218319 -2.96519e-16)
(0.00669455 0.100292 -1.54947e-16)
(0.0394801 -0.00495748 0)
(0.0356547 -0.0682198 0)
(0.00365527 -0.102766 -5.65518e-17)
(-0.0362382 -0.110998 3.01549e-17)
(-0.0756192 -0.0986659 -3.18633e-17)
(-0.108126 -0.0740571 -3.34506e-17)
(-0.129884 -0.043761 3.19467e-18)
(-0.138789 -0.0112147 -1.53553e-18)
(-0.134677 0.0213149 -4.48095e-18)
(-0.117897 0.0532357 -2.92956e-18)
(-0.115278 0.212809 0)
(0.0475742 0.132464 -2.15474e-17)
(0.0858192 0.0449479 1.30998e-17)
(0.0817274 -0.0179699 1.07099e-17)
(0.0487724 -0.0575018 3.90968e-17)
(0.00786147 -0.073647 -3.63786e-17)
(-0.0315358 -0.0692713 2.54129e-17)
(-0.0627809 -0.0522336 6.35474e-17)
(-0.0821251 -0.0295141 0)
(-0.0878401 -0.00464914 1.79965e-18)
(-0.0799932 0.0200807 -1.74459e-18)
(-0.0589762 0.0437938 3.3965e-18)
(-0.0505252 0.195305 0)
(0.0898888 0.156934 -2.88502e-17)
(0.135184 0.0929897 1.84743e-20)
(0.129201 0.0330355 1.31734e-16)
(0.0942506 -0.0108477 -1.21343e-16)
(0.0507167 -0.0354732 7.50856e-17)
(0.00955038 -0.0401125 -5.78745e-18)
(-0.021679 -0.0314556 -5.34788e-17)
(-0.0394927 -0.0167864 5.02273e-18)
(-0.0427278 0.000303065 1.91219e-17)
(-0.0318925 0.0172835 0)
(-0.00754689 0.0329517 4.46609e-18)
(0.0117986 0.165014 0)
(0.134359 0.172327 0)
(0.186385 0.138534 0)
(0.18071 0.0853551 -2.07402e-16)
(0.14499 0.0388625 4.13691e-16)
(0.0976038 0.0051705 -1.12861e-16)
(0.051903 -0.0102146 1.03633e-17)
(0.0188947 -0.0110119 -9.57897e-18)
(0.00140205 -0.00464783 0)
(-1.27028e-06 0.00485832 -7.19811e-17)
(0.0131446 0.0145404 3.84942e-17)
(0.039972 0.0226678 -9.8059e-18)
(0.0363658 0.115526 8.96114e-16)
(0.165714 0.18013 0)
(0.235478 0.176922 -7.03176e-17)
(0.231378 0.139536 4.50364e-16)
(0.203491 0.0964369 -3.52556e-16)
(0.154794 0.0511804 -1.16458e-16)
(0.102164 0.0210313 3.62044e-16)
(0.0670343 0.0100072 -6.61457e-17)
(0.0497572 0.00839817 2.99879e-17)
(0.0501659 0.0107739 2.25294e-16)
(0.0646009 0.0137589 -1.10087e-16)
(0.0929244 0.0150903 -5.11006e-17)
(-0.847433 0.124324 -1.19015e-18)
(-0.867744 0.22184 -1.23999e-18)
(-0.882128 0.323243 1.30295e-18)
(-0.89009 0.425427 0)
(-0.887295 0.521805 -1.45283e-17)
(-0.871077 0.602609 -9.28067e-18)
(-0.839545 0.656802 3.32069e-17)
(-0.79218 0.673212 2.14818e-17)
(-0.728592 0.641657 0)
(-0.648093 0.554483 -1.44392e-19)
(-0.531726 0.384358 -5.53244e-17)
(-0.405163 0.149822 -8.62368e-17)
(-0.7078 0.130589 -2.38955e-18)
(-0.719897 0.219123 -1.23132e-18)
(-0.724488 0.308835 -9.00708e-18)
(-0.721154 0.395528 2.70643e-18)
(-0.707028 0.471439 8.63289e-18)
(-0.681077 0.526303 -3.09837e-17)
(-0.642941 0.548886 -2.03844e-17)
(-0.593092 0.52752 0)
(-0.531376 0.449878 0)
(-0.461154 0.304439 -3.55126e-17)
(-0.362512 0.0468128 -1.92303e-17)
(-0.340248 -0.2482 -1.61983e-16)
(-0.576796 0.132642 6.00056e-19)
(-0.579065 0.211019 5.53243e-18)
(-0.572373 0.287855 1.01839e-17)
(-0.556773 0.358054 0)
(-0.531154 0.413176 -8.54486e-18)
(-0.496429 0.442862 3.99726e-17)
(-0.454534 0.436277 -2.03644e-17)
(-0.408436 0.382605 0)
(-0.361135 0.271817 0)
(-0.323181 0.100376 0)
(-0.290989 -0.126566 0)
(-0.313759 -0.311537 1.2856e-16)
(-0.455836 0.130181 0)
(-0.447855 0.197717 -3.69575e-18)
(-0.429804 0.261206 -1.26957e-18)
(-0.402425 0.314981 2.64452e-18)
(-0.366514 0.350467 5.6229e-18)
(-0.325178 0.357808 -2.72839e-17)
(-0.283188 0.32756 6.77603e-18)
(-0.246765 0.251657 0)
(-0.222541 0.12667 -3.70623e-17)
(-0.224846 -0.0378274 3.55585e-17)
(-0.254549 -0.211783 -5.68488e-17)
(-0.310474 -0.334104 -1.12067e-16)
(-0.346137 0.123408 1.85063e-18)
(-0.328222 0.17989 6.23798e-19)
(-0.299611 0.230184 0)
(-0.261771 0.268432 -2.63539e-18)
(-0.217352 0.286452 -1.6718e-17)
(-0.17165 0.275483 -3.00693e-18)
(-0.132241 0.228275 2.3969e-20)
(-0.10817 0.140447 -3.02401e-17)
(-0.10804 0.0156696 2.70236e-17)
(-0.144744 -0.128937 -3.40792e-17)
(-0.212094 -0.265024 6.99932e-17)
(-0.281942 -0.347771 -9.38297e-20)
(-0.248392 0.112821 -3.1724e-18)
(-0.221366 0.158398 1.91123e-18)
(-0.18339 0.19611 -1.2954e-18)
(-0.136686 0.220248 2.65958e-18)
(-0.0854779 0.223424 2.23563e-17)
(-0.0369686 0.1984 2.96193e-18)
(-0.00106537 0.140425 1.97064e-17)
(0.0113511 0.0484836 5.23037e-17)
(-0.00849549 -0.0686612 8.86441e-18)
(-0.0711571 -0.192134 0)
(-0.163253 -0.300216 0)
(-0.248437 -0.340562 1.1121e-16)
(-0.162686 0.0990571 -1.98988e-26)
(-0.127691 0.134123 -3.99909e-18)
(-0.0816803 0.160134 -1.20754e-17)
(-0.0276234 0.171781 0)
(0.0290572 0.16272 0)
(0.0797218 0.127434 -6.07314e-18)
(0.112751 0.0635363 6.68543e-18)
(0.116317 -0.027604 -6.04557e-17)
(0.0824463 -0.134021 -4.49364e-17)
(0.0016049 -0.237257 2.31617e-17)
(-0.108386 -0.320303 1.2259e-16)
(-0.204582 -0.322126 2.36605e-16)
(-0.0885097 0.0827819 2.17218e-18)
(-0.0468462 0.107837 7.90451e-18)
(0.00585767 0.12311 2.15914e-17)
(0.065997 0.123846 -2.3459e-17)
(0.127299 0.104841 -2.12701e-17)
(0.18023 0.0623066 -9.63886e-18)
(0.211986 -0.00409058 7.03495e-18)
(0.2103 -0.0916537 3.18588e-17)
(0.168242 -0.18598 1.14766e-16)
(0.0755439 -0.269354 1.00339e-16)
(-0.0487513 -0.327544 2.33117e-19)
(-0.156838 -0.289965 4.05722e-19)
(-0.0247802 0.0645573 -3.3359e-18)
(0.0222068 0.0800941 -6.5954e-18)
(0.0803425 0.0855064 -1.31367e-17)
(0.145535 0.0766833 4.99386e-17)
(0.211006 0.0495588 2.74781e-17)
(0.26679 0.00198463 3.63426e-18)
(0.299239 -0.0646405 -3.15092e-17)
(0.295914 -0.147137 0)
(0.250738 -0.228418 7.4435e-20)
(0.151411 -0.291308 -2.33569e-16)
(0.0148805 -0.322933 -2.03466e-16)
(-0.105629 -0.24786 3.96728e-17)
(0.030335 0.0451822 0)
(0.0813846 0.0516491 1.07181e-17)
(0.143854 0.0478985 -1.91665e-17)
(0.21329 0.0305111 -3.43454e-17)
(0.282806 -0.00352884 -3.09734e-17)
(0.342172 -0.054745 -1.39368e-17)
(0.377208 -0.120296 1.06385e-20)
(0.37546 -0.197 -7.79634e-17)
(0.330831 -0.264385 -2.27976e-16)
(0.228585 -0.305414 1.6187e-16)
(0.0810151 -0.308375 0)
(-0.0524657 -0.196928 -8.19949e-16)
(0.080544 0.0269011 0)
(0.134599 0.0248744 -2.63059e-17)
(0.200558 0.0125468 2.59448e-17)
(0.273639 -0.0128331 -7.29519e-18)
(0.347273 -0.0535026 1.22065e-16)
(0.410598 -0.108065 5.7584e-17)
(0.449902 -0.173236 5.91308e-17)
(0.452165 -0.242517 1.28456e-16)
(0.40804 -0.295834 1.51333e-16)
(0.305192 -0.311542 0)
(0.155881 -0.279509 0)
(-0.000508878 -0.146455 6.68852e-16)
(0.134366 0.0121992 -2.31081e-17)
(0.189341 0.00291306 1.7621e-16)
(0.257049 -0.0162579 6.50531e-17)
(0.332266 -0.0472758 1.34646e-16)
(0.410157 -0.0919085 -1.2397e-16)
(0.476016 -0.146919 -2.90732e-17)
(0.526626 -0.207427 2.86451e-17)
(0.523083 -0.273627 -3.92546e-17)
(0.469301 -0.294559 3.08629e-17)
(0.370645 -0.282496 0)
(0.224252 -0.237791 0)
(0.0496796 -0.0990292 1.8067e-15)
(-0.493226 0.193378 0)
(-0.477438 0.307748 -3.69546e-17)
(-0.499683 0.350068 5.79674e-18)
(-0.504016 0.3881 0)
(-0.487004 0.435625 0)
(-0.453241 0.496366 4.8897e-18)
(-0.402437 0.567244 7.07093e-18)
(-0.333982 0.641111 -2.30226e-18)
(-0.250314 0.709771 9.05706e-18)
(-0.15564 0.764566 0)
(-0.0608664 0.803605 4.53267e-18)
(0.0345365 0.828518 1.15889e-18)
(-0.165875 0.222339 0)
(-0.334459 0.228503 0)
(-0.400677 0.257121 -2.44491e-17)
(-0.425011 0.299549 0)
(-0.417621 0.348378 -5.2315e-18)
(-0.388447 0.406915 1.00358e-17)
(-0.341537 0.471725 -2.42054e-17)
(-0.2789 0.536646 -2.34604e-18)
(-0.203887 0.595023 2.31074e-18)
(-0.120596 0.640653 9.18256e-18)
(-0.0369343 0.672792 0)
(0.0478421 0.693436 -1.16499e-18)
(-0.011727 0.243632 0)
(-0.211823 0.176098 -9.25124e-18)
(-0.313104 0.188864 3.86238e-17)
(-0.351898 0.225849 -5.73945e-18)
(-0.354199 0.272786 0)
(-0.330375 0.327448 -1.55819e-17)
(-0.288045 0.385975 3.491e-17)
(-0.231371 0.442663 0)
(-0.164443 0.491969 0)
(-0.0911345 0.529325 -8.18028e-18)
(-0.0172558 0.554465 3.50574e-18)
(0.057906 0.569268 1.17964e-18)
(0.0869276 0.251577 0)
(-0.117966 0.136738 0)
(-0.237198 0.135102 -2.75871e-17)
(-0.2856 0.163181 6.04377e-18)
(-0.29634 0.206317 -5.69157e-18)
(-0.278299 0.256488 4.87099e-17)
(-0.241052 0.309131 -5.16978e-18)
(-0.190432 0.358597 1.25042e-17)
(-0.131165 0.400093 -1.2188e-17)
(-0.066871 0.430033 9.59979e-18)
(-0.0019385 0.448258 -4.76987e-18)
(0.0641413 0.456292 -1.19741e-18)
(0.151025 0.247823 0)
(-0.0455714 0.102168 4.48881e-17)
(-0.170844 0.0890231 2.99094e-17)
(-0.225573 0.108113 0)
(-0.243371 0.146952 -1.80862e-17)
(-0.231364 0.192886 -3.42244e-17)
(-0.199605 0.240449 -3.53828e-17)
(-0.155132 0.283841 7.85196e-18)
(-0.103226 0.318745 1.01403e-17)
(-0.047316 0.342121 -9.93238e-18)
(0.00915549 0.353797 0)
(0.0664395 0.354836 0)
(0.190501 0.232475 0)
(0.0123118 0.0680071 -5.03197e-17)
(-0.111514 0.0463338 8.23489e-18)
(-0.170464 0.0579345 -7.00824e-18)
(-0.194303 0.0930631 2.5895e-17)
(-0.188583 0.135635 6.09772e-18)
(-0.162723 0.179194 1.73749e-17)
(-0.124554 0.217733 -4.71029e-17)
(-0.0798339 0.247182 2.67647e-18)
(-0.0319129 0.264871 -1.30064e-18)
(0.0163913 0.27056 1.28193e-18)
(0.065051 0.264936 0)
(0.212323 0.205945 0)
(0.0601167 0.0317622 -1.15829e-16)
(-0.0568935 0.00417483 0)
(-0.118626 0.0105757 -3.10266e-17)
(-0.147912 0.0432926 2.1327e-17)
(-0.148864 0.0837885 4.00001e-17)
(-0.129409 0.124588 -3.15528e-18)
(-0.0978027 0.159507 2.09605e-17)
(-0.0602371 0.18459 0)
(-0.0200661 0.19746 -1.39084e-18)
(0.0202623 0.197861 1.36294e-18)
(0.0604445 0.186237 0)
(0.218078 0.165583 0)
(0.100082 -0.00668848 -1.72842e-17)
(-0.00511474 -0.0394086 1.0747e-17)
(-0.0683336 -0.0355344 -3.54791e-17)
(-0.102832 -0.00351147 -6.46513e-17)
(-0.111006 0.0363924 -2.26306e-17)
(-0.098624 0.0757737 -7.08602e-18)
(-0.0739884 0.10827 -3.01144e-17)
(-0.0436931 0.130012 3.196e-18)
(-0.0111718 0.138905 -1.38424e-17)
(0.0213115 0.134787 1.49711e-18)
(0.0531672 0.11801 0)
(0.212589 0.115178 -3.89817e-16)
(0.13225 -0.047522 1.72378e-16)
(0.044765 -0.0856899 -9.16966e-17)
(-0.0181133 -0.0815516 -1.07292e-17)
(-0.057599 -0.0485784 3.91166e-17)
(-0.0736832 -0.00766586 9.08985e-18)
(-0.0692496 0.0317191 -8.48143e-18)
(-0.0521803 0.0629396 6.42205e-22)
(-0.0294565 0.0822566 0)
(-0.00461145 0.0879515 1.44206e-17)
(0.0200808 0.0800999 0)
(0.0437385 0.0590937 0)
(0.195117 0.0504964 4.94832e-16)
(0.156725 -0.0897956 -2.59893e-16)
(0.0927874 -0.134999 1.59086e-16)
(0.0328661 -0.128974 1.17136e-16)
(-0.0109747 -0.0940091 1.34848e-17)
(-0.0355406 -0.0504808 5.00577e-17)
(-0.0401155 -0.00934129 -5.19931e-17)
(-0.0314227 0.0218459 3.20972e-17)
(-0.0167432 0.0396198 5.02418e-18)
(0.00033306 0.0428278 1.91287e-17)
(0.0172861 0.0319909 -9.20809e-18)
(0.0329065 0.00767412 0)
(0.164875 -0.0117992 0)
(0.172137 -0.134215 3.32781e-16)
(0.138321 -0.186156 -2.60489e-16)
(0.0851671 -0.180439 5.18821e-17)
(0.0387097 -0.144705 -4.86858e-17)
(0.00506948 -0.0973225 -9.02854e-17)
(-0.0102465 -0.0516677 1.14131e-16)
(-0.0110024 -0.0187247 -9.58087e-18)
(-0.00462467 -0.0012891 0)
(0.00487643 7.92752e-05 -3.38842e-17)
(0.0145357 -0.0130623 4.8635e-17)
(0.0226192 -0.0398381 0)
(0.115429 -0.0363269 -8.96786e-16)
(0.179965 -0.165574 5.68535e-16)
(0.176715 -0.23523 5.63149e-16)
(0.139335 -0.231088 0)
(0.0962588 -0.203186 -4.03135e-16)
(0.0510286 -0.154463 -4.08138e-16)
(0.0209664 -0.101908 1.97564e-16)
(0.00999422 -0.0668727 -3.30631e-17)
(0.00840253 -0.0496755 2.99962e-17)
(0.0107799 -0.0501245 0)
(0.0137436 -0.0645529 1.50333e-20)
(0.0150294 -0.0927931 2.55662e-17)
)
;

boundaryField
{
    rotor
    {
        type            noSlip;
    }
    stator
    {
        type            noSlip;
    }
    front
    {
        type            empty;
    }
    back
    {
        type            empty;
    }
}


// ************************************************************************* //
