/*--------------------------------*- C++ -*----------------------------------*\
| =========                 |                                                 |
| \\      /  F ield         | OpenFOAM: The Open Source CFD Toolbox           |
|  \\    /   O peration     | Version:  4.0                                   |
|   \\  /    A nd           | Web:      www.OpenFOAM.org                      |
|    \\/     M anipulation  |                                                 |
\*---------------------------------------------------------------------------*/
FoamFile
{
    version     2.0;
    format      ascii;
    class       regIOobject;
    location    "constant/polyMesh";
    object      cellZones;
}
// * * * * * * * * * * * * * * * * * * * * * * * * * * * * * * * * * * * * * //

1
(
rotor
{
    type cellZone;
cellLabels      List<label> 
6093
(
459
474
551
554
555
556
561
643
644
645
646
647
648
649
650
653
654
655
739
742
743
744
749
923
2423
2432
2489
2682
2732
2743
2763
2777
3051
3055
3085
3086
3087
3093
3094
3098
3099
3100
3112
3115
3118
3119
3121
3125
3126
3128
3130
3131
3132
3133
3138
3145
3150
3151
3170
3185
3402
3405
3415
3417
3440
3441
3444
3447
3448
3453
3454
3460
3461
3464
3466
3467
3468
3469
3470
3471
3472
3473
3474
3475
3476
3477
3478
3479
3480
3481
3482
3483
3484
3485
3486
3487
3488
3489
3493
3494
3497
3499
3500
3501
3503
3504
3505
3506
3507
3508
3509
3510
3511
3512
3513
3514
3515
3516
3517
3518
3519
3520
3521
3522
3523
3524
3536
3539
3542
3543
3545
3546
3549
3550
3553
3555
3556
3559
3563
3787
3815
3820
3821
3822
3826
3828
3829
3833
3835
3836
3839
3840
3842
3843
3848
3849
3850
3854
3855
3856
3857
3859
3860
3861
3862
3863
3864
3866
3867
3868
3869
3870
3871
3872
3873
3874
3875
3876
3883
3885
3887
3889
3890
3891
3892
3893
3894
3895
3896
3897
3898
3899
3900
3901
3902
3903
3911
3915
3918
3921
3922
3925
3928
3929
3931
3932
3935
3936
3937
3957
4217
4235
4240
4241
4242
4247
4248
4249
4254
4255
4256
4268
4270
4275
4276
4277
4282
4283
4284
4289
4290
4291
4295
4302
4309
4623
4626
4633
4648
4650
4676
4689
4916
4967
4969
4974
5040
7516
7561
7834
7875
8195
8209
8234
8236
8237
8238
8239
8240
8241
8243
8244
8245
8246
8247
8248
8249
8250
8251
8252
8253
8254
8255
8258
8260
8261
8262
8265
8267
8268
8272
8274
8279
8280
8282
8283
8284
8285
8286
8287
8515
8520
8522
8527
8529
8532
8533
8534
8535
8536
8537
8538
8539
8540
8541
8542
8543
8544
8545
8546
8547
8548
8549
8550
8551
8552
8568
8569
8570
8571
8572
8575
8576
8577
8578
8579
8581
8582
8583
8584
8585
8586
8587
8816
8841
8843
8847
8849
8851
8852
8854
8871
8872
8874
8878
8879
8881
8884
8885
8886
8887
8888
8889
8890
8909
8946
9270
14876
15083
15225
16055
16164
16176
16193
16266
16326
16345
16365
16367
16383
16386
16407
16449
16450
16452
16470
16471
16472
16504
16536
16589
16615
16671
16806
16808
17731
17816
17838
17887
17891
17892
17913
17950
17955
17958
17962
17965
17968
17969
17972
17974
17975
17976
17979
17988
17990
17992
17993
17994
17996
17998
17999
18002
18003
18004
18005
18008
18013
18015
18017
18018
18019
18020
18021
18022
18024
18025
18026
18027
18028
18029
18030
18048
18054
18082
18083
18086
18088
18089
18090
18092
18093
18096
18100
18103
18107
18109
18119
18120
18123
18125
18126
18127
18129
18130
18132
18135
18137
18140
18141
18147
18148
18149
18150
18151
18152
18153
18154
18155
18156
18157
18158
18159
18160
18161
18162
18163
18166
18167
18168
18169
18173
18176
18241
18243
18245
18252
18255
18259
18276
18288
18302
18324
18334
18355
19394
19395
19405
19407
19416
19439
19452
19466
19487
19489
19492
19494
19496
19506
19515
19517
19519
19520
19522
19524
19527
19529
19530
19531
19532
19534
19540
19542
19544
19545
19546
19547
19551
19553
19558
19561
19565
19567
19572
19575
19576
19577
19578
19579
19580
19581
19582
19583
19584
19585
19586
19587
19588
19589
19592
19593
19596
19600
19603
19605
19607
19609
19610
19614
19617
19619
19621
19623
19624
19625
19626
19627
19628
19629
19630
19631
19632
19634
19635
19636
19637
19638
19639
19640
19641
19642
19643
19644
19645
19646
19647
19648
19649
19650
19651
19652
19653
19655
19656
19657
19658
19659
19660
19661
19662
19663
19664
19665
19666
19667
19668
19669
19670
19671
19672
19673
19674
19675
19676
19677
19678
19679
19680
19681
19682
19683
19684
19685
19686
19687
19688
19689
19690
19691
19692
19693
19694
19695
19698
19700
19701
19702
19708
19709
19714
19716
19717
19718
19719
19720
19721
19722
19723
19724
19725
19726
19727
19728
19729
19730
19732
19735
19736
19737
19739
19741
19743
19744
19746
19747
19749
19750
19751
19756
19758
19759
19761
19763
19765
19766
19767
19768
19769
19770
19771
19772
19774
19776
19778
19779
19780
19781
19782
19783
19784
19785
19786
19787
19788
19789
19790
19791
19792
19793
19794
19795
19796
19797
19798
19799
19817
19829
19831
19844
19845
19847
19848
19864
19865
19866
19867
19869
19871
19872
19873
19874
19875
19876
19886
19888
19894
19895
19896
19904
19905
19906
19907
19909
19911
19912
19913
19914
19915
19916
19924
19925
19927
19928
19929
19930
19931
19937
19938
19939
19940
19941
19942
19943
19944
19945
19946
19947
19948
19949
19950
19951
19953
19954
19956
19957
19959
19960
19961
19993
20005
20006
20030
20047
20050
20059
20080
20093
20123
20135
20147
20592
20670
20673
20698
20711
20731
20924
20926
20935
20940
20955
20956
20959
20962
20963
20966
20979
20982
20986
20989
20992
20993
20999
21000
21002
21003
21004
21005
21007
21014
21018
21019
21023
21027
21028
21030
21031
21032
21033
21041
21043
21044
21045
21047
21048
21049
21052
21054
21057
21058
21059
21060
21061
21062
21063
21064
21065
21066
21067
21068
21069
21070
21071
21072
21075
21077
21078
21079
21082
21083
21087
21088
21089
21091
21092
21093
21094
21095
21096
21097
21098
21107
21109
21111
21113
21114
21117
21118
21120
21121
21122
21124
21125
21127
21128
21130
21131
21132
21133
21134
21135
21136
21137
21138
21139
21140
21141
21142
21144
21145
21146
21147
21148
21149
21151
21152
21153
21154
21155
21156
21157
21158
21159
21160
21161
21162
21163
21164
21165
21166
21167
21168
21169
21170
21173
21175
21176
21177
21180
21181
21183
21184
21187
21189
21190
21191
21194
21195
21197
21203
21204
21208
21211
21212
21215
21216
21218
21219
21222
21223
21225
21229
21232
21233
21234
21236
21239
21240
21241
21242
21243
21244
21245
21246
21247
21248
21249
21250
21251
21252
21253
21254
21255
21256
21257
21258
21259
21269
21270
21289
21303
21304
21305
21306
21307
21308
21317
21319
21321
21324
21325
21327
21331
21332
21333
21334
21335
21348
21352
21353
21354
21355
21356
21357
21364
21367
21369
21370
21372
21375
21376
21378
21379
21387
21388
21389
21390
21391
21392
21393
21394
21395
21396
21398
21399
21400
21401
21402
21403
21404
21405
21406
21407
21408
21409
21410
21411
21412
21413
21414
21415
21419
21421
21422
21475
21544
21555
21625
21712
22356
22370
22397
22456
22458
22513
22540
22553
22568
22570
22574
22575
22577
22581
22582
22583
22584
22585
22599
22609
22616
22618
22619
22621
22622
22624
22628
22629
22630
22631
22632
22639
22644
22648
22649
22650
22651
22652
22653
22654
22655
22656
22657
22658
22659
22660
22661
22662
22663
22664
22670
22673
22674
22675
22685
22691
22705
22706
22707
22708
22710
22712
22713
22715
22719
22720
22722
22723
22733
22750
22754
22755
22756
22757
22759
22761
22762
22764
22767
22768
22769
22770
22771
22776
22786
22787
22788
22789
22790
22791
22792
22793
22794
22795
22797
22798
22799
22800
22801
22802
22803
22804
22807
22809
22811
22812
22816
22832
22834
22836
22854
22866
22881
22891
22923
22953
23037
23956
24042
24054
24160
24264
24338
24360
24367
24377
24380
24449
24450
24504
24521
24530
24537
24568
24577
24669
24704
24777
24778
25617
25740
25750
25775
25991
30874
30878
30909
31042
31095
31111
31112
31247
31269
31275
31276
31277
31278
31279
31280
31281
31282
31286
31288
31290
31291
31292
31293
31294
31295
31296
31408
31426
31427
31428
31429
31430
31431
31432
31433
31434
31435
31436
31437
31438
31439
31440
31441
31442
31443
31444
31445
31446
31565
31577
31578
31579
31581
31583
31591
31592
31593
31594
31595
31613
31792
31952
31956
33337
33412
33737
33785
33797
33876
33880
33883
33920
33990
34090
34119
34148
34172
34269
34578
34682
34692
34694
34736
34756
34794
34843
34872
34896
34928
34993
34995
35020
35050
35063
35089
35145
35173
35226
35265
35652
35719
35724
35738
35820
35849
35859
35860
35868
35913
35926
35927
35934
35942
35947
35952
35957
35960
35985
36003
36004
36007
36008
36009
36010
36011
36012
36013
36014
36015
36018
36022
36026
36032
36037
36038
36039
36040
36041
36042
36043
36058
36061
36064
36068
36070
36071
36073
36075
36078
36086
36087
36088
36089
36090
36091
36092
36093
36094
36095
36096
36097
36098
36099
36108
36115
36116
36117
36120
36122
36146
36172
36184
36189
36203
36204
36205
36217
36253
36267
36278
36304
36310
36338
36354
36363
36373
36434
36690
36706
36785
36808
36854
36880
36882
36890
36895
36901
36906
36917
36922
36923
36926
36927
36946
36963
36965
36967
36970
36971
36972
36973
36974
36981
36982
36983
36985
36986
37004
37010
37011
37012
37013
37014
37015
37016
37017
37018
37019
37020
37021
37022
37023
37024
37025
37026
37027
37028
37029
37030
37031
37032
37033
37034
37035
37036
37037
37038
37039
37040
37041
37042
37043
37044
37045
37046
37047
37048
37049
37050
37051
37052
37053
37055
37056
37057
37060
37061
37062
37063
37064
37065
37066
37067
37068
37069
37070
37071
37072
37073
37074
37075
37076
37077
37078
37079
37080
37081
37083
37086
37087
37088
37090
37092
37094
37095
37096
37097
37098
37099
37100
37101
37102
37103
37104
37105
37106
37107
37108
37109
37111
37113
37115
37116
37117
37118
37120
37122
37123
37124
37125
37126
37127
37128
37129
37130
37131
37132
37133
37134
37135
37136
37137
37138
37139
37140
37141
37142
37143
37144
37145
37146
37147
37148
37149
37150
37151
37152
37153
37154
37155
37156
37157
37165
37166
37167
37168
37169
37170
37171
37172
37181
37188
37189
37190
37192
37208
37212
37213
37214
37215
37216
37217
37218
37245
37246
37251
37266
37279
37290
37309
37357
37365
37471
37581
37707
37717
37720
37773
37797
37813
37824
37841
37849
37851
37860
37887
37888
37891
37893
37894
37897
37902
37905
37906
37907
37908
37909
37910
37911
37916
37921
37922
37923
37924
37925
37935
37947
37950
37965
37966
37968
37969
37970
37972
37973
37974
37975
37976
37991
37992
37993
37994
37995
37996
37997
37998
38001
38003
38004
38005
38006
38007
38008
38009
38010
38011
38012
38013
38015
38016
38017
38018
38019
38020
38022
38023
38024
38025
38026
38027
38029
38030
38031
38032
38033
38034
38036
38037
38038
38039
38040
38041
38042
38043
38044
38045
38046
38047
38048
38052
38053
38054
38055
38058
38059
38061
38062
38066
38067
38068
38069
38071
38072
38073
38075
38076
38078
38079
38080
38082
38083
38084
38085
38086
38087
38088
38089
38090
38091
38094
38095
38096
38099
38102
38105
38109
38118
38120
38121
38122
38125
38126
38127
38128
38129
38130
38131
38132
38163
38166
38169
38184
38236
38312
38325
38330
38352
38686
38709
38745
38765
38766
38772
38779
38815
38839
38864
38879
38881
38894
38902
38903
38947
38964
38968
38969
38970
38971
38972
38973
38974
38975
38976
38977
38979
38980
38989
38991
38995
38998
39000
39008
39026
39027
39028
39029
39030
39032
39036
39049
39050
39051
39052
39053
39054
39055
39057
39058
39061
39065
39067
39106
39110
39113
39114
39115
39117
39118
39129
39148
39149
39161
39182
39187
39188
39189
39190
39191
39192
39220
39223
39228
39229
39246
39264
39299
39320
39357
39371
39383
39514
39811
39873
39990
40006
40009
40010
40022
40037
40073
40081
40095
40097
40103
40175
40193
40218
40220
40223
40233
40235
40255
40267
40309
40310
40312
40313
40317
40344
40361
40421
40424
40465
40470
40473
40485
40491
40550
40590
40612
40936
41015
41094
41117
41140
41142
41234
41239
41242
41251
41280
41347
41365
41425
41777
41859
41918
45094
45114
45267
45268
45271
45272
45296
45351
45364
45434
45972
45990
46038
46070
46076
46111
46114
46115
46120
46174
46185
46235
46238
46257
46259
46260
46321
46341
46400
46792
46801
46844
46865
46866
46867
46868
46869
46870
46871
46872
46878
46879
46880
46881
46882
46883
46884
46885
46886
46887
46888
46889
46890
46891
46892
46893
46894
46895
46896
46897
46898
46899
46900
46901
46902
46903
46904
46905
46906
46907
46908
46909
46910
46911
46912
46913
46914
46916
46917
46918
46920
46921
46922
46923
46924
46925
46926
46927
46928
46929
46930
46931
46932
46933
46934
46935
46936
46938
46940
46941
46942
46944
46945
46946
46948
46949
46950
46951
46952
46953
46954
46955
46956
46957
46958
46959
46960
46961
46962
46963
46964
46966
46967
46969
46977
46978
46979
46980
46981
46982
46983
46994
46996
47002
47003
47004
47005
47006
47007
47008
47011
47012
47013
47014
47015
47016
47017
47025
47026
47027
47028
47029
47030
47031
47032
47033
47034
47035
47036
47037
47038
47039
47043
47044
47046
47049
47051
47052
47053
47054
47055
47056
47057
47092
47093
47098
47182
47187
47188
47192
47213
47542
47607
47629
47630
47632
47635
47637
47640
47642
47646
47650
47651
47654
47656
47658
47661
47701
47707
47711
47714
47731
47793
47812
48206
48214
48232
48275
48276
48298
48325
48326
48328
48329
48331
48332
48333
48334
48336
48338
48348
48350
48352
48353
48354
48355
48356
48359
48360
48362
48363
48366
48367
48369
48371
48373
48374
48376
48378
48380
48381
48383
48384
48385
48386
48387
48388
48389
48390
48391
48392
48393
48394
48395
48396
48397
48398
48399
48400
48401
48402
48403
48404
48405
48406
48407
48408
48409
48410
48439
48440
48441
48442
48443
48448
48450
48456
48472
48509
48512
48518
48519
48594
49033
49058
49147
49198
49219
49265
49288
49292
49351
49371
49432
49440
49442
49465
49980
49984
49990
50056
50060
50064
50066
50152
55443
55867
57144
57188
57502
57528
57573
57580
57584
57597
58030
58063
58065
58071
58095
58098
58109
58112
58130
58133
58162
58188
58190
58196
58199
58203
58433
58437
58631
58641
58656
58720
58732
58733
58788
58809
58812
58823
58824
58835
58839
58861
58878
58896
59247
59250
59259
59263
59274
59277
59333
59447
59465
59494
59508
59519
59531
59535
59561
59605
59746
59962
60274
60294
61731
61747
61971
61984
61985
61990
62010
62022
62028
62046
62053
62054
62062
62065
62070
62084
62123
62125
62131
62133
62134
62143
62354
62432
62621
62627
62640
62644
62650
62654
62659
62662
62670
62680
62704
62726
62737
62751
62766
62771
62772
62773
62779
62788
62797
62815
62901
63056
63117
63119
63128
63143
63217
63229
63288
63290
63296
63373
63376
63389
63395
63406
63413
63449
63461
63476
63477
63486
63491
63492
63495
63530
63534
63539
63544
63566
63654
63656
63725
63948
63971
63975
64019
64025
64026
64031
64038
64083
64093
64126
64147
64148
64154
64158
64175
64179
64213
64217
64223
64233
64238
64239
64246
64293
64294
64364
64388
64516
64524
64587
64604
64671
64675
64752
64816
64818
64826
64837
64839
64844
64871
64881
64883
64893
64899
64908
64910
64922
64939
64959
64975
64976
64981
65009
65102
65184
65257
65318
65347
65351
65409
65420
65421
65486
65504
65573
65574
65576
65620
65622
65623
65644
65653
65657
65658
65669
65671
65712
65714
65725
65726
65734
65741
65772
66181
66345
66366
66379
66465
66475
66522
68072
68099
68140
68144
68183
68206
68215
68230
68237
68727
68739
68749
68766
68788
68792
68793
68808
68845
68858
68869
68879
68885
68914
69012
69097
69158
69233
69298
69307
69382
69396
69397
69454
69468
69512
69525
69530
69536
69546
69553
69567
69574
69580
69586
69637
69674
69704
69711
69778
69780
69884
69912
69945
69949
69961
69964
69987
70011
70018
70025
70050
70052
70055
70066
70068
70081
70091
70098
70103
70105
70106
70107
70108
70109
70110
70111
70112
70123
70125
70127
70130
70132
70133
70134
70135
70137
70138
70140
70148
70153
70155
70156
70157
70158
70159
70160
70161
70162
70165
70167
70168
70169
70171
70173
70175
70179
70187
70212
70241
70252
70262
70266
70267
70268
70270
70273
70280
70312
70313
70316
70320
70322
70337
70374
70376
70386
70387
70389
70390
70391
70392
70393
70394
70395
70402
70403
70404
70406
70407
70408
70409
70410
70411
70412
70413
70414
70415
70416
70417
70418
70419
70420
70421
70422
70423
70424
70425
70426
70427
70428
70429
70430
70431
70432
70433
70434
70436
70438
70439
70440
70441
70442
70443
70444
70445
70446
70447
70450
70451
70453
70454
70455
70456
70457
70458
70459
70460
70461
70462
70463
70464
70465
70466
70467
70468
70469
70470
70471
70472
70473
70474
70475
70476
70477
70478
70479
70480
70481
70482
70490
70491
70494
70496
70497
70498
70499
70500
70501
70502
70503
70505
70506
70507
70508
70510
70519
70529
70533
70553
70557
70559
70585
70586
70596
70597
70599
70607
70609
70611
70613
70615
70616
70617
70618
70619
70620
70621
70622
70623
70625
70627
70628
70630
70631
70632
70633
70634
70635
70636
70640
70643
70644
70645
70649
70651
70656
70658
70659
70661
70663
70664
70665
70667
70668
70670
70671
70672
70676
70679
70680
70681
70682
70683
70685
70696
70706
70779
70781
70784
70794
70795
70798
70810
70813
70826
70829
70834
70837
70840
70842
70888
70897
70898
70899
70900
70901
70902
70903
70904
70905
70906
70907
70908
70909
70910
70911
70912
70913
70914
70915
70916
70917
70918
70919
70920
70921
70922
70923
70924
70925
70926
70927
70928
70929
70930
70931
70932
70933
70934
70935
70936
70937
70938
70939
70940
70941
70942
70943
70944
70945
70946
70947
70948
70949
70950
70951
70952
70953
70955
70957
70958
70959
70963
70966
70967
70968
70969
70970
70971
70972
70973
70975
70976
70977
70979
70980
70984
70986
70987
70988
70989
70990
70991
70992
70993
70994
70995
70996
70997
70998
70999
71000
71001
71002
71003
71004
71010
71012
71065
71067
71074
71079
71081
71091
71096
71107
71116
71117
71118
71123
71126
71128
71133
71140
71142
71157
71167
71172
71173
71183
71184
71185
71193
71205
71210
71218
71283
71286
71315
71340
71341
71354
71355
71365
71399
71403
71406
71421
71424
71429
71443
71476
71498
71510
71517
71524
71532
71551
71555
71572
71573
71580
71586
71599
71604
71611
71616
71642
71650
71651
71688
71695
71855
72014
72071
72085
72086
72157
72254
72274
72280
72290
72306
72319
72325
72342
72345
72354
72373
72560
72754
72768
72769
73201
74084
74090
74100
74105
74152
74225
74227
74567
74774
74777
74802
74812
74813
74840
74844
74845
74861
74876
74879
74880
74916
74930
74939
74944
74952
74960
74964
75056
75146
75159
75208
75227
75307
75371
75385
75388
75397
75533
75541
75572
75581
75586
75590
75591
75597
75598
75599
75600
75601
75602
75603
75604
75607
75619
75622
75624
75625
75628
75640
75644
75647
75651
75662
75663
75665
75668
75675
75676
75679
75682
75683
75684
75685
75686
75687
75688
75689
75690
75694
75695
75696
75697
75698
75701
75702
75703
75705
75707
75709
75710
75712
75713
75714
75716
75717
75723
75726
75735
75773
75777
75778
75781
75785
75836
75838
75841
75848
75849
75852
75861
75862
75865
75875
75876
75877
75879
75880
75882
75885
75888
75889
75892
75896
75900
75903
75904
75907
75926
75931
75932
75934
75935
75936
75937
75938
75939
75940
75953
75954
75955
75956
75957
75958
75959
75960
75961
75962
75963
75964
75965
75966
75967
75968
75969
75970
75971
75972
75973
75974
75975
75998
76013
76028
76030
76031
76033
76034
76035
76036
76037
76038
76039
76040
76041
76042
76044
76045
76047
76048
76050
76051
76052
76053
76055
76056
76057
76058
76059
76060
76061
76062
76064
76066
76067
76068
76069
76070
76071
76072
76073
76074
76075
76076
76077
76078
76079
76080
76081
76082
76083
76084
76085
76086
76087
76088
76089
76090
76091
76092
76093
76094
76095
76096
76097
76100
76104
76106
76107
76108
76109
76110
76113
76114
76115
76116
76118
76122
76124
76129
76132
76134
76135
76136
76137
76139
76143
76145
76148
76149
76150
76152
76153
76156
76157
76159
76162
76164
76167
76170
76171
76172
76176
76178
76180
76182
76183
76184
76185
76186
76187
76188
76189
76190
76191
76192
76193
76194
76195
76196
76199
76200
76202
76203
76206
76207
76209
76213
76216
76218
76219
76220
76221
76223
76227
76230
76232
76233
76234
76235
76237
76238
76240
76241
76242
76244
76245
76246
76247
76248
76249
76250
76251
76252
76253
76256
76258
76259
76261
76263
76264
76266
76267
76268
76269
76271
76272
76282
76283
76286
76288
76290
76293
76294
76296
76297
76298
76300
76301
76302
76303
76304
76305
76306
76307
76308
76309
76312
76314
76315
76317
76319
76320
76322
76323
76325
76327
76328
76329
76330
76331
76332
76333
76334
76335
76336
76337
76340
76341
76342
76343
76344
76345
76346
76347
76348
76349
76350
76351
76352
76353
76354
76355
76356
76357
76361
76364
76365
76366
76367
76368
76369
76370
76371
76372
76373
76374
76375
76376
76377
76378
76379
76380
76381
76382
76383
76384
76385
76386
76387
76388
76389
76390
76391
76392
76393
76394
76395
76396
76397
76398
76399
76400
76401
76402
76403
76404
76405
76406
76408
76409
76410
76412
76413
76414
76415
76416
76417
76418
76419
76420
76421
76422
76423
76424
76425
76426
76427
76428
76430
76431
76433
76434
76435
76436
76437
76438
76439
76440
76441
76447
76448
76451
76452
76454
76455
76460
76462
76463
76464
76465
76466
76467
76468
76469
76470
76471
76472
76473
76474
76475
76476
76481
76483
76486
76487
76489
76490
76491
76492
76493
76494
76495
76496
76497
76502
76504
76506
76507
76508
76509
76510
76511
76512
76516
76517
76518
76521
76523
76524
76525
76526
76527
76528
76529
76530
76531
76532
76534
76536
76538
76539
76540
76541
76542
76543
76544
76545
76546
76550
76553
76556
76557
76559
76560
76561
76562
76563
76564
76565
76566
76567
76572
76574
76575
76576
76577
76578
76579
76580
76581
76582
76583
76584
76585
76586
76587
76588
76589
76590
76591
76592
76593
76594
76595
76596
76597
76598
76599
76600
76601
76616
76617
76620
76622
76623
76624
76626
76628
76629
76630
76632
76634
76636
76637
76640
76642
76643
76644
76645
76647
76649
76650
76651
76655
76658
76665
76666
76667
76668
76669
76670
76671
76672
76673
76674
76675
76676
76677
76678
76702
76709
76724
76729
76732
76733
76736
76740
76741
76744
76745
76746
76757
76759
76761
76762
76770
76772
76774
76787
76790
76794
76795
76796
76797
76798
76799
76800
76801
76804
76805
76806
76807
76808
76809
76810
76813
76814
76815
76832
76835
76840
76844
76845
76848
76849
76851
76852
76854
76855
76856
76858
76860
76862
76863
76865
76867
76868
76869
76870
76872
76873
76876
76877
76879
76880
76881
76882
76884
76885
76886
76888
76889
76890
76892
76893
76895
76896
76897
76899
76927
76930
76936
76942
76943
76944
76945
76946
76947
76948
76949
76950
76951
76952
76953
76954
76955
76956
76957
76958
76959
76960
76961
76962
76963
76964
76965
76966
76975
76977
76998
77000
77010
77011
77012
77013
77014
77015
77016
77017
77018
77019
77020
77021
77022
77023
77024
77025
77026
77027
77028
77029
77030
77031
77032
77033
77034
77035
77036
77037
77039
77040
77042
77052
77053
77055
77062
77064
77065
77067
77074
77075
77076
77078
77079
77080
77082
77083
77084
77085
77086
77087
77088
77089
77090
77112
77119
77137
77142
77164
77170
77188
77193
77204
77211
77225
77253
77284
77386
77425
77503
77613
77614
77624
77627
77638
77677
77759
77791
77823
77832
77852
77863
77867
77874
77892
77895
78092
78324
78326
78589
78600
78603
79565
79583
79600
79604
79650
79656
79692
79697
79702
79716
79727
79851
80053
80204
80358
80366
80373
80378
80391
80409
80410
80432
80439
80443
80445
80475
80515
80660
80707
80782
80785
80857
80951
81021
81026
81028
81030
81033
81037
81041
81057
81060
81090
81096
81097
81098
81099
81101
81103
81104
81105
81106
81107
81108
81109
81110
81111
81115
81118
81120
81121
81123
81124
81136
81150
81172
81183
81192
81195
81196
81197
81198
81199
81200
81201
81204
81209
81210
81214
81216
81218
81220
81223
81225
81227
81229
81236
81245
81250
81265
81266
81267
81268
81269
81272
81274
81275
81289
81290
81291
81299
81302
81304
81305
81306
81307
81309
81317
81320
81323
81324
81327
81364
81382
81390
81391
81392
81394
81397
81406
81410
81413
81423
81425
81427
81428
81429
81430
81433
81434
81435
81436
81437
81438
81439
81440
81441
81442
81443
81445
81447
81448
81449
81452
81454
81455
81456
81457
81458
81459
81460
81461
81462
81463
81464
81465
81466
81467
81468
81469
81470
81471
81476
81492
81499
81504
81516
81517
81519
81520
81521
81522
81523
81524
81525
81528
81533
81534
81535
81536
81537
81541
81544
81546
81547
81548
81549
81550
81551
81552
81557
81558
81559
81560
81561
81562
81563
81564
81565
81566
81567
81568
81569
81570
81571
81572
81573
81574
81575
81576
81577
81578
81579
81582
81583
81586
81588
81590
81593
81594
81595
81597
81599
81600
81601
81602
81606
81607
81608
81609
81611
81613
81614
81615
81616
81617
81618
81619
81620
81621
81622
81624
81626
81628
81629
81630
81631
81632
81633
81634
81635
81636
81637
81638
81639
81640
81641
81642
81643
81644
81645
81647
81648
81649
81650
81651
81652
81655
81656
81657
81658
81659
81660
81661
81662
81663
81664
81666
81668
81670
81671
81673
81674
81675
81676
81677
81678
81679
81680
81681
81682
81683
81684
81685
81686
81687
81688
81689
81690
81691
81692
81694
81695
81696
81697
81698
81699
81701
81702
81703
81704
81705
81706
81707
81708
81709
81710
81711
81712
81713
81715
81718
81719
81720
81721
81722
81723
81724
81725
81726
81727
81728
81729
81730
81731
81732
81733
81734
81736
81738
81739
81741
81742
81743
81744
81745
81746
81747
81748
81749
81750
81751
81752
81753
81754
81755
81756
81757
81758
81759
81760
81761
81762
81763
81764
81765
81766
81767
81768
81769
81770
81771
81772
81773
81774
81775
81777
81778
81779
81780
81781
81784
81785
81786
81787
81788
81791
81792
81793
81794
81795
81798
81799
81800
81801
81802
81804
81805
81806
81807
81808
81809
81810
81811
81813
81816
81817
81818
81819
81820
81821
81822
81823
81824
81825
81827
81830
81831
81832
81833
81834
81835
81836
81837
81838
81840
81841
81842
81843
81844
81847
81848
81849
81851
81852
81853
81854
81855
81856
81857
81858
81860
81862
81864
81866
81867
81869
81871
81873
81874
81875
81879
81880
81881
81882
81883
81884
81885
81886
81887
81888
81891
81892
81894
81895
81896
81897
81898
81899
81900
81901
81902
81903
81907
81918
81920
81922
81923
81925
81926
81928
81946
81949
81952
81953
81955
81965
81966
81967
81969
81971
81972
81973
81974
81976
81977
81978
81979
81980
81981
81983
81984
81985
81986
81987
81988
81989
81990
81991
81992
81993
81998
81999
82000
82001
82007
82029
82035
82048
82074
82076
82088
82093
82096
82099
82100
82101
82104
82105
82114
82116
82126
82129
82132
82133
82134
82136
82137
82140
82141
82143
82147
82148
82149
82151
82180
82188
82189
82190
82194
82195
82196
82197
82212
82213
82214
82216
82217
82218
82220
82228
82229
82230
82231
82232
82233
82234
82235
82236
82237
82238
82239
82240
82241
82242
82243
82244
82245
82246
82247
82248
82249
82251
82252
82253
82254
82255
82256
82257
82258
82259
82260
82261
82262
82263
82265
82266
82267
82268
82269
82270
82271
82272
82273
82274
82275
82276
82277
82278
82279
82280
82281
82282
82283
82284
82285
82286
82287
82288
82289
82290
82291
82292
82293
82295
82307
82311
82320
82321
82338
82339
82430
82475
82480
82485
82504
82516
82521
82614
82670
82675
82803
82880
82884
82891
82893
82956
82967
83053
83055
83067
83101
83103
83127
83135
83140
83155
83612
83614
83628
83892
83967
83990
83993
84987
85000
85029
85039
85065
85069
85096
85113
85122
85144
85161
85162
85664
85668
85673
85678
85684
85698
85700
85707
85723
85753
85774
85776
85777
85790
85809
85840
85842
85862
85956
86171
86203
86249
86259
86321
86322
86344
86408
86418
86421
86422
86451
86479
86484
86490
86500
86535
86556
86558
86569
86575
86586
86591
86706
86734
86737
86766
86770
86776
86831
86875
86882
86911
86912
86913
86914
86915
86916
86917
86918
86923
86925
86926
86930
86931
86933
86938
86939
86941
86942
86944
86945
86953
86954
86955
86957
86958
86960
86962
86964
86966
86967
86968
86969
86970
86971
86972
86973
86974
86975
86976
86977
86978
86979
86980
86981
86983
86984
86985
86986
86987
86988
86996
86999
87009
87014
87020
87030
87042
87047
87055
87058
87064
87067
87072
87074
87076
87083
87102
87104
87114
87115
87118
87119
87128
87130
87132
87133
87142
87143
87144
87147
87148
87151
87152
87155
87156
87158
87160
87162
87177
87182
87231
87232
87233
87234
87235
87236
87237
87238
87239
87240
87241
87242
87243
87244
87245
87246
87247
87248
87249
87250
87251
87252
87253
87254
87255
87256
87257
87258
87259
87260
87261
87262
87263
87264
87265
87266
87267
87268
87269
87270
87271
87272
87273
87274
87275
87276
87277
87278
87279
87280
87281
87282
87283
87284
87285
87286
87287
87288
87289
87290
87291
87292
87293
87294
87295
87296
87297
87298
87299
87309
87319
87322
87336
87351
87354
87368
87370
87376
87377
87385
87386
87387
87388
87389
87390
87391
87392
87393
87394
87395
87396
87397
87398
87399
87400
87401
87402
87404
87405
87406
87407
87408
87409
87410
87411
87412
87413
87414
87415
87417
87418
87419
87420
87421
87422
87423
87424
87425
87426
87427
87428
87429
87431
87433
87435
87436
87437
87439
87441
87442
87443
87444
87445
87446
87447
87448
87449
87450
87456
87459
87461
87466
87467
87468
87469
87472
87475
87478
87487
87490
87492
87494
87496
87499
87505
87513
87518
87524
87528
87537
87543
87552
87555
87556
87559
87560
87562
87563
87565
87566
87567
87569
87571
87573
87574
87576
87578
87579
87580
87581
87614
87616
87620
87621
87624
87652
87668
87671
87685
87688
87695
87698
87699
87700
87701
87702
87703
87704
87705
87706
87707
87708
87709
87710
87711
87712
87713
87714
87715
87716
87717
87718
87719
87720
87721
87722
87723
87724
87725
87726
87727
87728
87729
87730
87731
87732
87733
87734
87737
87738
87739
87740
87741
87742
87743
87744
87745
87746
87747
87748
87750
87751
87753
87754
87755
87756
87757
87758
87759
87760
87761
87762
87763
87764
87765
87766
87767
87768
87769
87770
87771
87772
87773
87774
87776
87777
87778
87780
87782
87783
87784
87802
87803
87804
87808
87810
87817
87818
87819
87820
87821
87825
87826
87827
87828
87829
87836
87842
87847
87878
87879
87883
87884
87885
87898
87902
87912
87915
87918
87922
87927
87933
87946
87948
87968
87973
87975
87980
87983
88001
88006
88008
88025
88048
88050
88059
88064
88066
88075
88121
88190
88197
88205
88206
88207
88208
88209
88233
88244
88275
88303
88304
88314
88359
88365
88374
88385
88392
88425
88439
88442
88451
88489
88497
88498
88524
88528
88555
88561
88695
88712
88781
88799
88874
89017
89027
89038
89107
89118
89134
89160
89174
89177
89200
89211
89226
89241
89248
89258
89270
89281
89310
90028
91174
91455
91458
91461
91465
91473
91486
91499
91502
91518
91521
91535
91550
91551
91567
91575
91576
91597
91607
91608
91911
92092
92098
92105
92107
92118
92168
92200
92215
92219
92222
92235
92240
92250
92277
92365
92461
92531
92624
92626
92700
92749
92769
92833
92843
92852
92871
92873
92889
92893
92913
92917
92922
92926
92930
92937
92945
92954
92956
92959
92971
92987
92989
92993
92994
93000
93008
93012
93028
93036
93087
93108
93164
93316
93329
93406
93409
93465
93467
93470
93484
93548
93566
93569
93599
93630
93639
93650
93652
93655
93669
93677
93681
93695
93697
93720
93731
93736
93755
93885
93965
94020
94032
94078
94088
94091
94098
94103
94153
94154
94162
94242
94247
94248
94255
94282
94284
94291
94305
94314
94331
94339
94342
94348
94374
94404
94415
94457
94515
94530
94588
94673
94674
94761
94810
94899
94902
94917
94996
95019
95044
95050
95062
95095
95125
95131
95133
95139
95147
95162
95202
95253
95332
95478
95495
95499
95554
95581
95824
95828
95872
95906
97302
97309
97342
97347
97374
97721
97730
97735
97749
97760
97768
97775
97789
97829
97832
97862
97892
97901
98395
98414
98418
98442
98447
98449
98453
98458
98460
98475
98490
98516
98519
98525
98531
98533
98537
98647
98864
98891
99100
99103
99149
99152
99154
99162
99175
99179
99184
99186
99253
99259
99263
99287
99572
99573
99586
99783
99786
99808
99820
99838
99840
99848
99865
99870
99884
99908
99938
99947
100511
100518
100524
100533
100534
100568
100570
102272
102276
102765
107632
107633
107634
107635
107636
107637
107638
107658
107659
107660
107661
107662
107663
107664
107665
107666
107667
107668
107669
107670
107671
107672
107673
107674
107675
107676
107677
107678
107692
107693
107694
107695
107696
108437
108438
108439
108440
108441
108442
108443
108519
108521
108523
109215
109331
109467
109470
109472
109474
109475
109476
109477
109478
109479
109480
109481
109483
109484
109485
109486
109487
109488
109585
109587
109588
109591
109593
109594
109598
109601
109604
109607
109608
109609
109610
109612
109613
109614
109615
109616
109617
109618
109619
109620
109621
109622
109623
109624
109625
109626
109627
109628
109629
109631
109632
109633
109634
109635
109681
109684
109687
109692
109693
109695
109696
109698
109699
109705
109706
109708
109710
109711
109715
109718
109727
109732
109741
109747
109748
109750
109751
109752
109753
109754
109755
109756
109757
109758
109759
109760
109761
109762
109763
109764
109765
109766
109767
109769
109771
109772
109773
109775
109778
109780
109872
109873
109874
109875
109876
109878
109879
109880
109881
109882
109883
109884
109886
109890
109892
109893
109894
109896
109898
109899
109900
109901
109902
109903
109904
109905
109906
109907
109908
109909
109910
109911
109912
110086
110216
110259
110736
110737
110738
110739
110740
110741
110742
110743
110745
110746
110747
110748
110749
110751
110753
110754
110755
110756
110757
110758
110759
110760
110761
110762
110763
110764
110765
110767
110768
110769
110770
110771
110773
110774
110775
110776
110777
110778
110779
110781
110782
110783
110784
110787
110788
110789
110790
110791
111655
111661
111667
111669
111670
111671
111672
111674
111676
111677
111780
111783
111787
111789
113123
113124
113127
113129
113130
113131
113134
113136
113137
113142
113145
113147
113149
113150
113159
113161
113163
113164
114382
114388
114403
114404
114405
114406
114407
114408
114409
117274
117275
117276
117277
117278
117279
117280
117281
117282
117283
117284
117285
117286
117287
117311
117315
117316
117317
117318
117319
117320
117321
117322
117323
117324
117325
117326
117327
117328
117329
117596
117598
117600
117602
117603
117604
117605
117606
117607
117608
117637
117638
117639
117640
117641
117642
117643
117647
117650
117898
117899
117900
117911
117912
117913
117914
117915
117916
117918
117922
117924
117925
117926
117927
117928
117929
117930
117931
117932
117933
117934
117935
117936
117937
117938
117939
117940
117941
117942
117943
117944
117945
117946
117947
117948
117949
117950
117951
117952
117953
117957
117958
117980
117981
117982
117985
117986
117987
117988
117989
117990
117991
117992
117993
118293
118294
118297
118300
118301
118304
122067
122073
122074
122075
122076
122077
122078
122079
122080
122126
122128
122271
122275
122279
122281
122286
122289
122291
122293
122295
122297
122298
122301
122302
122304
122305
122307
122309
122311
122312
122313
122314
122315
122316
122317
122318
122319
122320
122321
122322
122323
122324
122325
122326
122329
122330
122332
122524
122525
122526
122530
122531
122533
122538
122539
122540
122543
122544
122547
122548
122550
122552
122554
122555
132365
133406
133410
133412
133413
133415
133416
133417
133418
133419
133420
133421
133422
133423
133424
133426
133427
133428
133429
133430
133431
133432
133434
133435
133437
133438
133439
133440
133441
133442
133443
133444
133447
133448
133451
133453
133454
133455
133457
133458
133459
133460
133461
133462
133463
133464
133465
133468
133469
133472
133487
133490
133492
133493
133508
133509
133510
133511
133512
133513
133514
133515
133516
133517
133518
133519
133520
133521
133523
133524
133525
133527
133528
133530
133531
133532
133533
133535
133536
133537
133538
133539
133540
133541
133542
133543
133544
133545
133546
133547
133548
133549
133550
133551
133552
133553
133554
133555
133556
133557
133558
133559
133560
133561
133562
133563
133564
133565
133566
133567
133568
133569
133570
133572
133573
133574
133576
133577
133579
133580
133581
133582
133584
133586
133587
133588
133589
133591
134267
134268
134271
134275
134276
134279
134322
134323
134324
134325
134326
134327
134328
134329
134330
134331
134332
134333
134334
134335
134336
134337
134338
134339
134340
134341
134342
134343
134344
134345
134346
134347
134348
134349
134350
134353
134355
134356
134357
134378
134379
134380
134381
134382
134383
134384
134409
134414
134422
134428
134436
134442
134448
134450
134452
134453
134455
134458
134460
134461
134462
134464
134466
134467
134483
134484
134487
134488
134490
134491
134493
134494
134495
134497
134499
134501
134502
134504
134506
134507
134508
134509
134918
134920
134921
134925
134927
134928
134933
134934
134935
134938
134940
134941
134943
134944
134948
134953
134954
134955
134957
134958
134960
134964
134968
134971
134973
134976
134978
134979
134980
134983
134985
134986
134987
134988
134989
134991
134993
134994
134995
134996
134997
134998
134999
135000
135001
135002
135003
135004
135005
135006
135007
135008
135009
135010
135011
135012
135013
135014
135015
135016
135017
135018
135019
135020
135021
135022
135025
135027
135028
135029
135030
135034
135035
135036
135038
135040
135041
135043
135044
135047
135048
135050
135056
135057
135062
135064
135069
135071
135075
135134
135136
135139
135140
135141
135142
135146
135147
135148
135149
135150
135151
135152
135153
135154
135155
135160
135183
135184
135188
135189
135190
135193
135195
135196
135213
135215
135226
135229
135232
135233
135234
135237
135238
135239
135240
135241
135242
135243
135244
135245
135246
135248
135250
135252
135253
135254
135255
135256
135257
135258
135259
135260
135261
135262
135263
135264
135265
135266
135267
135268
135269
135270
135271
135272
135273
135274
135275
135276
135277
135278
135279
135280
135281
135282
135283
135284
135285
135286
135287
135936
135937
135940
135942
135943
135946
135948
135949
135950
135954
135955
135956
135958
135960
135961
135970
135972
135974
135975
135977
135978
135979
135980
135981
135982
135983
135986
135987
135989
135991
135992
135993
135994
135995
135996
135997
135998
135999
136000
136001
136002
136003
136004
136005
136006
136007
136008
136009
136010
136011
136012
136013
136017
136018
136019
136020
136023
136024
136026
136029
136031
136032
136033
136035
136037
136038
136055
136056
136059
136061
136062
136063
136064
136065
136066
136067
136069
136070
136073
136075
136076
136077
136078
136079
136080
136081
136083
136084
136086
136089
136090
136091
136092
136093
136094
136095
144814
144815
144816
144817
144818
144819
144820
144821
144822
144823
144824
144825
144826
144827
144828
144829
144830
144831
144832
144833
144834
144835
144836
144837
144838
144839
144840
144841
144842
144843
144844
144845
144846
144847
144848
145014
145017
145018
145019
145075
145077
145079
145340
145341
145342
145343
145344
145345
145346
)
;
}
)

// ************************************************************************* //
