/*--------------------------------*- C++ -*----------------------------------*\
| =========                 |                                                 |
| \\      /  F ield         | OpenFOAM: The Open Source CFD Toolbox           |
|  \\    /   O peration     | Version:  4.0                                   |
|   \\  /    A nd           | Web:      www.OpenFOAM.org                      |
|    \\/     M anipulation  |                                                 |
\*---------------------------------------------------------------------------*/
FoamFile
{
    version     2.0;
    format      binary;
    class       cellSet;
    location    "3/polyMesh/sets";
    object      addedCells;
}
// * * * * * * * * * * * * * * * * * * * * * * * * * * * * * * * * * * * * * //


9959
(
166445 
166446 
166447 
166448 
166449 
166450 
166451 
166452 
166453 
166454 
166455 
166456 
166457 
166458 
166459 
166460 
166461 
166462 
166463 
166464 
166465 
166466 
166467 
166468 
166469 
166470 
166471 
166472 
166473 
166474 
166475 
166476 
166477 
166478 
166479 
166480 
166481 
166482 
166483 
166484 
166485 
166486 
166487 
166488 
166489 
166490 
166491 
166492 
166493 
166494 
166495 
166496 
166497 
166498 
166499 
166500 
166501 
166502 
166503 
166504 
166505 
166506 
166507 
166508 
166509 
166510 
166511 
166512 
166513 
166514 
166515 
166516 
166517 
166518 
166519 
166520 
166521 
166522 
166523 
166524 
166525 
166526 
166527 
166528 
166529 
166530 
166531 
166532 
166533 
166534 
166535 
166536 
166537 
166538 
166539 
166540 
166541 
166542 
166543 
166544 
166545 
166546 
166547 
166548 
166549 
166550 
166551 
166552 
166553 
166554 
166555 
166556 
166557 
166558 
166559 
166560 
166561 
166562 
166563 
166564 
166565 
166566 
166567 
166568 
166569 
166570 
166571 
166572 
166573 
166574 
166575 
166576 
166577 
166578 
166579 
166580 
166581 
166582 
166583 
166584 
166585 
166586 
166587 
166588 
166589 
166590 
166591 
166592 
166593 
166594 
166595 
166596 
166597 
166598 
166599 
166600 
166601 
166602 
166603 
166604 
166605 
166606 
166607 
166608 
166609 
166610 
166611 
166612 
166613 
166614 
166615 
166616 
166617 
166618 
166619 
166620 
166621 
166622 
166623 
166624 
166625 
166626 
166627 
166628 
166629 
166630 
166631 
166632 
166633 
166634 
166635 
166636 
166637 
166638 
166639 
166640 
166641 
166642 
166643 
166644 
166645 
166646 
166647 
166648 
166649 
166650 
166651 
166652 
166653 
166654 
166655 
166656 
166657 
166658 
166659 
166660 
166661 
166662 
166663 
166664 
166665 
166666 
166667 
166668 
166669 
166670 
166671 
166672 
166673 
166674 
166675 
166676 
166677 
166678 
166679 
166680 
166681 
166682 
166683 
166684 
166685 
166686 
166687 
166688 
166689 
166690 
166691 
166692 
166693 
166694 
166695 
166696 
166697 
166698 
166699 
166700 
166701 
166702 
166703 
166704 
166705 
166706 
166707 
166708 
166709 
166710 
166711 
166712 
166713 
166714 
166715 
166716 
166717 
166718 
166719 
166720 
166721 
166722 
166723 
166724 
166725 
166726 
166727 
166728 
166729 
166730 
166731 
166732 
166733 
166734 
166735 
166736 
166737 
166738 
166739 
166740 
166741 
166742 
166743 
166744 
166745 
166746 
166747 
166748 
166749 
166750 
166751 
166752 
166753 
166754 
166755 
166756 
166757 
166758 
166759 
166760 
166761 
166762 
166763 
166764 
166765 
166766 
166767 
166768 
166769 
166770 
166771 
166772 
166773 
166774 
166775 
166776 
166777 
166778 
166779 
166780 
166781 
166782 
166783 
166784 
166785 
166786 
166787 
166788 
166789 
166790 
166791 
166792 
166793 
166794 
166795 
166796 
166797 
166798 
166799 
166800 
166801 
166802 
166803 
166804 
166805 
166806 
166807 
166808 
166809 
166810 
166811 
166812 
166813 
166814 
166815 
166816 
166817 
166818 
166819 
166820 
166821 
166822 
166823 
166824 
166825 
166826 
166827 
166828 
166829 
166830 
166831 
166832 
166833 
166834 
166835 
166836 
166837 
166838 
166839 
166840 
166841 
166842 
166843 
166844 
166845 
166846 
166847 
166848 
166849 
166850 
166851 
166852 
166853 
166854 
166855 
166856 
166857 
166858 
166859 
166860 
166861 
166862 
166863 
166864 
166865 
166866 
166867 
166868 
166869 
166870 
166871 
166872 
166873 
166874 
166875 
166876 
166877 
166878 
166879 
166880 
166881 
166882 
166883 
166884 
166885 
166886 
166887 
166888 
166889 
166890 
166891 
166892 
166893 
166894 
166895 
166896 
166897 
166898 
166899 
166900 
166901 
166902 
166903 
166904 
166905 
166906 
166907 
166908 
166909 
166910 
166911 
166912 
166913 
166914 
166915 
166916 
166917 
166918 
166919 
166920 
166921 
166922 
166923 
166924 
166925 
166926 
166927 
166928 
166929 
166930 
166931 
166932 
166933 
166934 
166935 
166936 
166937 
166938 
166939 
166940 
166941 
166942 
166943 
166944 
166945 
166946 
166947 
166948 
166949 
166950 
166951 
166952 
166953 
166954 
166955 
166956 
166957 
166958 
166959 
166960 
166961 
166962 
166963 
166964 
166965 
166966 
166967 
166968 
166969 
166970 
166971 
166972 
166973 
166974 
166975 
166976 
166977 
166978 
166979 
166980 
166981 
166982 
166983 
166984 
166985 
166986 
166987 
166988 
166989 
166990 
166991 
166992 
166993 
166994 
166995 
166996 
166997 
166998 
166999 
167000 
167001 
167002 
167003 
167004 
167005 
167006 
167007 
167008 
167009 
167010 
167011 
167012 
167013 
167014 
167015 
167016 
167017 
167018 
167019 
167020 
167021 
167022 
167023 
167024 
167025 
167026 
167027 
167028 
167029 
167030 
167031 
167032 
167033 
167034 
167035 
167036 
167037 
167038 
167039 
167040 
167041 
167042 
167043 
167044 
167045 
167046 
167047 
167048 
167049 
167050 
167051 
167052 
167053 
167054 
167055 
167056 
167057 
167058 
167059 
167060 
167061 
167062 
167063 
167064 
167065 
167066 
167067 
167068 
167069 
167070 
167071 
167072 
167073 
167074 
167075 
167076 
167077 
167078 
167079 
167080 
167081 
167082 
167083 
167084 
167085 
167086 
167087 
167088 
167089 
167090 
167091 
167092 
167093 
167094 
167095 
167096 
167097 
167098 
167099 
167100 
167101 
167102 
167103 
167104 
167105 
167106 
167107 
167108 
167109 
167110 
167111 
167112 
167113 
167114 
167115 
167116 
167117 
167118 
167119 
167120 
167121 
167122 
167123 
167124 
167125 
167126 
167127 
167128 
167129 
167130 
167131 
167132 
167133 
167134 
167135 
167136 
167137 
167138 
167139 
167140 
167141 
167142 
167143 
167144 
167145 
167146 
167147 
167148 
167149 
167150 
167151 
167152 
167153 
167154 
167155 
167156 
167157 
167158 
167159 
167160 
167161 
167162 
167163 
167164 
167165 
167166 
167167 
167168 
167169 
167170 
167171 
167172 
167173 
167174 
167175 
167176 
167177 
167178 
167179 
167180 
167181 
167182 
167183 
167184 
167185 
167186 
167187 
167188 
167189 
167190 
167191 
167192 
167193 
167194 
167195 
167196 
167197 
167198 
167199 
167200 
167201 
167202 
167203 
167204 
167205 
167206 
167207 
167208 
167209 
167210 
167211 
167212 
167213 
167214 
167215 
167216 
167217 
167218 
167219 
167220 
167221 
167222 
167223 
167224 
167225 
167226 
167227 
167228 
167229 
167230 
167231 
167232 
167233 
167234 
167235 
167236 
167237 
167238 
167239 
167240 
167241 
167242 
167243 
167244 
167245 
167246 
167247 
167248 
167249 
167250 
167251 
167252 
167253 
167254 
167255 
167256 
167257 
167258 
167259 
167260 
167261 
167262 
167263 
167264 
167265 
167266 
167267 
167268 
167269 
167270 
167271 
167272 
167273 
167274 
167275 
167276 
167277 
167278 
167279 
167280 
167281 
167282 
167283 
167284 
167285 
167286 
167287 
167288 
167289 
167290 
167291 
167292 
167293 
167294 
167295 
167296 
167297 
167298 
167299 
167300 
167301 
167302 
167303 
167304 
167305 
167306 
167307 
167308 
167309 
167310 
167311 
167312 
167313 
167314 
167315 
167316 
167317 
167318 
167319 
167320 
167321 
167322 
167323 
167324 
167325 
167326 
167327 
167328 
167329 
167330 
167331 
167332 
167333 
167334 
167335 
167336 
167337 
167338 
167339 
167340 
167341 
167342 
167343 
167344 
167345 
167346 
167347 
167348 
167349 
167350 
167351 
167352 
167353 
167354 
167355 
167356 
167357 
167358 
167359 
167360 
167361 
167362 
167363 
167364 
167365 
167366 
167367 
167368 
167369 
167370 
167371 
167372 
167373 
167374 
167375 
167376 
167377 
167378 
167379 
167380 
167381 
167382 
167383 
167384 
167385 
167386 
167387 
167388 
167389 
167390 
167391 
167392 
167393 
167394 
167395 
167396 
167397 
167398 
167399 
167400 
167401 
167402 
167403 
167404 
167405 
167406 
167407 
167408 
167409 
167410 
167411 
167412 
167413 
167414 
167415 
167416 
167417 
167418 
167419 
167420 
167421 
167422 
167423 
167424 
167425 
167426 
167427 
167428 
167429 
167430 
167431 
167432 
167433 
167434 
167435 
167436 
167437 
167438 
167439 
167440 
167441 
167442 
167443 
167444 
167445 
167446 
167447 
167448 
167449 
167450 
167451 
167452 
167453 
167454 
167455 
167456 
167457 
167458 
167459 
167460 
167461 
167462 
167463 
167464 
167465 
167466 
167467 
167468 
167469 
167470 
167471 
167472 
167473 
167474 
167475 
167476 
167477 
167478 
167479 
167480 
167481 
167482 
167483 
167484 
167485 
167486 
167487 
167488 
167489 
167490 
167491 
167492 
167493 
167494 
167495 
167496 
167497 
167498 
167499 
167500 
167501 
167502 
167503 
167504 
167505 
167506 
167507 
167508 
167509 
167510 
167511 
167512 
167513 
167514 
167515 
167516 
167517 
167518 
167519 
167520 
167521 
167522 
167523 
167524 
167525 
167526 
167527 
167528 
167529 
167530 
167531 
167532 
167533 
167534 
167535 
167536 
167537 
167538 
167539 
167540 
167541 
167542 
167543 
167544 
167545 
167546 
167547 
167548 
167549 
167550 
167551 
167552 
167553 
167554 
167555 
167556 
167557 
167558 
167559 
167560 
167561 
167562 
167563 
167564 
167565 
167566 
167567 
167568 
167569 
167570 
167571 
167572 
167573 
167574 
167575 
167576 
167577 
167578 
167579 
167580 
167581 
167582 
167583 
167584 
167585 
167586 
167587 
167588 
167589 
167590 
167591 
167592 
167593 
167594 
167595 
167596 
167597 
167598 
167599 
167600 
167601 
167602 
167603 
167604 
167605 
167606 
167607 
167608 
167609 
167610 
167611 
167612 
167613 
167614 
167615 
167616 
167617 
167618 
167619 
167620 
167621 
167622 
167623 
167624 
167625 
167626 
167627 
167628 
167629 
167630 
167631 
167632 
167633 
167634 
167635 
167636 
167637 
167638 
167639 
167640 
167641 
167642 
167643 
167644 
167645 
167646 
167647 
167648 
167649 
167650 
167651 
167652 
167653 
167654 
167655 
167656 
167657 
167658 
167659 
167660 
167661 
167662 
167663 
167664 
167665 
167666 
167667 
167668 
167669 
167670 
167671 
167672 
167673 
167674 
167675 
167676 
167677 
167678 
167679 
167680 
167681 
167682 
167683 
167684 
167685 
167686 
167687 
167688 
167689 
167690 
167691 
167692 
167693 
167694 
167695 
167696 
167697 
167698 
167699 
167700 
167701 
167702 
167703 
167704 
167705 
167706 
167707 
167708 
167709 
167710 
167711 
167712 
167713 
167714 
167715 
167716 
167717 
167718 
167719 
167720 
167721 
167722 
167723 
167724 
167725 
167726 
167727 
167728 
167729 
167730 
167731 
167732 
167733 
167734 
167735 
167736 
167737 
167738 
167739 
167740 
167741 
167742 
167743 
167744 
167745 
167746 
167747 
167748 
167749 
167750 
167751 
167752 
167753 
167754 
167755 
167756 
167757 
167758 
167759 
167760 
167761 
167762 
167763 
167764 
167765 
167766 
167767 
167768 
167769 
167770 
167771 
167772 
167773 
167774 
167775 
167776 
167777 
167778 
167779 
167780 
167781 
167782 
167783 
167784 
167785 
167786 
167787 
167788 
167789 
167790 
167791 
167792 
167793 
167794 
167795 
167796 
167797 
167798 
167799 
167800 
167801 
167802 
167803 
167804 
167805 
167806 
167807 
167808 
167809 
167810 
167811 
167812 
167813 
167814 
167815 
167816 
167817 
167818 
167819 
167820 
167821 
167822 
167823 
167824 
167825 
167826 
167827 
167828 
167829 
167830 
167831 
167832 
167833 
167834 
167835 
167836 
167837 
167838 
167839 
167840 
167841 
167842 
167843 
167844 
167845 
167846 
167847 
167848 
167849 
167850 
167851 
167852 
167853 
167854 
167855 
167856 
167857 
167858 
167859 
167860 
167861 
167862 
167863 
167864 
167865 
167866 
167867 
167868 
167869 
167870 
167871 
167872 
167873 
167874 
167875 
167876 
167877 
167878 
167879 
167880 
167881 
167882 
167883 
167884 
167885 
167886 
167887 
167888 
167889 
167890 
167891 
167892 
167893 
167894 
167895 
167896 
167897 
167898 
167899 
167900 
167901 
167902 
167903 
167904 
167905 
167906 
167907 
167908 
167909 
167910 
167911 
167912 
167913 
167914 
167915 
167916 
167917 
167918 
167919 
167920 
167921 
167922 
167923 
167924 
167925 
167926 
167927 
167928 
167929 
167930 
167931 
167932 
167933 
167934 
167935 
167936 
167937 
167938 
167939 
167940 
167941 
167942 
167943 
167944 
167945 
167946 
167947 
167948 
167949 
167950 
167951 
167952 
167953 
167954 
167955 
167956 
167957 
167958 
167959 
167960 
167961 
167962 
167963 
167964 
167965 
167966 
167967 
167968 
167969 
167970 
167971 
167972 
167973 
167974 
167975 
167976 
167977 
167978 
167979 
167980 
167981 
167982 
167983 
167984 
167985 
167986 
167987 
167988 
167989 
167990 
167991 
167992 
167993 
167994 
167995 
167996 
167997 
167998 
167999 
168000 
168001 
168002 
168003 
168004 
168005 
168006 
168007 
168008 
168009 
168010 
168011 
168012 
168013 
168014 
168015 
168016 
168017 
168018 
168019 
168020 
168021 
168022 
168023 
168024 
168025 
168026 
168027 
168028 
168029 
168030 
168031 
168032 
168033 
168034 
168035 
168036 
168037 
168038 
168039 
168040 
168041 
168042 
168043 
168044 
168045 
168046 
168047 
168048 
168049 
168050 
168051 
168052 
168053 
168054 
168055 
168056 
168057 
168058 
168059 
168060 
168061 
168062 
168063 
168064 
168065 
168066 
168067 
168068 
168069 
168070 
168071 
168072 
168073 
168074 
168075 
168076 
168077 
168078 
168079 
168080 
168081 
168082 
168083 
168084 
168085 
168086 
168087 
168088 
168089 
168090 
168091 
168092 
168093 
168094 
168095 
168096 
168097 
168098 
168099 
168100 
168101 
168102 
168103 
168104 
168105 
168106 
168107 
168108 
168109 
168110 
168111 
168112 
168113 
168114 
168115 
168116 
168117 
168118 
168119 
168120 
168121 
168122 
168123 
168124 
168125 
168126 
168127 
168128 
168129 
168130 
168131 
168132 
168133 
168134 
168135 
168136 
168137 
168138 
168139 
168140 
168141 
168142 
168143 
168144 
168145 
168146 
168147 
168148 
168149 
168150 
168151 
168152 
168153 
168154 
168155 
168156 
168157 
168158 
168159 
168160 
168161 
168162 
168163 
168164 
168165 
168166 
168167 
168168 
168169 
168170 
168171 
168172 
168173 
168174 
168175 
168176 
168177 
168178 
168179 
168180 
168181 
168182 
168183 
168184 
168185 
168186 
168187 
168188 
168189 
168190 
168191 
168192 
168193 
168194 
168195 
168196 
168197 
168198 
168199 
168200 
168201 
168202 
168203 
168204 
168205 
168206 
168207 
168208 
168209 
168210 
168211 
168212 
168213 
168214 
168215 
168216 
168217 
168218 
168219 
168220 
168221 
168222 
168223 
168224 
168225 
168226 
168227 
168228 
168229 
168230 
168231 
168232 
168233 
168234 
168235 
168236 
168237 
168238 
168239 
168240 
168241 
168242 
168243 
168244 
168245 
168246 
168247 
168248 
168249 
168250 
168251 
168252 
168253 
168254 
168255 
168256 
168257 
168258 
168259 
168260 
168261 
168262 
168263 
168264 
168265 
168266 
168267 
168268 
168269 
168270 
168271 
168272 
168273 
168274 
168275 
168276 
168277 
168278 
168279 
168280 
168281 
168282 
168283 
168284 
168285 
168286 
168287 
168288 
168289 
168290 
168291 
168292 
168293 
168294 
168295 
168296 
168297 
168298 
168299 
168300 
168301 
168302 
168303 
168304 
168305 
168306 
168307 
168308 
168309 
168310 
168311 
168312 
168313 
168314 
168315 
168316 
168317 
168318 
168319 
168320 
168321 
168322 
168323 
168324 
168325 
168326 
168327 
168328 
168329 
168330 
168331 
168332 
168333 
168334 
168335 
168336 
168337 
168338 
168339 
168340 
168341 
168342 
168343 
168344 
168345 
168346 
168347 
168348 
168349 
168350 
168351 
168352 
168353 
168354 
168355 
168356 
168357 
168358 
168359 
168360 
168361 
168362 
168363 
168364 
168365 
168366 
168367 
168368 
168369 
168370 
168371 
168372 
168373 
168374 
168375 
168376 
168377 
168378 
168379 
168380 
168381 
168382 
168383 
168384 
168385 
168386 
168387 
168388 
168389 
168390 
168391 
168392 
168393 
168394 
168395 
168396 
168397 
168398 
168399 
168400 
168401 
168402 
168403 
168404 
168405 
168406 
168407 
168408 
168409 
168410 
168411 
168412 
168413 
168414 
168415 
168416 
168417 
168418 
168419 
168420 
168421 
168422 
168423 
168424 
168425 
168426 
168427 
168428 
168429 
168430 
168431 
168432 
168433 
168434 
168435 
168436 
168437 
168438 
168439 
168440 
168441 
168442 
168443 
168444 
168445 
168446 
168447 
168448 
168449 
168450 
168451 
168452 
168453 
168454 
168455 
168456 
168457 
168458 
168459 
168460 
168461 
168462 
168463 
168464 
168465 
168466 
168467 
168468 
168469 
168470 
168471 
168472 
168473 
168474 
168475 
168476 
168477 
168478 
168479 
168480 
168481 
168482 
168483 
168484 
168485 
168486 
168487 
168488 
168489 
168490 
168491 
168492 
168493 
168494 
168495 
168496 
168497 
168498 
168499 
168500 
168501 
168502 
168503 
168504 
168505 
168506 
168507 
168508 
168509 
168510 
168511 
168512 
168513 
168514 
168515 
168516 
168517 
168518 
168519 
168520 
168521 
168522 
168523 
168524 
168525 
168526 
168527 
168528 
168529 
168530 
168531 
168532 
168533 
168534 
168535 
168536 
168537 
168538 
168539 
168540 
168541 
168542 
168543 
168544 
168545 
168546 
168547 
168548 
168549 
168550 
168551 
168552 
168553 
168554 
168555 
168556 
168557 
168558 
168559 
168560 
168561 
168562 
168563 
168564 
168565 
168566 
168567 
168568 
168569 
168570 
168571 
168572 
168573 
168574 
168575 
168576 
168577 
168578 
168579 
168580 
168581 
168582 
168583 
168584 
168585 
168586 
168587 
168588 
168589 
168590 
168591 
168592 
168593 
168594 
168595 
168596 
168597 
168598 
168599 
168600 
168601 
168602 
168603 
168604 
168605 
168606 
168607 
168608 
168609 
168610 
168611 
168612 
168613 
168614 
168615 
168616 
168617 
168618 
168619 
168620 
168621 
168622 
168623 
168624 
168625 
168626 
168627 
168628 
168629 
168630 
168631 
168632 
168633 
168634 
168635 
168636 
168637 
168638 
168639 
168640 
168641 
168642 
168643 
168644 
168645 
168646 
168647 
168648 
168649 
168650 
168651 
168652 
168653 
168654 
168655 
168656 
168657 
168658 
168659 
168660 
168661 
168662 
168663 
168664 
168665 
168666 
168667 
168668 
168669 
168670 
168671 
168672 
168673 
168674 
168675 
168676 
168677 
168678 
168679 
168680 
168681 
168682 
168683 
168684 
168685 
168686 
168687 
168688 
168689 
168690 
168691 
168692 
168693 
168694 
168695 
168696 
168697 
168698 
168699 
168700 
168701 
168702 
168703 
168704 
168705 
168706 
168707 
168708 
168709 
168710 
168711 
168712 
168713 
168714 
168715 
168716 
168717 
168718 
168719 
168720 
168721 
168722 
168723 
168724 
168725 
168726 
168727 
168728 
168729 
168730 
168731 
168732 
168733 
168734 
168735 
168736 
168737 
168738 
168739 
168740 
168741 
168742 
168743 
168744 
168745 
168746 
168747 
168748 
168749 
168750 
168751 
168752 
168753 
168754 
168755 
168756 
168757 
168758 
168759 
168760 
168761 
168762 
168763 
168764 
168765 
168766 
168767 
168768 
168769 
168770 
168771 
168772 
168773 
168774 
168775 
168776 
168777 
168778 
168779 
168780 
168781 
168782 
168783 
168784 
168785 
168786 
168787 
168788 
168789 
168790 
168791 
168792 
168793 
168794 
168795 
168796 
168797 
168798 
168799 
168800 
168801 
168802 
168803 
168804 
168805 
168806 
168807 
168808 
168809 
168810 
168811 
168812 
168813 
168814 
168815 
168816 
168817 
168818 
168819 
168820 
168821 
168822 
168823 
168824 
168825 
168826 
168827 
168828 
168829 
168830 
168831 
168832 
168833 
168834 
168835 
168836 
168837 
168838 
168839 
168840 
168841 
168842 
168843 
168844 
168845 
168846 
168847 
168848 
168849 
168850 
168851 
168852 
168853 
168854 
168855 
168856 
168857 
168858 
168859 
168860 
168861 
168862 
168863 
168864 
168865 
168866 
168867 
168868 
168869 
168870 
168871 
168872 
168873 
168874 
168875 
168876 
168877 
168878 
168879 
168880 
168881 
168882 
168883 
168884 
168885 
168886 
168887 
168888 
168889 
168890 
168891 
168892 
168893 
168894 
168895 
168896 
168897 
168898 
168899 
168900 
168901 
168902 
168903 
168904 
168905 
168906 
168907 
168908 
168909 
168910 
168911 
168912 
168913 
168914 
168915 
168916 
168917 
168918 
168919 
168920 
168921 
168922 
168923 
168924 
168925 
168926 
168927 
168928 
168929 
168930 
168931 
168932 
168933 
168934 
168935 
168936 
168937 
168938 
168939 
168940 
168941 
168942 
168943 
168944 
168945 
168946 
168947 
168948 
168949 
168950 
168951 
168952 
168953 
168954 
168955 
168956 
168957 
168958 
168959 
168960 
168961 
168962 
168963 
168964 
168965 
168966 
168967 
168968 
168969 
168970 
168971 
168972 
168973 
168974 
168975 
168976 
168977 
168978 
168979 
168980 
168981 
168982 
168983 
168984 
168985 
168986 
168987 
168988 
168989 
168990 
168991 
168992 
168993 
168994 
168995 
168996 
168997 
168998 
168999 
169000 
169001 
169002 
169003 
169004 
169005 
169006 
169007 
169008 
169009 
169010 
169011 
169012 
169013 
169014 
169015 
169016 
169017 
169018 
169019 
169020 
169021 
169022 
169023 
169024 
169025 
169026 
169027 
169028 
169029 
169030 
169031 
169032 
169033 
169034 
169035 
169036 
169037 
169038 
169039 
169040 
169041 
169042 
169043 
169044 
169045 
169046 
169047 
169048 
169049 
169050 
169051 
169052 
169053 
169054 
169055 
169056 
169057 
169058 
169059 
169060 
169061 
169062 
169063 
169064 
169065 
169066 
169067 
169068 
169069 
169070 
169071 
169072 
169073 
169074 
169075 
169076 
169077 
169078 
169079 
169080 
169081 
169082 
169083 
169084 
169085 
169086 
169087 
169088 
169089 
169090 
169091 
169092 
169093 
169094 
169095 
169096 
169097 
169098 
169099 
169100 
169101 
169102 
169103 
169104 
169105 
169106 
169107 
169108 
169109 
169110 
169111 
169112 
169113 
169114 
169115 
169116 
169117 
169118 
169119 
169120 
169121 
169122 
169123 
169124 
169125 
169126 
169127 
169128 
169129 
169130 
169131 
169132 
169133 
169134 
169135 
169136 
169137 
169138 
169139 
169140 
169141 
169142 
169143 
169144 
169145 
169146 
169147 
169148 
169149 
169150 
169151 
169152 
169153 
169154 
169155 
169156 
169157 
169158 
169159 
169160 
169161 
169162 
169163 
169164 
169165 
169166 
169167 
169168 
169169 
169170 
169171 
169172 
169173 
169174 
169175 
169176 
169177 
169178 
169179 
169180 
169181 
169182 
169183 
169184 
169185 
169186 
169187 
169188 
169189 
169190 
169191 
169192 
169193 
169194 
169195 
169196 
169197 
169198 
169199 
169200 
169201 
169202 
169203 
169204 
169205 
169206 
169207 
169208 
169209 
169210 
169211 
169212 
169213 
169214 
169215 
169216 
169217 
169218 
169219 
169220 
169221 
169222 
169223 
169224 
169225 
169226 
169227 
169228 
169229 
169230 
169231 
169232 
169233 
169234 
169235 
169236 
169237 
169238 
169239 
169240 
169241 
169242 
169243 
169244 
169245 
169246 
169247 
169248 
169249 
169250 
169251 
169252 
169253 
169254 
169255 
169256 
169257 
169258 
169259 
169260 
169261 
169262 
169263 
169264 
169265 
169266 
169267 
169268 
169269 
169270 
169271 
169272 
169273 
169274 
169275 
169276 
169277 
169278 
169279 
169280 
169281 
169282 
169283 
169284 
169285 
169286 
169287 
169288 
169289 
169290 
169291 
169292 
169293 
169294 
169295 
169296 
169297 
169298 
169299 
169300 
169301 
169302 
169303 
169304 
169305 
169306 
169307 
169308 
169309 
169310 
169311 
169312 
169313 
169314 
169315 
169316 
169317 
169318 
169319 
169320 
169321 
169322 
169323 
169324 
169325 
169326 
169327 
169328 
169329 
169330 
169331 
169332 
169333 
169334 
169335 
169336 
169337 
169338 
169339 
169340 
169341 
169342 
169343 
169344 
169345 
169346 
169347 
169348 
169349 
169350 
169351 
169352 
169353 
169354 
169355 
169356 
169357 
169358 
169359 
169360 
169361 
169362 
169363 
169364 
169365 
169366 
169367 
169368 
169369 
169370 
169371 
169372 
169373 
169374 
169375 
169376 
169377 
169378 
169379 
169380 
169381 
169382 
169383 
169384 
169385 
169386 
169387 
169388 
169389 
169390 
169391 
169392 
169393 
169394 
169395 
169396 
169397 
169398 
169399 
169400 
169401 
169402 
169403 
169404 
169405 
169406 
169407 
169408 
169409 
169410 
169411 
169412 
169413 
169414 
169415 
169416 
169417 
169418 
169419 
169420 
169421 
169422 
169423 
169424 
169425 
169426 
169427 
169428 
169429 
169430 
169431 
169432 
169433 
169434 
169435 
169436 
169437 
169438 
169439 
169440 
169441 
169442 
169443 
169444 
169445 
169446 
169447 
169448 
169449 
169450 
169451 
169452 
169453 
169454 
169455 
169456 
169457 
169458 
169459 
169460 
169461 
169462 
169463 
169464 
169465 
169466 
169467 
169468 
169469 
169470 
169471 
169472 
169473 
169474 
169475 
169476 
169477 
169478 
169479 
169480 
169481 
169482 
169483 
169484 
169485 
169486 
169487 
169488 
169489 
169490 
169491 
169492 
169493 
169494 
169495 
169496 
169497 
169498 
169499 
169500 
169501 
169502 
169503 
169504 
169505 
169506 
169507 
169508 
169509 
169510 
169511 
169512 
169513 
169514 
169515 
169516 
169517 
169518 
169519 
169520 
169521 
169522 
169523 
169524 
169525 
169526 
169527 
169528 
169529 
169530 
169531 
169532 
169533 
169534 
169535 
169536 
169537 
169538 
169539 
169540 
169541 
169542 
169543 
169544 
169545 
169546 
169547 
169548 
169549 
169550 
169551 
169552 
169553 
169554 
169555 
169556 
169557 
169558 
169559 
169560 
169561 
169562 
169563 
169564 
169565 
169566 
169567 
169568 
169569 
169570 
169571 
169572 
169573 
169574 
169575 
169576 
169577 
169578 
169579 
169580 
169581 
169582 
169583 
169584 
169585 
169586 
169587 
169588 
169589 
169590 
169591 
169592 
169593 
169594 
169595 
169596 
169597 
169598 
169599 
169600 
169601 
169602 
169603 
169604 
169605 
169606 
169607 
169608 
169609 
169610 
169611 
169612 
169613 
169614 
169615 
169616 
169617 
169618 
169619 
169620 
169621 
169622 
169623 
169624 
169625 
169626 
169627 
169628 
169629 
169630 
169631 
169632 
169633 
169634 
169635 
169636 
169637 
169638 
169639 
169640 
169641 
169642 
169643 
169644 
169645 
169646 
169647 
169648 
169649 
169650 
169651 
169652 
169653 
169654 
169655 
169656 
169657 
169658 
169659 
169660 
169661 
169662 
169663 
169664 
169665 
169666 
169667 
169668 
169669 
169670 
169671 
169672 
169673 
169674 
169675 
169676 
169677 
169678 
169679 
169680 
169681 
169682 
169683 
169684 
169685 
169686 
169687 
169688 
169689 
169690 
169691 
169692 
169693 
169694 
169695 
169696 
169697 
169698 
169699 
169700 
169701 
169702 
169703 
169704 
169705 
169706 
169707 
169708 
169709 
169710 
169711 
169712 
169713 
169714 
169715 
169716 
169717 
169718 
169719 
169720 
169721 
169722 
169723 
169724 
169725 
169726 
169727 
169728 
169729 
169730 
169731 
169732 
169733 
169734 
169735 
169736 
169737 
169738 
169739 
169740 
169741 
169742 
169743 
169744 
169745 
169746 
169747 
169748 
169749 
169750 
169751 
169752 
169753 
169754 
169755 
169756 
169757 
169758 
169759 
169760 
169761 
169762 
169763 
169764 
169765 
169766 
169767 
169768 
169769 
169770 
169771 
169772 
169773 
169774 
169775 
169776 
169777 
169778 
169779 
169780 
169781 
169782 
169783 
169784 
169785 
169786 
169787 
169788 
169789 
169790 
169791 
169792 
169793 
169794 
169795 
169796 
169797 
169798 
169799 
169800 
169801 
169802 
169803 
169804 
169805 
169806 
169807 
169808 
169809 
169810 
169811 
169812 
169813 
169814 
169815 
169816 
169817 
169818 
169819 
169820 
169821 
169822 
169823 
169824 
169825 
169826 
169827 
169828 
169829 
169830 
169831 
169832 
169833 
169834 
169835 
169836 
169837 
169838 
169839 
169840 
169841 
169842 
169843 
169844 
169845 
169846 
169847 
169848 
169849 
169850 
169851 
169852 
169853 
169854 
169855 
169856 
169857 
169858 
169859 
169860 
169861 
169862 
169863 
169864 
169865 
169866 
169867 
169868 
169869 
169870 
169871 
169872 
169873 
169874 
169875 
169876 
169877 
169878 
169879 
169880 
169881 
169882 
169883 
169884 
169885 
169886 
169887 
169888 
169889 
169890 
169891 
169892 
169893 
169894 
169895 
169896 
169897 
169898 
169899 
169900 
169901 
169902 
169903 
169904 
169905 
169906 
169907 
169908 
169909 
169910 
169911 
169912 
169913 
169914 
169915 
169916 
169917 
169918 
169919 
169920 
169921 
169922 
169923 
169924 
169925 
169926 
169927 
169928 
169929 
169930 
169931 
169932 
169933 
169934 
169935 
169936 
169937 
169938 
169939 
169940 
169941 
169942 
169943 
169944 
169945 
169946 
169947 
169948 
169949 
169950 
169951 
169952 
169953 
169954 
169955 
169956 
169957 
169958 
169959 
169960 
169961 
169962 
169963 
169964 
169965 
169966 
169967 
169968 
169969 
169970 
169971 
169972 
169973 
169974 
169975 
169976 
169977 
169978 
169979 
169980 
169981 
169982 
169983 
169984 
169985 
169986 
169987 
169988 
169989 
169990 
169991 
169992 
169993 
169994 
169995 
169996 
169997 
169998 
169999 
170000 
170001 
170002 
170003 
170004 
170005 
170006 
170007 
170008 
170009 
170010 
170011 
170012 
170013 
170014 
170015 
170016 
170017 
170018 
170019 
170020 
170021 
170022 
170023 
170024 
170025 
170026 
170027 
170028 
170029 
170030 
170031 
170032 
170033 
170034 
170035 
170036 
170037 
170038 
170039 
170040 
170041 
170042 
170043 
170044 
170045 
170046 
170047 
170048 
170049 
170050 
170051 
170052 
170053 
170054 
170055 
170056 
170057 
170058 
170059 
170060 
170061 
170062 
170063 
170064 
170065 
170066 
170067 
170068 
170069 
170070 
170071 
170072 
170073 
170074 
170075 
170076 
170077 
170078 
170079 
170080 
170081 
170082 
170083 
170084 
170085 
170086 
170087 
170088 
170089 
170090 
170091 
170092 
170093 
170094 
170095 
170096 
170097 
170098 
170099 
170100 
170101 
170102 
170103 
170104 
170105 
170106 
170107 
170108 
170109 
170110 
170111 
170112 
170113 
170114 
170115 
170116 
170117 
170118 
170119 
170120 
170121 
170122 
170123 
170124 
170125 
170126 
170127 
170128 
170129 
170130 
170131 
170132 
170133 
170134 
170135 
170136 
170137 
170138 
170139 
170140 
170141 
170142 
170143 
170144 
170145 
170146 
170147 
170148 
170149 
170150 
170151 
170152 
170153 
170154 
170155 
170156 
170157 
170158 
170159 
170160 
170161 
170162 
170163 
170164 
170165 
170166 
170167 
170168 
170169 
170170 
170171 
170172 
170173 
170174 
170175 
170176 
170177 
170178 
170179 
170180 
170181 
170182 
170183 
170184 
170185 
170186 
170187 
170188 
170189 
170190 
170191 
170192 
170193 
170194 
170195 
170196 
170197 
170198 
170199 
170200 
170201 
170202 
170203 
170204 
170205 
170206 
170207 
170208 
170209 
170210 
170211 
170212 
170213 
170214 
170215 
170216 
170217 
170218 
170219 
170220 
170221 
170222 
170223 
170224 
170225 
170226 
170227 
170228 
170229 
170230 
170231 
170232 
170233 
170234 
170235 
170236 
170237 
170238 
170239 
170240 
170241 
170242 
170243 
170244 
170245 
170246 
170247 
170248 
170249 
170250 
170251 
170252 
170253 
170254 
170255 
170256 
170257 
170258 
170259 
170260 
170261 
170262 
170263 
170264 
170265 
170266 
170267 
170268 
170269 
170270 
170271 
170272 
170273 
170274 
170275 
170276 
170277 
170278 
170279 
170280 
170281 
170282 
170283 
170284 
170285 
170286 
170287 
170288 
170289 
170290 
170291 
170292 
170293 
170294 
170295 
170296 
170297 
170298 
170299 
170300 
170301 
170302 
170303 
170304 
170305 
170306 
170307 
170308 
170309 
170310 
170311 
170312 
170313 
170314 
170315 
170316 
170317 
170318 
170319 
170320 
170321 
170322 
170323 
170324 
170325 
170326 
170327 
170328 
170329 
170330 
170331 
170332 
170333 
170334 
170335 
170336 
170337 
170338 
170339 
170340 
170341 
170342 
170343 
170344 
170345 
170346 
170347 
170348 
170349 
170350 
170351 
170352 
170353 
170354 
170355 
170356 
170357 
170358 
170359 
170360 
170361 
170362 
170363 
170364 
170365 
170366 
170367 
170368 
170369 
170370 
170371 
170372 
170373 
170374 
170375 
170376 
170377 
170378 
170379 
170380 
170381 
170382 
170383 
170384 
170385 
170386 
170387 
170388 
170389 
170390 
170391 
170392 
170393 
170394 
170395 
170396 
170397 
170398 
170399 
170400 
170401 
170402 
170403 
170404 
170405 
170406 
170407 
170408 
170409 
170410 
170411 
170412 
170413 
170414 
170415 
170416 
170417 
170418 
170419 
170420 
170421 
170422 
170423 
170424 
170425 
170426 
170427 
170428 
170429 
170430 
170431 
170432 
170433 
170434 
170435 
170436 
170437 
170438 
170439 
170440 
170441 
170442 
170443 
170444 
170445 
170446 
170447 
170448 
170449 
170450 
170451 
170452 
170453 
170454 
170455 
170456 
170457 
170458 
170459 
170460 
170461 
170462 
170463 
170464 
170465 
170466 
170467 
170468 
170469 
170470 
170471 
170472 
170473 
170474 
170475 
170476 
170477 
170478 
170479 
170480 
170481 
170482 
170483 
170484 
170485 
170486 
170487 
170488 
170489 
170490 
170491 
170492 
170493 
170494 
170495 
170496 
170497 
170498 
170499 
170500 
170501 
170502 
170503 
170504 
170505 
170506 
170507 
170508 
170509 
170510 
170511 
170512 
170513 
170514 
170515 
170516 
170517 
170518 
170519 
170520 
170521 
170522 
170523 
170524 
170525 
170526 
170527 
170528 
170529 
170530 
170531 
170532 
170533 
170534 
170535 
170536 
170537 
170538 
170539 
170540 
170541 
170542 
170543 
170544 
170545 
170546 
170547 
170548 
170549 
170550 
170551 
170552 
170553 
170554 
170555 
170556 
170557 
170558 
170559 
170560 
170561 
170562 
170563 
170564 
170565 
170566 
170567 
170568 
170569 
170570 
170571 
170572 
170573 
170574 
170575 
170576 
170577 
170578 
170579 
170580 
170581 
170582 
170583 
170584 
170585 
170586 
170587 
170588 
170589 
170590 
170591 
170592 
170593 
170594 
170595 
170596 
170597 
170598 
170599 
170600 
170601 
170602 
170603 
170604 
170605 
170606 
170607 
170608 
170609 
170610 
170611 
170612 
170613 
170614 
170615 
170616 
170617 
170618 
170619 
170620 
170621 
170622 
170623 
170624 
170625 
170626 
170627 
170628 
170629 
170630 
170631 
170632 
170633 
170634 
170635 
170636 
170637 
170638 
170639 
170640 
170641 
170642 
170643 
170644 
170645 
170646 
170647 
170648 
170649 
170650 
170651 
170652 
170653 
170654 
170655 
170656 
170657 
170658 
170659 
170660 
170661 
170662 
170663 
170664 
170665 
170666 
170667 
170668 
170669 
170670 
170671 
170672 
170673 
170674 
170675 
170676 
170677 
170678 
170679 
170680 
170681 
170682 
170683 
170684 
170685 
170686 
170687 
170688 
170689 
170690 
170691 
170692 
170693 
170694 
170695 
170696 
170697 
170698 
170699 
170700 
170701 
170702 
170703 
170704 
170705 
170706 
170707 
170708 
170709 
170710 
170711 
170712 
170713 
170714 
170715 
170716 
170717 
170718 
170719 
170720 
170721 
170722 
170723 
170724 
170725 
170726 
170727 
170728 
170729 
170730 
170731 
170732 
170733 
170734 
170735 
170736 
170737 
170738 
170739 
170740 
170741 
170742 
170743 
170744 
170745 
170746 
170747 
170748 
170749 
170750 
170751 
170752 
170753 
170754 
170755 
170756 
170757 
170758 
170759 
170760 
170761 
170762 
170763 
170764 
170765 
170766 
170767 
170768 
170769 
170770 
170771 
170772 
170773 
170774 
170775 
170776 
170777 
170778 
170779 
170780 
170781 
170782 
170783 
170784 
170785 
170786 
170787 
170788 
170789 
170790 
170791 
170792 
170793 
170794 
170795 
170796 
170797 
170798 
170799 
170800 
170801 
170802 
170803 
170804 
170805 
170806 
170807 
170808 
170809 
170810 
170811 
170812 
170813 
170814 
170815 
170816 
170817 
170818 
170819 
170820 
170821 
170822 
170823 
170824 
170825 
170826 
170827 
170828 
170829 
170830 
170831 
170832 
170833 
170834 
170835 
170836 
170837 
170838 
170839 
170840 
170841 
170842 
170843 
170844 
170845 
170846 
170847 
170848 
170849 
170850 
170851 
170852 
170853 
170854 
170855 
170856 
170857 
170858 
170859 
170860 
170861 
170862 
170863 
170864 
170865 
170866 
170867 
170868 
170869 
170870 
170871 
170872 
170873 
170874 
170875 
170876 
170877 
170878 
170879 
170880 
170881 
170882 
170883 
170884 
170885 
170886 
170887 
170888 
170889 
170890 
170891 
170892 
170893 
170894 
170895 
170896 
170897 
170898 
170899 
170900 
170901 
170902 
170903 
170904 
170905 
170906 
170907 
170908 
170909 
170910 
170911 
170912 
170913 
170914 
170915 
170916 
170917 
170918 
170919 
170920 
170921 
170922 
170923 
170924 
170925 
170926 
170927 
170928 
170929 
170930 
170931 
170932 
170933 
170934 
170935 
170936 
170937 
170938 
170939 
170940 
170941 
170942 
170943 
170944 
170945 
170946 
170947 
170948 
170949 
170950 
170951 
170952 
170953 
170954 
170955 
170956 
170957 
170958 
170959 
170960 
170961 
170962 
170963 
170964 
170965 
170966 
170967 
170968 
170969 
170970 
170971 
170972 
170973 
170974 
170975 
170976 
170977 
170978 
170979 
170980 
170981 
170982 
170983 
170984 
170985 
170986 
170987 
170988 
170989 
170990 
170991 
170992 
170993 
170994 
170995 
170996 
170997 
170998 
170999 
171000 
171001 
171002 
171003 
171004 
171005 
171006 
171007 
171008 
171009 
171010 
171011 
171012 
171013 
171014 
171015 
171016 
171017 
171018 
171019 
171020 
171021 
171022 
171023 
171024 
171025 
171026 
171027 
171028 
171029 
171030 
171031 
171032 
171033 
171034 
171035 
171036 
171037 
171038 
171039 
171040 
171041 
171042 
171043 
171044 
171045 
171046 
171047 
171048 
171049 
171050 
171051 
171052 
171053 
171054 
171055 
171056 
171057 
171058 
171059 
171060 
171061 
171062 
171063 
171064 
171065 
171066 
171067 
171068 
171069 
171070 
171071 
171072 
171073 
171074 
171075 
171076 
171077 
171078 
171079 
171080 
171081 
171082 
171083 
171084 
171085 
171086 
171087 
171088 
171089 
171090 
171091 
171092 
171093 
171094 
171095 
171096 
171097 
171098 
171099 
171100 
171101 
171102 
171103 
171104 
171105 
171106 
171107 
171108 
171109 
171110 
171111 
171112 
171113 
171114 
171115 
171116 
171117 
171118 
171119 
171120 
171121 
171122 
171123 
171124 
171125 
171126 
171127 
171128 
171129 
171130 
171131 
171132 
171133 
171134 
171135 
171136 
171137 
171138 
171139 
171140 
171141 
171142 
171143 
171144 
171145 
171146 
171147 
171148 
171149 
171150 
171151 
171152 
171153 
171154 
171155 
171156 
171157 
171158 
171159 
171160 
171161 
171162 
171163 
171164 
171165 
171166 
171167 
171168 
171169 
171170 
171171 
171172 
171173 
171174 
171175 
171176 
171177 
171178 
171179 
171180 
171181 
171182 
171183 
171184 
171185 
171186 
171187 
171188 
171189 
171190 
171191 
171192 
171193 
171194 
171195 
171196 
171197 
171198 
171199 
171200 
171201 
171202 
171203 
171204 
171205 
171206 
171207 
171208 
171209 
171210 
171211 
171212 
171213 
171214 
171215 
171216 
171217 
171218 
171219 
171220 
171221 
171222 
171223 
171224 
171225 
171226 
171227 
171228 
171229 
171230 
171231 
171232 
171233 
171234 
171235 
171236 
171237 
171238 
171239 
171240 
171241 
171242 
171243 
171244 
171245 
171246 
171247 
171248 
171249 
171250 
171251 
171252 
171253 
171254 
171255 
171256 
171257 
171258 
171259 
171260 
171261 
171262 
171263 
171264 
171265 
171266 
171267 
171268 
171269 
171270 
171271 
171272 
171273 
171274 
171275 
171276 
171277 
171278 
171279 
171280 
171281 
171282 
171283 
171284 
171285 
171286 
171287 
171288 
171289 
171290 
171291 
171292 
171293 
171294 
171295 
171296 
171297 
171298 
171299 
171300 
171301 
171302 
171303 
171304 
171305 
171306 
171307 
171308 
171309 
171310 
171311 
171312 
171313 
171314 
171315 
171316 
171317 
171318 
171319 
171320 
171321 
171322 
171323 
171324 
171325 
171326 
171327 
171328 
171329 
171330 
171331 
171332 
171333 
171334 
171335 
171336 
171337 
171338 
171339 
171340 
171341 
171342 
171343 
171344 
171345 
171346 
171347 
171348 
171349 
171350 
171351 
171352 
171353 
171354 
171355 
171356 
171357 
171358 
171359 
171360 
171361 
171362 
171363 
171364 
171365 
171366 
171367 
171368 
171369 
171370 
171371 
171372 
171373 
171374 
171375 
171376 
171377 
171378 
171379 
171380 
171381 
171382 
171383 
171384 
171385 
171386 
171387 
171388 
171389 
171390 
171391 
171392 
171393 
171394 
171395 
171396 
171397 
171398 
171399 
171400 
171401 
171402 
171403 
171404 
171405 
171406 
171407 
171408 
171409 
171410 
171411 
171412 
171413 
171414 
171415 
171416 
171417 
171418 
171419 
171420 
171421 
171422 
171423 
171424 
171425 
171426 
171427 
171428 
171429 
171430 
171431 
171432 
171433 
171434 
171435 
171436 
171437 
171438 
171439 
171440 
171441 
171442 
171443 
171444 
171445 
171446 
171447 
171448 
171449 
171450 
171451 
171452 
171453 
171454 
171455 
171456 
171457 
171458 
171459 
171460 
171461 
171462 
171463 
171464 
171465 
171466 
171467 
171468 
171469 
171470 
171471 
171472 
171473 
171474 
171475 
171476 
171477 
171478 
171479 
171480 
171481 
171482 
171483 
171484 
171485 
171486 
171487 
171488 
171489 
171490 
171491 
171492 
171493 
171494 
171495 
171496 
171497 
171498 
171499 
171500 
171501 
171502 
171503 
171504 
171505 
171506 
171507 
171508 
171509 
171510 
171511 
171512 
171513 
171514 
171515 
171516 
171517 
171518 
171519 
171520 
171521 
171522 
171523 
171524 
171525 
171526 
171527 
171528 
171529 
171530 
171531 
171532 
171533 
171534 
171535 
171536 
171537 
171538 
171539 
171540 
171541 
171542 
171543 
171544 
171545 
171546 
171547 
171548 
171549 
171550 
171551 
171552 
171553 
171554 
171555 
171556 
171557 
171558 
171559 
171560 
171561 
171562 
171563 
171564 
171565 
171566 
171567 
171568 
171569 
171570 
171571 
171572 
171573 
171574 
171575 
171576 
171577 
171578 
171579 
171580 
171581 
171582 
171583 
171584 
171585 
171586 
171587 
171588 
171589 
171590 
171591 
171592 
171593 
171594 
171595 
171596 
171597 
171598 
171599 
171600 
171601 
171602 
171603 
171604 
171605 
171606 
171607 
171608 
171609 
171610 
171611 
171612 
171613 
171614 
171615 
171616 
171617 
171618 
171619 
171620 
171621 
171622 
171623 
171624 
171625 
171626 
171627 
171628 
171629 
171630 
171631 
171632 
171633 
171634 
171635 
171636 
171637 
171638 
171639 
171640 
171641 
171642 
171643 
171644 
171645 
171646 
171647 
171648 
171649 
171650 
171651 
171652 
171653 
171654 
171655 
171656 
171657 
171658 
171659 
171660 
171661 
171662 
171663 
171664 
171665 
171666 
171667 
171668 
171669 
171670 
171671 
171672 
171673 
171674 
171675 
171676 
171677 
171678 
171679 
171680 
171681 
171682 
171683 
171684 
171685 
171686 
171687 
171688 
171689 
171690 
171691 
171692 
171693 
171694 
171695 
171696 
171697 
171698 
171699 
171700 
171701 
171702 
171703 
171704 
171705 
171706 
171707 
171708 
171709 
171710 
171711 
171712 
171713 
171714 
171715 
171716 
171717 
171718 
171719 
171720 
171721 
171722 
171723 
171724 
171725 
171726 
171727 
171728 
171729 
171730 
171731 
171732 
171733 
171734 
171735 
171736 
171737 
171738 
171739 
171740 
171741 
171742 
171743 
171744 
171745 
171746 
171747 
171748 
171749 
171750 
171751 
171752 
171753 
171754 
171755 
171756 
171757 
171758 
171759 
171760 
171761 
171762 
171763 
171764 
171765 
171766 
171767 
171768 
171769 
171770 
171771 
171772 
171773 
171774 
171775 
171776 
171777 
171778 
171779 
171780 
171781 
171782 
171783 
171784 
171785 
171786 
171787 
171788 
171789 
171790 
171791 
171792 
171793 
171794 
171795 
171796 
171797 
171798 
171799 
171800 
171801 
171802 
171803 
171804 
171805 
171806 
171807 
171808 
171809 
171810 
171811 
171812 
171813 
171814 
171815 
171816 
171817 
171818 
171819 
171820 
171821 
171822 
171823 
171824 
171825 
171826 
171827 
171828 
171829 
171830 
171831 
171832 
171833 
171834 
171835 
171836 
171837 
171838 
171839 
171840 
171841 
171842 
171843 
171844 
171845 
171846 
171847 
171848 
171849 
171850 
171851 
171852 
171853 
171854 
171855 
171856 
171857 
171858 
171859 
171860 
171861 
171862 
171863 
171864 
171865 
171866 
171867 
171868 
171869 
171870 
171871 
171872 
171873 
171874 
171875 
171876 
171877 
171878 
171879 
171880 
171881 
171882 
171883 
171884 
171885 
171886 
171887 
171888 
171889 
171890 
171891 
171892 
171893 
171894 
171895 
171896 
171897 
171898 
171899 
171900 
171901 
171902 
171903 
171904 
171905 
171906 
171907 
171908 
171909 
171910 
171911 
171912 
171913 
171914 
171915 
171916 
171917 
171918 
171919 
171920 
171921 
171922 
171923 
171924 
171925 
171926 
171927 
171928 
171929 
171930 
171931 
171932 
171933 
171934 
171935 
171936 
171937 
171938 
171939 
171940 
171941 
171942 
171943 
171944 
171945 
171946 
171947 
171948 
171949 
171950 
171951 
171952 
171953 
171954 
171955 
171956 
171957 
171958 
171959 
171960 
171961 
171962 
171963 
171964 
171965 
171966 
171967 
171968 
171969 
171970 
171971 
171972 
171973 
171974 
171975 
171976 
171977 
171978 
171979 
171980 
171981 
171982 
171983 
171984 
171985 
171986 
171987 
171988 
171989 
171990 
171991 
171992 
171993 
171994 
171995 
171996 
171997 
171998 
171999 
172000 
172001 
172002 
172003 
172004 
172005 
172006 
172007 
172008 
172009 
172010 
172011 
172012 
172013 
172014 
172015 
172016 
172017 
172018 
172019 
172020 
172021 
172022 
172023 
172024 
172025 
172026 
172027 
172028 
172029 
172030 
172031 
172032 
172033 
172034 
172035 
172036 
172037 
172038 
172039 
172040 
172041 
172042 
172043 
172044 
172045 
172046 
172047 
172048 
172049 
172050 
172051 
172052 
172053 
172054 
172055 
172056 
172057 
172058 
172059 
172060 
172061 
172062 
172063 
172064 
172065 
172066 
172067 
172068 
172069 
172070 
172071 
172072 
172073 
172074 
172075 
172076 
172077 
172078 
172079 
172080 
172081 
172082 
172083 
172084 
172085 
172086 
172087 
172088 
172089 
172090 
172091 
172092 
172093 
172094 
172095 
172096 
172097 
172098 
172099 
172100 
172101 
172102 
172103 
172104 
172105 
172106 
172107 
172108 
172109 
172110 
172111 
172112 
172113 
172114 
172115 
172116 
172117 
172118 
172119 
172120 
172121 
172122 
172123 
172124 
172125 
172126 
172127 
172128 
172129 
172130 
172131 
172132 
172133 
172134 
172135 
172136 
172137 
172138 
172139 
172140 
172141 
172142 
172143 
172144 
172145 
172146 
172147 
172148 
172149 
172150 
172151 
172152 
172153 
172154 
172155 
172156 
172157 
172158 
172159 
172160 
172161 
172162 
172163 
172164 
172165 
172166 
172167 
172168 
172169 
172170 
172171 
172172 
172173 
172174 
172175 
172176 
172177 
172178 
172179 
172180 
172181 
172182 
172183 
172184 
172185 
172186 
172187 
172188 
172189 
172190 
172191 
172192 
172193 
172194 
172195 
172196 
172197 
172198 
172199 
172200 
172201 
172202 
172203 
172204 
172205 
172206 
172207 
172208 
172209 
172210 
172211 
172212 
172213 
172214 
172215 
172216 
172217 
172218 
172219 
172220 
172221 
172222 
172223 
172224 
172225 
172226 
172227 
172228 
172229 
172230 
172231 
172232 
172233 
172234 
172235 
172236 
172237 
172238 
172239 
172240 
172241 
172242 
172243 
172244 
172245 
172246 
172247 
172248 
172249 
172250 
172251 
172252 
172253 
172254 
172255 
172256 
172257 
172258 
172259 
172260 
172261 
172262 
172263 
172264 
172265 
172266 
172267 
172268 
172269 
172270 
172271 
172272 
172273 
172274 
172275 
172276 
172277 
172278 
172279 
172280 
172281 
172282 
172283 
172284 
172285 
172286 
172287 
172288 
172289 
172290 
172291 
172292 
172293 
172294 
172295 
172296 
172297 
172298 
172299 
172300 
172301 
172302 
172303 
172304 
172305 
172306 
172307 
172308 
172309 
172310 
172311 
172312 
172313 
172314 
172315 
172316 
172317 
172318 
172319 
172320 
172321 
172322 
172323 
172324 
172325 
172326 
172327 
172328 
172329 
172330 
172331 
172332 
172333 
172334 
172335 
172336 
172337 
172338 
172339 
172340 
172341 
172342 
172343 
172344 
172345 
172346 
172347 
172348 
172349 
172350 
172351 
172352 
172353 
172354 
172355 
172356 
172357 
172358 
172359 
172360 
172361 
172362 
172363 
172364 
172365 
172366 
172367 
172368 
172369 
172370 
172371 
172372 
172373 
172374 
172375 
172376 
172377 
172378 
172379 
172380 
172381 
172382 
172383 
172384 
172385 
172386 
172387 
172388 
172389 
172390 
172391 
172392 
172393 
172394 
172395 
172396 
172397 
172398 
172399 
172400 
172401 
172402 
172403 
172404 
172405 
172406 
172407 
172408 
172409 
172410 
172411 
172412 
172413 
172414 
172415 
172416 
172417 
172418 
172419 
172420 
172421 
172422 
172423 
172424 
172425 
172426 
172427 
172428 
172429 
172430 
172431 
172432 
172433 
172434 
172435 
172436 
172437 
172438 
172439 
172440 
172441 
172442 
172443 
172444 
172445 
172446 
172447 
172448 
172449 
172450 
172451 
172452 
172453 
172454 
172455 
172456 
172457 
172458 
172459 
172460 
172461 
172462 
172463 
172464 
172465 
172466 
172467 
172468 
172469 
172470 
172471 
172472 
172473 
172474 
172475 
172476 
172477 
172478 
172479 
172480 
172481 
172482 
172483 
172484 
172485 
172486 
172487 
172488 
172489 
172490 
172491 
172492 
172493 
172494 
172495 
172496 
172497 
172498 
172499 
172500 
172501 
172502 
172503 
172504 
172505 
172506 
172507 
172508 
172509 
172510 
172511 
172512 
172513 
172514 
172515 
172516 
172517 
172518 
172519 
172520 
172521 
172522 
172523 
172524 
172525 
172526 
172527 
172528 
172529 
172530 
172531 
172532 
172533 
172534 
172535 
172536 
172537 
172538 
172539 
172540 
172541 
172542 
172543 
172544 
172545 
172546 
172547 
172548 
172549 
172550 
172551 
172552 
172553 
172554 
172555 
172556 
172557 
172558 
172559 
172560 
172561 
172562 
172563 
172564 
172565 
172566 
172567 
172568 
172569 
172570 
172571 
172572 
172573 
172574 
172575 
172576 
172577 
172578 
172579 
172580 
172581 
172582 
172583 
172584 
172585 
172586 
172587 
172588 
172589 
172590 
172591 
172592 
172593 
172594 
172595 
172596 
172597 
172598 
172599 
172600 
172601 
172602 
172603 
172604 
172605 
172606 
172607 
172608 
172609 
172610 
172611 
172612 
172613 
172614 
172615 
172616 
172617 
172618 
172619 
172620 
172621 
172622 
172623 
172624 
172625 
172626 
172627 
172628 
172629 
172630 
172631 
172632 
172633 
172634 
172635 
172636 
172637 
172638 
172639 
172640 
172641 
172642 
172643 
172644 
172645 
172646 
172647 
172648 
172649 
172650 
172651 
172652 
172653 
172654 
172655 
172656 
172657 
172658 
172659 
172660 
172661 
172662 
172663 
172664 
172665 
172666 
172667 
172668 
172669 
172670 
172671 
172672 
172673 
172674 
172675 
172676 
172677 
172678 
172679 
172680 
172681 
172682 
172683 
172684 
172685 
172686 
172687 
172688 
172689 
172690 
172691 
172692 
172693 
172694 
172695 
172696 
172697 
172698 
172699 
172700 
172701 
172702 
172703 
172704 
172705 
172706 
172707 
172708 
172709 
172710 
172711 
172712 
172713 
172714 
172715 
172716 
172717 
172718 
172719 
172720 
172721 
172722 
172723 
172724 
172725 
172726 
172727 
172728 
172729 
172730 
172731 
172732 
172733 
172734 
172735 
172736 
172737 
172738 
172739 
172740 
172741 
172742 
172743 
172744 
172745 
172746 
172747 
172748 
172749 
172750 
172751 
172752 
172753 
172754 
172755 
172756 
172757 
172758 
172759 
172760 
172761 
172762 
172763 
172764 
172765 
172766 
172767 
172768 
172769 
172770 
172771 
172772 
172773 
172774 
172775 
172776 
172777 
172778 
172779 
172780 
172781 
172782 
172783 
172784 
172785 
172786 
172787 
172788 
172789 
172790 
172791 
172792 
172793 
172794 
172795 
172796 
172797 
172798 
172799 
172800 
172801 
172802 
172803 
172804 
172805 
172806 
172807 
172808 
172809 
172810 
172811 
172812 
172813 
172814 
172815 
172816 
172817 
172818 
172819 
172820 
172821 
172822 
172823 
172824 
172825 
172826 
172827 
172828 
172829 
172830 
172831 
172832 
172833 
172834 
172835 
172836 
172837 
172838 
172839 
172840 
172841 
172842 
172843 
172844 
172845 
172846 
172847 
172848 
172849 
172850 
172851 
172852 
172853 
172854 
172855 
172856 
172857 
172858 
172859 
172860 
172861 
172862 
172863 
172864 
172865 
172866 
172867 
172868 
172869 
172870 
172871 
172872 
172873 
172874 
172875 
172876 
172877 
172878 
172879 
172880 
172881 
172882 
172883 
172884 
172885 
172886 
172887 
172888 
172889 
172890 
172891 
172892 
172893 
172894 
172895 
172896 
172897 
172898 
172899 
172900 
172901 
172902 
172903 
172904 
172905 
172906 
172907 
172908 
172909 
172910 
172911 
172912 
172913 
172914 
172915 
172916 
172917 
172918 
172919 
172920 
172921 
172922 
172923 
172924 
172925 
172926 
172927 
172928 
172929 
172930 
172931 
172932 
172933 
172934 
172935 
172936 
172937 
172938 
172939 
172940 
172941 
172942 
172943 
172944 
172945 
172946 
172947 
172948 
172949 
172950 
172951 
172952 
172953 
172954 
172955 
172956 
172957 
172958 
172959 
172960 
172961 
172962 
172963 
172964 
172965 
172966 
172967 
172968 
172969 
172970 
172971 
172972 
172973 
172974 
172975 
172976 
172977 
172978 
172979 
172980 
172981 
172982 
172983 
172984 
172985 
172986 
172987 
172988 
172989 
172990 
172991 
172992 
172993 
172994 
172995 
172996 
172997 
172998 
172999 
173000 
173001 
173002 
173003 
173004 
173005 
173006 
173007 
173008 
173009 
173010 
173011 
173012 
173013 
173014 
173015 
173016 
173017 
173018 
173019 
173020 
173021 
173022 
173023 
173024 
173025 
173026 
173027 
173028 
173029 
173030 
173031 
173032 
173033 
173034 
173035 
173036 
173037 
173038 
173039 
173040 
173041 
173042 
173043 
173044 
173045 
173046 
173047 
173048 
173049 
173050 
173051 
173052 
173053 
173054 
173055 
173056 
173057 
173058 
173059 
173060 
173061 
173062 
173063 
173064 
173065 
173066 
173067 
173068 
173069 
173070 
173071 
173072 
173073 
173074 
173075 
173076 
173077 
173078 
173079 
173080 
173081 
173082 
173083 
173084 
173085 
173086 
173087 
173088 
173089 
173090 
173091 
173092 
173093 
173094 
173095 
173096 
173097 
173098 
173099 
173100 
173101 
173102 
173103 
173104 
173105 
173106 
173107 
173108 
173109 
173110 
173111 
173112 
173113 
173114 
173115 
173116 
173117 
173118 
173119 
173120 
173121 
173122 
173123 
173124 
173125 
173126 
173127 
173128 
173129 
173130 
173131 
173132 
173133 
173134 
173135 
173136 
173137 
173138 
173139 
173140 
173141 
173142 
173143 
173144 
173145 
173146 
173147 
173148 
173149 
173150 
173151 
173152 
173153 
173154 
173155 
173156 
173157 
173158 
173159 
173160 
173161 
173162 
173163 
173164 
173165 
173166 
173167 
173168 
173169 
173170 
173171 
173172 
173173 
173174 
173175 
173176 
173177 
173178 
173179 
173180 
173181 
173182 
173183 
173184 
173185 
173186 
173187 
173188 
173189 
173190 
173191 
173192 
173193 
173194 
173195 
173196 
173197 
173198 
173199 
173200 
173201 
173202 
173203 
173204 
173205 
173206 
173207 
173208 
173209 
173210 
173211 
173212 
173213 
173214 
173215 
173216 
173217 
173218 
173219 
173220 
173221 
173222 
173223 
173224 
173225 
173226 
173227 
173228 
173229 
173230 
173231 
173232 
173233 
173234 
173235 
173236 
173237 
173238 
173239 
173240 
173241 
173242 
173243 
173244 
173245 
173246 
173247 
173248 
173249 
173250 
173251 
173252 
173253 
173254 
173255 
173256 
173257 
173258 
173259 
173260 
173261 
173262 
173263 
173264 
173265 
173266 
173267 
173268 
173269 
173270 
173271 
173272 
173273 
173274 
173275 
173276 
173277 
173278 
173279 
173280 
173281 
173282 
173283 
173284 
173285 
173286 
173287 
173288 
173289 
173290 
173291 
173292 
173293 
173294 
173295 
173296 
173297 
173298 
173299 
173300 
173301 
173302 
173303 
173304 
173305 
173306 
173307 
173308 
173309 
173310 
173311 
173312 
173313 
173314 
173315 
173316 
173317 
173318 
173319 
173320 
173321 
173322 
173323 
173324 
173325 
173326 
173327 
173328 
173329 
173330 
173331 
173332 
173333 
173334 
173335 
173336 
173337 
173338 
173339 
173340 
173341 
173342 
173343 
173344 
173345 
173346 
173347 
173348 
173349 
173350 
173351 
173352 
173353 
173354 
173355 
173356 
173357 
173358 
173359 
173360 
173361 
173362 
173363 
173364 
173365 
173366 
173367 
173368 
173369 
173370 
173371 
173372 
173373 
173374 
173375 
173376 
173377 
173378 
173379 
173380 
173381 
173382 
173383 
173384 
173385 
173386 
173387 
173388 
173389 
173390 
173391 
173392 
173393 
173394 
173395 
173396 
173397 
173398 
173399 
173400 
173401 
173402 
173403 
173404 
173405 
173406 
173407 
173408 
173409 
173410 
173411 
173412 
173413 
173414 
173415 
173416 
173417 
173418 
173419 
173420 
173421 
173422 
173423 
173424 
173425 
173426 
173427 
173428 
173429 
173430 
173431 
173432 
173433 
173434 
173435 
173436 
173437 
173438 
173439 
173440 
173441 
173442 
173443 
173444 
173445 
173446 
173447 
173448 
173449 
173450 
173451 
173452 
173453 
173454 
173455 
173456 
173457 
173458 
173459 
173460 
173461 
173462 
173463 
173464 
173465 
173466 
173467 
173468 
173469 
173470 
173471 
173472 
173473 
173474 
173475 
173476 
173477 
173478 
173479 
173480 
173481 
173482 
173483 
173484 
173485 
173486 
173487 
173488 
173489 
173490 
173491 
173492 
173493 
173494 
173495 
173496 
173497 
173498 
173499 
173500 
173501 
173502 
173503 
173504 
173505 
173506 
173507 
173508 
173509 
173510 
173511 
173512 
173513 
173514 
173515 
173516 
173517 
173518 
173519 
173520 
173521 
173522 
173523 
173524 
173525 
173526 
173527 
173528 
173529 
173530 
173531 
173532 
173533 
173534 
173535 
173536 
173537 
173538 
173539 
173540 
173541 
173542 
173543 
173544 
173545 
173546 
173547 
173548 
173549 
173550 
173551 
173552 
173553 
173554 
173555 
173556 
173557 
173558 
173559 
173560 
173561 
173562 
173563 
173564 
173565 
173566 
173567 
173568 
173569 
173570 
173571 
173572 
173573 
173574 
173575 
173576 
173577 
173578 
173579 
173580 
173581 
173582 
173583 
173584 
173585 
173586 
173587 
173588 
173589 
173590 
173591 
173592 
173593 
173594 
173595 
173596 
173597 
173598 
173599 
173600 
173601 
173602 
173603 
173604 
173605 
173606 
173607 
173608 
173609 
173610 
173611 
173612 
173613 
173614 
173615 
173616 
173617 
173618 
173619 
173620 
173621 
173622 
173623 
173624 
173625 
173626 
173627 
173628 
173629 
173630 
173631 
173632 
173633 
173634 
173635 
173636 
173637 
173638 
173639 
173640 
173641 
173642 
173643 
173644 
173645 
173646 
173647 
173648 
173649 
173650 
173651 
173652 
173653 
173654 
173655 
173656 
173657 
173658 
173659 
173660 
173661 
173662 
173663 
173664 
173665 
173666 
173667 
173668 
173669 
173670 
173671 
173672 
173673 
173674 
173675 
173676 
173677 
173678 
173679 
173680 
173681 
173682 
173683 
173684 
173685 
173686 
173687 
173688 
173689 
173690 
173691 
173692 
173693 
173694 
173695 
173696 
173697 
173698 
173699 
173700 
173701 
173702 
173703 
173704 
173705 
173706 
173707 
173708 
173709 
173710 
173711 
173712 
173713 
173714 
173715 
173716 
173717 
173718 
173719 
173720 
173721 
173722 
173723 
173724 
173725 
173726 
173727 
173728 
173729 
173730 
173731 
173732 
173733 
173734 
173735 
173736 
173737 
173738 
173739 
173740 
173741 
173742 
173743 
173744 
173745 
173746 
173747 
173748 
173749 
173750 
173751 
173752 
173753 
173754 
173755 
173756 
173757 
173758 
173759 
173760 
173761 
173762 
173763 
173764 
173765 
173766 
173767 
173768 
173769 
173770 
173771 
173772 
173773 
173774 
173775 
173776 
173777 
173778 
173779 
173780 
173781 
173782 
173783 
173784 
173785 
173786 
173787 
173788 
173789 
173790 
173791 
173792 
173793 
173794 
173795 
173796 
173797 
173798 
173799 
173800 
173801 
173802 
173803 
173804 
173805 
173806 
173807 
173808 
173809 
173810 
173811 
173812 
173813 
173814 
173815 
173816 
173817 
173818 
173819 
173820 
173821 
173822 
173823 
173824 
173825 
173826 
173827 
173828 
173829 
173830 
173831 
173832 
173833 
173834 
173835 
173836 
173837 
173838 
173839 
173840 
173841 
173842 
173843 
173844 
173845 
173846 
173847 
173848 
173849 
173850 
173851 
173852 
173853 
173854 
173855 
173856 
173857 
173858 
173859 
173860 
173861 
173862 
173863 
173864 
173865 
173866 
173867 
173868 
173869 
173870 
173871 
173872 
173873 
173874 
173875 
173876 
173877 
173878 
173879 
173880 
173881 
173882 
173883 
173884 
173885 
173886 
173887 
173888 
173889 
173890 
173891 
173892 
173893 
173894 
173895 
173896 
173897 
173898 
173899 
173900 
173901 
173902 
173903 
173904 
173905 
173906 
173907 
173908 
173909 
173910 
173911 
173912 
173913 
173914 
173915 
173916 
173917 
173918 
173919 
173920 
173921 
173922 
173923 
173924 
173925 
173926 
173927 
173928 
173929 
173930 
173931 
173932 
173933 
173934 
173935 
173936 
173937 
173938 
173939 
173940 
173941 
173942 
173943 
173944 
173945 
173946 
173947 
173948 
173949 
173950 
173951 
173952 
173953 
173954 
173955 
173956 
173957 
173958 
173959 
173960 
173961 
173962 
173963 
173964 
173965 
173966 
173967 
173968 
173969 
173970 
173971 
173972 
173973 
173974 
173975 
173976 
173977 
173978 
173979 
173980 
173981 
173982 
173983 
173984 
173985 
173986 
173987 
173988 
173989 
173990 
173991 
173992 
173993 
173994 
173995 
173996 
173997 
173998 
173999 
174000 
174001 
174002 
174003 
174004 
174005 
174006 
174007 
174008 
174009 
174010 
174011 
174012 
174013 
174014 
174015 
174016 
174017 
174018 
174019 
174020 
174021 
174022 
174023 
174024 
174025 
174026 
174027 
174028 
174029 
174030 
174031 
174032 
174033 
174034 
174035 
174036 
174037 
174038 
174039 
174040 
174041 
174042 
174043 
174044 
174045 
174046 
174047 
174048 
174049 
174050 
174051 
174052 
174053 
174054 
174055 
174056 
174057 
174058 
174059 
174060 
174061 
174062 
174063 
174064 
174065 
174066 
174067 
174068 
174069 
174070 
174071 
174072 
174073 
174074 
174075 
174076 
174077 
174078 
174079 
174080 
174081 
174082 
174083 
174084 
174085 
174086 
174087 
174088 
174089 
174090 
174091 
174092 
174093 
174094 
174095 
174096 
174097 
174098 
174099 
174100 
174101 
174102 
174103 
174104 
174105 
174106 
174107 
174108 
174109 
174110 
174111 
174112 
174113 
174114 
174115 
174116 
174117 
174118 
174119 
174120 
174121 
174122 
174123 
174124 
174125 
174126 
174127 
174128 
174129 
174130 
174131 
174132 
174133 
174134 
174135 
174136 
174137 
174138 
174139 
174140 
174141 
174142 
174143 
174144 
174145 
174146 
174147 
174148 
174149 
174150 
174151 
174152 
174153 
174154 
174155 
174156 
174157 
174158 
174159 
174160 
174161 
174162 
174163 
174164 
174165 
174166 
174167 
174168 
174169 
174170 
174171 
174172 
174173 
174174 
174175 
174176 
174177 
174178 
174179 
174180 
174181 
174182 
174183 
174184 
174185 
174186 
174187 
174188 
174189 
174190 
174191 
174192 
174193 
174194 
174195 
174196 
174197 
174198 
174199 
174200 
174201 
174202 
174203 
174204 
174205 
174206 
174207 
174208 
174209 
174210 
174211 
174212 
174213 
174214 
174215 
174216 
174217 
174218 
174219 
174220 
174221 
174222 
174223 
174224 
174225 
174226 
174227 
174228 
174229 
174230 
174231 
174232 
174233 
174234 
174235 
174236 
174237 
174238 
174239 
174240 
174241 
174242 
174243 
174244 
174245 
174246 
174247 
174248 
174249 
174250 
174251 
174252 
174253 
174254 
174255 
174256 
174257 
174258 
174259 
174260 
174261 
174262 
174263 
174264 
174265 
174266 
174267 
174268 
174269 
174270 
174271 
174272 
174273 
174274 
174275 
174276 
174277 
174278 
174279 
174280 
174281 
174282 
174283 
174284 
174285 
174286 
174287 
174288 
174289 
174290 
174291 
174292 
174293 
174294 
174295 
174296 
174297 
174298 
174299 
174300 
174301 
174302 
174303 
174304 
174305 
174306 
174307 
174308 
174309 
174310 
174311 
174312 
174313 
174314 
174315 
174316 
174317 
174318 
174319 
174320 
174321 
174322 
174323 
174324 
174325 
174326 
174327 
174328 
174329 
174330 
174331 
174332 
174333 
174334 
174335 
174336 
174337 
174338 
174339 
174340 
174341 
174342 
174343 
174344 
174345 
174346 
174347 
174348 
174349 
174350 
174351 
174352 
174353 
174354 
174355 
174356 
174357 
174358 
174359 
174360 
174361 
174362 
174363 
174364 
174365 
174366 
174367 
174368 
174369 
174370 
174371 
174372 
174373 
174374 
174375 
174376 
174377 
174378 
174379 
174380 
174381 
174382 
174383 
174384 
174385 
174386 
174387 
174388 
174389 
174390 
174391 
174392 
174393 
174394 
174395 
174396 
174397 
174398 
174399 
174400 
174401 
174402 
174403 
174404 
174405 
174406 
174407 
174408 
174409 
174410 
174411 
174412 
174413 
174414 
174415 
174416 
174417 
174418 
174419 
174420 
174421 
174422 
174423 
174424 
174425 
174426 
174427 
174428 
174429 
174430 
174431 
174432 
174433 
174434 
174435 
174436 
174437 
174438 
174439 
174440 
174441 
174442 
174443 
174444 
174445 
174446 
174447 
174448 
174449 
174450 
174451 
174452 
174453 
174454 
174455 
174456 
174457 
174458 
174459 
174460 
174461 
174462 
174463 
174464 
174465 
174466 
174467 
174468 
174469 
174470 
174471 
174472 
174473 
174474 
174475 
174476 
174477 
174478 
174479 
174480 
174481 
174482 
174483 
174484 
174485 
174486 
174487 
174488 
174489 
174490 
174491 
174492 
174493 
174494 
174495 
174496 
174497 
174498 
174499 
174500 
174501 
174502 
174503 
174504 
174505 
174506 
174507 
174508 
174509 
174510 
174511 
174512 
174513 
174514 
174515 
174516 
174517 
174518 
174519 
174520 
174521 
174522 
174523 
174524 
174525 
174526 
174527 
174528 
174529 
174530 
174531 
174532 
174533 
174534 
174535 
174536 
174537 
174538 
174539 
174540 
174541 
174542 
174543 
174544 
174545 
174546 
174547 
174548 
174549 
174550 
174551 
174552 
174553 
174554 
174555 
174556 
174557 
174558 
174559 
174560 
174561 
174562 
174563 
174564 
174565 
174566 
174567 
174568 
174569 
174570 
174571 
174572 
174573 
174574 
174575 
174576 
174577 
174578 
174579 
174580 
174581 
174582 
174583 
174584 
174585 
174586 
174587 
174588 
174589 
174590 
174591 
174592 
174593 
174594 
174595 
174596 
174597 
174598 
174599 
174600 
174601 
174602 
174603 
174604 
174605 
174606 
174607 
174608 
174609 
174610 
174611 
174612 
174613 
174614 
174615 
174616 
174617 
174618 
174619 
174620 
174621 
174622 
174623 
174624 
174625 
174626 
174627 
174628 
174629 
174630 
174631 
174632 
174633 
174634 
174635 
174636 
174637 
174638 
174639 
174640 
174641 
174642 
174643 
174644 
174645 
174646 
174647 
174648 
174649 
174650 
174651 
174652 
174653 
174654 
174655 
174656 
174657 
174658 
174659 
174660 
174661 
174662 
174663 
174664 
174665 
174666 
174667 
174668 
174669 
174670 
174671 
174672 
174673 
174674 
174675 
174676 
174677 
174678 
174679 
174680 
174681 
174682 
174683 
174684 
174685 
174686 
174687 
174688 
174689 
174690 
174691 
174692 
174693 
174694 
174695 
174696 
174697 
174698 
174699 
174700 
174701 
174702 
174703 
174704 
174705 
174706 
174707 
174708 
174709 
174710 
174711 
174712 
174713 
174714 
174715 
174716 
174717 
174718 
174719 
174720 
174721 
174722 
174723 
174724 
174725 
174726 
174727 
174728 
174729 
174730 
174731 
174732 
174733 
174734 
174735 
174736 
174737 
174738 
174739 
174740 
174741 
174742 
174743 
174744 
174745 
174746 
174747 
174748 
174749 
174750 
174751 
174752 
174753 
174754 
174755 
174756 
174757 
174758 
174759 
174760 
174761 
174762 
174763 
174764 
174765 
174766 
174767 
174768 
174769 
174770 
174771 
174772 
174773 
174774 
174775 
174776 
174777 
174778 
174779 
174780 
174781 
174782 
174783 
174784 
174785 
174786 
174787 
174788 
174789 
174790 
174791 
174792 
174793 
174794 
174795 
174796 
174797 
174798 
174799 
174800 
174801 
174802 
174803 
174804 
174805 
174806 
174807 
174808 
174809 
174810 
174811 
174812 
174813 
174814 
174815 
174816 
174817 
174818 
174819 
174820 
174821 
174822 
174823 
174824 
174825 
174826 
174827 
174828 
174829 
174830 
174831 
174832 
174833 
174834 
174835 
174836 
174837 
174838 
174839 
174840 
174841 
174842 
174843 
174844 
174845 
174846 
174847 
174848 
174849 
174850 
174851 
174852 
174853 
174854 
174855 
174856 
174857 
174858 
174859 
174860 
174861 
174862 
174863 
174864 
174865 
174866 
174867 
174868 
174869 
174870 
174871 
174872 
174873 
174874 
174875 
174876 
174877 
174878 
174879 
174880 
174881 
174882 
174883 
174884 
174885 
174886 
174887 
174888 
174889 
174890 
174891 
174892 
174893 
174894 
174895 
174896 
174897 
174898 
174899 
174900 
174901 
174902 
174903 
174904 
174905 
174906 
174907 
174908 
174909 
174910 
174911 
174912 
174913 
174914 
174915 
174916 
174917 
174918 
174919 
174920 
174921 
174922 
174923 
174924 
174925 
174926 
174927 
174928 
174929 
174930 
174931 
174932 
174933 
174934 
174935 
174936 
174937 
174938 
174939 
174940 
174941 
174942 
174943 
174944 
174945 
174946 
174947 
174948 
174949 
174950 
174951 
174952 
174953 
174954 
174955 
174956 
174957 
174958 
174959 
174960 
174961 
174962 
174963 
174964 
174965 
174966 
174967 
174968 
174969 
174970 
174971 
174972 
174973 
174974 
174975 
174976 
174977 
174978 
174979 
174980 
174981 
174982 
174983 
174984 
174985 
174986 
174987 
174988 
174989 
174990 
174991 
174992 
174993 
174994 
174995 
174996 
174997 
174998 
174999 
175000 
175001 
175002 
175003 
175004 
175005 
175006 
175007 
175008 
175009 
175010 
175011 
175012 
175013 
175014 
175015 
175016 
175017 
175018 
175019 
175020 
175021 
175022 
175023 
175024 
175025 
175026 
175027 
175028 
175029 
175030 
175031 
175032 
175033 
175034 
175035 
175036 
175037 
175038 
175039 
175040 
175041 
175042 
175043 
175044 
175045 
175046 
175047 
175048 
175049 
175050 
175051 
175052 
175053 
175054 
175055 
175056 
175057 
175058 
175059 
175060 
175061 
175062 
175063 
175064 
175065 
175066 
175067 
175068 
175069 
175070 
175071 
175072 
175073 
175074 
175075 
175076 
175077 
175078 
175079 
175080 
175081 
175082 
175083 
175084 
175085 
175086 
175087 
175088 
175089 
175090 
175091 
175092 
175093 
175094 
175095 
175096 
175097 
175098 
175099 
175100 
175101 
175102 
175103 
175104 
175105 
175106 
175107 
175108 
175109 
175110 
175111 
175112 
175113 
175114 
175115 
175116 
175117 
175118 
175119 
175120 
175121 
175122 
175123 
175124 
175125 
175126 
175127 
175128 
175129 
175130 
175131 
175132 
175133 
175134 
175135 
175136 
175137 
175138 
175139 
175140 
175141 
175142 
175143 
175144 
175145 
175146 
175147 
175148 
175149 
175150 
175151 
175152 
175153 
175154 
175155 
175156 
175157 
175158 
175159 
175160 
175161 
175162 
175163 
175164 
175165 
175166 
175167 
175168 
175169 
175170 
175171 
175172 
175173 
175174 
175175 
175176 
175177 
175178 
175179 
175180 
175181 
175182 
175183 
175184 
175185 
175186 
175187 
175188 
175189 
175190 
175191 
175192 
175193 
175194 
175195 
175196 
175197 
175198 
175199 
175200 
175201 
175202 
175203 
175204 
175205 
175206 
175207 
175208 
175209 
175210 
175211 
175212 
175213 
175214 
175215 
175216 
175217 
175218 
175219 
175220 
175221 
175222 
175223 
175224 
175225 
175226 
175227 
175228 
175229 
175230 
175231 
175232 
175233 
175234 
175235 
175236 
175237 
175238 
175239 
175240 
175241 
175242 
175243 
175244 
175245 
175246 
175247 
175248 
175249 
175250 
175251 
175252 
175253 
175254 
175255 
175256 
175257 
175258 
175259 
175260 
175261 
175262 
175263 
175264 
175265 
175266 
175267 
175268 
175269 
175270 
175271 
175272 
175273 
175274 
175275 
175276 
175277 
175278 
175279 
175280 
175281 
175282 
175283 
175284 
175285 
175286 
175287 
175288 
175289 
175290 
175291 
175292 
175293 
175294 
175295 
175296 
175297 
175298 
175299 
175300 
175301 
175302 
175303 
175304 
175305 
175306 
175307 
175308 
175309 
175310 
175311 
175312 
175313 
175314 
175315 
175316 
175317 
175318 
175319 
175320 
175321 
175322 
175323 
175324 
175325 
175326 
175327 
175328 
175329 
175330 
175331 
175332 
175333 
175334 
175335 
175336 
175337 
175338 
175339 
175340 
175341 
175342 
175343 
175344 
175345 
175346 
175347 
175348 
175349 
175350 
175351 
175352 
175353 
175354 
175355 
175356 
175357 
175358 
175359 
175360 
175361 
175362 
175363 
175364 
175365 
175366 
175367 
175368 
175369 
175370 
175371 
175372 
175373 
175374 
175375 
175376 
175377 
175378 
175379 
175380 
175381 
175382 
175383 
175384 
175385 
175386 
175387 
175388 
175389 
175390 
175391 
175392 
175393 
175394 
175395 
175396 
175397 
175398 
175399 
175400 
175401 
175402 
175403 
175404 
175405 
175406 
175407 
175408 
175409 
175410 
175411 
175412 
175413 
175414 
175415 
175416 
175417 
175418 
175419 
175420 
175421 
175422 
175423 
175424 
175425 
175426 
175427 
175428 
175429 
175430 
175431 
175432 
175433 
175434 
175435 
175436 
175437 
175438 
175439 
175440 
175441 
175442 
175443 
175444 
175445 
175446 
175447 
175448 
175449 
175450 
175451 
175452 
175453 
175454 
175455 
175456 
175457 
175458 
175459 
175460 
175461 
175462 
175463 
175464 
175465 
175466 
175467 
175468 
175469 
175470 
175471 
175472 
175473 
175474 
175475 
175476 
175477 
175478 
175479 
175480 
175481 
175482 
175483 
175484 
175485 
175486 
175487 
175488 
175489 
175490 
175491 
175492 
175493 
175494 
175495 
175496 
175497 
175498 
175499 
175500 
175501 
175502 
175503 
175504 
175505 
175506 
175507 
175508 
175509 
175510 
175511 
175512 
175513 
175514 
175515 
175516 
175517 
175518 
175519 
175520 
175521 
175522 
175523 
175524 
175525 
175526 
175527 
175528 
175529 
175530 
175531 
175532 
175533 
175534 
175535 
175536 
175537 
175538 
175539 
175540 
175541 
175542 
175543 
175544 
175545 
175546 
175547 
175548 
175549 
175550 
175551 
175552 
175553 
175554 
175555 
175556 
175557 
175558 
175559 
175560 
175561 
175562 
175563 
175564 
175565 
175566 
175567 
175568 
175569 
175570 
175571 
175572 
175573 
175574 
175575 
175576 
175577 
175578 
175579 
175580 
175581 
175582 
175583 
175584 
175585 
175586 
175587 
175588 
175589 
175590 
175591 
175592 
175593 
175594 
175595 
175596 
175597 
175598 
175599 
175600 
175601 
175602 
175603 
175604 
175605 
175606 
175607 
175608 
175609 
175610 
175611 
175612 
175613 
175614 
175615 
175616 
175617 
175618 
175619 
175620 
175621 
175622 
175623 
175624 
175625 
175626 
175627 
175628 
175629 
175630 
175631 
175632 
175633 
175634 
175635 
175636 
175637 
175638 
175639 
175640 
175641 
175642 
175643 
175644 
175645 
175646 
175647 
175648 
175649 
175650 
175651 
175652 
175653 
175654 
175655 
175656 
175657 
175658 
175659 
175660 
175661 
175662 
175663 
175664 
175665 
175666 
175667 
175668 
175669 
175670 
175671 
175672 
175673 
175674 
175675 
175676 
175677 
175678 
175679 
175680 
175681 
175682 
175683 
175684 
175685 
175686 
175687 
175688 
175689 
175690 
175691 
175692 
175693 
175694 
175695 
175696 
175697 
175698 
175699 
175700 
175701 
175702 
175703 
175704 
175705 
175706 
175707 
175708 
175709 
175710 
175711 
175712 
175713 
175714 
175715 
175716 
175717 
175718 
175719 
175720 
175721 
175722 
175723 
175724 
175725 
175726 
175727 
175728 
175729 
175730 
175731 
175732 
175733 
175734 
175735 
175736 
175737 
175738 
175739 
175740 
175741 
175742 
175743 
175744 
175745 
175746 
175747 
175748 
175749 
175750 
175751 
175752 
175753 
175754 
175755 
175756 
175757 
175758 
175759 
175760 
175761 
175762 
175763 
175764 
175765 
175766 
175767 
175768 
175769 
175770 
175771 
175772 
175773 
175774 
175775 
175776 
175777 
175778 
175779 
175780 
175781 
175782 
175783 
175784 
175785 
175786 
175787 
175788 
175789 
175790 
175791 
175792 
175793 
175794 
175795 
175796 
175797 
175798 
175799 
175800 
175801 
175802 
175803 
175804 
175805 
175806 
175807 
175808 
175809 
175810 
175811 
175812 
175813 
175814 
175815 
175816 
175817 
175818 
175819 
175820 
175821 
175822 
175823 
175824 
175825 
175826 
175827 
175828 
175829 
175830 
175831 
175832 
175833 
175834 
175835 
175836 
175837 
175838 
175839 
175840 
175841 
175842 
175843 
175844 
175845 
175846 
175847 
175848 
175849 
175850 
175851 
175852 
175853 
175854 
175855 
175856 
175857 
175858 
175859 
175860 
175861 
175862 
175863 
175864 
175865 
175866 
175867 
175868 
175869 
175870 
175871 
175872 
175873 
175874 
175875 
175876 
175877 
175878 
175879 
175880 
175881 
175882 
175883 
175884 
175885 
175886 
175887 
175888 
175889 
175890 
175891 
175892 
175893 
175894 
175895 
175896 
175897 
175898 
175899 
175900 
175901 
175902 
175903 
175904 
175905 
175906 
175907 
175908 
175909 
175910 
175911 
175912 
175913 
175914 
175915 
175916 
175917 
175918 
175919 
175920 
175921 
175922 
175923 
175924 
175925 
175926 
175927 
175928 
175929 
175930 
175931 
175932 
175933 
175934 
175935 
175936 
175937 
175938 
175939 
175940 
175941 
175942 
175943 
175944 
175945 
175946 
175947 
175948 
175949 
175950 
175951 
175952 
175953 
175954 
175955 
175956 
175957 
175958 
175959 
175960 
175961 
175962 
175963 
175964 
175965 
175966 
175967 
175968 
175969 
175970 
175971 
175972 
175973 
175974 
175975 
175976 
175977 
175978 
175979 
175980 
175981 
175982 
175983 
175984 
175985 
175986 
175987 
175988 
175989 
175990 
175991 
175992 
175993 
175994 
175995 
175996 
175997 
175998 
175999 
176000 
176001 
176002 
176003 
176004 
176005 
176006 
176007 
176008 
176009 
176010 
176011 
176012 
176013 
176014 
176015 
176016 
176017 
176018 
176019 
176020 
176021 
176022 
176023 
176024 
176025 
176026 
176027 
176028 
176029 
176030 
176031 
176032 
176033 
176034 
176035 
176036 
176037 
176038 
176039 
176040 
176041 
176042 
176043 
176044 
176045 
176046 
176047 
176048 
176049 
176050 
176051 
176052 
176053 
176054 
176055 
176056 
176057 
176058 
176059 
176060 
176061 
176062 
176063 
176064 
176065 
176066 
176067 
176068 
176069 
176070 
176071 
176072 
176073 
176074 
176075 
176076 
176077 
176078 
176079 
176080 
176081 
176082 
176083 
176084 
176085 
176086 
176087 
176088 
176089 
176090 
176091 
176092 
176093 
176094 
176095 
176096 
176097 
176098 
176099 
176100 
176101 
176102 
176103 
176104 
176105 
176106 
176107 
176108 
176109 
176110 
176111 
176112 
176113 
176114 
176115 
176116 
176117 
176118 
176119 
176120 
176121 
176122 
176123 
176124 
176125 
176126 
176127 
176128 
176129 
176130 
176131 
176132 
176133 
176134 
176135 
176136 
176137 
176138 
176139 
176140 
176141 
176142 
176143 
176144 
176145 
176146 
176147 
176148 
176149 
176150 
176151 
176152 
176153 
176154 
176155 
176156 
176157 
176158 
176159 
176160 
176161 
176162 
176163 
176164 
176165 
176166 
176167 
176168 
176169 
176170 
176171 
176172 
176173 
176174 
176175 
176176 
176177 
176178 
176179 
176180 
176181 
176182 
176183 
176184 
176185 
176186 
176187 
176188 
176189 
176190 
176191 
176192 
176193 
176194 
176195 
176196 
176197 
176198 
176199 
176200 
176201 
176202 
176203 
176204 
176205 
176206 
176207 
176208 
176209 
176210 
176211 
176212 
176213 
176214 
176215 
176216 
176217 
176218 
176219 
176220 
176221 
176222 
176223 
176224 
176225 
176226 
176227 
176228 
176229 
176230 
176231 
176232 
176233 
176234 
176235 
176236 
176237 
176238 
176239 
176240 
176241 
176242 
176243 
176244 
176245 
176246 
176247 
176248 
176249 
176250 
176251 
176252 
176253 
176254 
176255 
176256 
176257 
176258 
176259 
176260 
176261 
176262 
176263 
176264 
176265 
176266 
176267 
176268 
176269 
176270 
176271 
176272 
176273 
176274 
176275 
176276 
176277 
176278 
176279 
176280 
176281 
176282 
176283 
176284 
176285 
176286 
176287 
176288 
176289 
176290 
176291 
176292 
176293 
176294 
176295 
176296 
176297 
176298 
176299 
176300 
176301 
176302 
176303 
176304 
176305 
176306 
176307 
176308 
176309 
176310 
176311 
176312 
176313 
176314 
176315 
176316 
176317 
176318 
176319 
176320 
176321 
176322 
176323 
176324 
176325 
176326 
176327 
176328 
176329 
176330 
176331 
176332 
176333 
176334 
176335 
176336 
176337 
176338 
176339 
176340 
176341 
176342 
176343 
176344 
176345 
176346 
176347 
176348 
176349 
176350 
176351 
176352 
176353 
176354 
176355 
176356 
176357 
176358 
176359 
176360 
176361 
176362 
176363 
176364 
176365 
176366 
176367 
176368 
176369 
176370 
176371 
176372 
176373 
176374 
176375 
176376 
176377 
176378 
176379 
176380 
176381 
176382 
176383 
176384 
176385 
176386 
176387 
176388 
176389 
176390 
176391 
176392 
176393 
176394 
176395 
176396 
176397 
176398 
176399 
176400 
176401 
176402 
176403 
)

// ************************************************************************* //
