/*--------------------------------*- C++ -*----------------------------------*\
| =========                 |                                                 |
| \\      /  F ield         | OpenFOAM: The Open Source CFD Toolbox           |
|  \\    /   O peration     | Version:  4.0                                   |
|   \\  /    A nd           | Web:      www.OpenFOAM.org                      |
|    \\/     M anipulation  |                                                 |
\*---------------------------------------------------------------------------*/
FoamFile
{
    version     2.0;
    format      ascii;
    class       volScalarField;
    location    "250";
    object      nut;
}
// * * * * * * * * * * * * * * * * * * * * * * * * * * * * * * * * * * * * * //

dimensions      [0 2 -1 0 0 0 0];

internalField   nonuniform List<scalar> 
3072
(
3.18236e-05
6.59594e-05
7.05946e-05
6.91976e-05
6.69587e-05
7.271e-05
0.00011316
0.000160602
0.000179014
0.000186968
0.000192666
0.000195275
5.10795e-05
0.000160996
0.000189817
0.000124096
0.000112197
0.000165097
0.000224759
0.000328562
0.000448368
0.000615639
0.000790211
0.000962146
6.74205e-05
0.000284361
0.000282384
0.000252821
0.000278339
0.000413935
0.000589576
0.000822844
0.0010988
0.00138054
0.00163845
0.00185482
8.3916e-05
0.00036343
0.000391239
0.000405889
0.000542322
0.000769302
0.00103438
0.00135716
0.00167897
0.00198048
0.00225017
0.00246986
9.70658e-05
0.000473046
0.000555593
0.000631772
0.000834861
0.00110901
0.00143234
0.00177302
0.00209927
0.00239489
0.00265648
0.00287363
0.000106545
0.000547598
0.00069375
0.000838128
0.0010779
0.00138623
0.00171971
0.00205417
0.00236938
0.00265391
0.00290164
0.00310926
0.000112971
0.000601739
0.000806304
0.00100465
0.00126525
0.00157519
0.00190051
0.00221947
0.00251773
0.00278661
0.00302092
0.00321743
0.000118715
0.000667243
0.000923863
0.0011433
0.0014256
0.00173166
0.00203789
0.00233099
0.00260188
0.00284507
0.00305725
0.00323628
0.000125936
0.000728923
0.00105134
0.00134558
0.00163742
0.00192047
0.00218458
0.00242893
0.00265236
0.00285357
0.00303083
0.00318193
0.000137017
0.000789226
0.00121724
0.00155598
0.00183673
0.00207325
0.00228115
0.0024682
0.00263815
0.00279406
0.00293508
0.00305944
0.000155347
0.00076492
0.00133445
0.00167989
0.00191526
0.00210735
0.00227539
0.00243097
0.00256601
0.00269132
0.00280611
0.00290946
0.000276016
0.00074557
0.00140341
0.00177029
0.001971
0.0021452
0.00229365
0.00241601
0.00252203
0.0026173
0.00270369
0.00278174
0.000196458
0.000195785
0.000194644
0.000192491
0.000188927
0.000183936
0.000177288
0.000168467
0.000156811
0.000141932
0.00012427
6.09488e-05
0.0011165
0.00122995
0.00127649
0.00126742
0.00121244
0.00112278
0.000991053
0.000818698
0.000624869
0.00037832
0.00018146
0.000101898
0.00201203
0.00209371
0.00212711
0.00209333
0.00199718
0.00186122
0.00166012
0.00140229
0.00108844
0.000721246
0.00031143
0.000133151
0.00262858
0.00271699
0.00275916
0.00274024
0.002658
0.00252494
0.00231411
0.00201726
0.00162553
0.00113737
0.000551963
0.000161936
0.00303617
0.00313774
0.00319104
0.00318965
0.00313216
0.00302247
0.00283709
0.00254794
0.00212867
0.00154845
0.000803924
0.000189151
0.00327109
0.0033832
0.00344901
0.00347151
0.00344928
0.00338188
0.00324124
0.00299674
0.00259419
0.00197249
0.00110584
0.00021736
0.00337335
0.00348821
0.00356426
0.00360477
0.00361141
0.00358446
0.00350642
0.0033367
0.00299803
0.00237943
0.00141927
0.000245825
0.00337979
0.00348752
0.00356476
0.00361517
0.00364121
0.00365133
0.00363498
0.00355491
0.00331545
0.00274689
0.00170924
0.000277424
0.00330463
0.00340233
0.00347813
0.00353511
0.00357493
0.00360765
0.00363578
0.00363865
0.00353473
0.00307374
0.0019655
0.000311226
0.00316581
0.00325499
0.00332846
0.00339025
0.00344469
0.00348793
0.00354363
0.00360867
0.00363057
0.00335009
0.00225415
0.000346742
0.00300067
0.00308032
0.0031495
0.00321047
0.00327539
0.00333922
0.00340327
0.00351073
0.00363061
0.00353087
0.00258805
0.000385685
0.00285229
0.00291708
0.00297647
0.00303524
0.00309772
0.0031889
0.00325648
0.00336727
0.00352861
0.00363302
0.00296681
0.000433494
3.2e-05
6.62224e-05
7.07832e-05
6.93697e-05
6.70759e-05
7.27421e-05
0.00011293
0.000160438
0.000178891
0.000186849
0.000192557
0.000195172
5.11405e-05
0.000161287
0.000190134
0.000124553
0.000112342
0.000165013
0.000224466
0.00032806
0.000447525
0.000614631
0.000789081
0.000961236
6.74758e-05
0.000284758
0.000282818
0.000253107
0.000278058
0.000413275
0.000588662
0.000821555
0.00109732
0.0013789
0.00163678
0.00185321
8.39288e-05
0.000363693
0.000391355
0.000405752
0.000541736
0.000768489
0.00103285
0.00135555
0.00167723
0.00197856
0.00224815
0.00246779
9.70467e-05
0.000473114
0.000555613
0.000631355
0.000833886
0.00110766
0.00143068
0.00177121
0.00209731
0.00239278
0.00265424
0.00287134
0.000106511
0.000547487
0.000693526
0.000837516
0.0010768
0.00138469
0.00171797
0.00205223
0.00236728
0.00265166
0.00289929
0.00310681
0.000112929
0.000601605
0.000805961
0.00100391
0.00126407
0.00157364
0.00189872
0.00221749
0.00251557
0.00278431
0.0030185
0.00321493
0.000118667
0.000667048
0.000923474
0.0011426
0.00142458
0.00173035
0.00203636
0.00232927
0.00259998
0.00284299
0.00305503
0.00323393
0.000125889
0.000728663
0.00105096
0.00134497
0.00163662
0.00191947
0.00218337
0.00242752
0.00265075
0.00285175
0.00302882
0.00317975
0.000136967
0.000788986
0.00121681
0.00155545
0.00183608
0.00207244
0.00228013
0.00246701
0.00263676
0.00279248
0.0029333
0.00305748
0.000155307
0.000764562
0.00133409
0.00167941
0.00191473
0.00210673
0.00227469
0.00243018
0.00256506
0.00269016
0.00280475
0.00290792
0.000276047
0.000745401
0.00140322
0.00177003
0.00197077
0.00214489
0.00229331
0.00241557
0.00252146
0.00261656
0.00270277
0.00278065
0.000196357
0.000195687
0.000194551
0.000192402
0.000188843
0.000183858
0.000177216
0.000168401
0.000156752
0.000141881
0.000124221
6.09249e-05
0.00111531
0.00122891
0.00127542
0.00126659
0.00121165
0.0011221
0.000990463
0.000818234
0.000624534
0.00037812
0.000181381
0.000101862
0.00201038
0.00209207
0.00212558
0.00209192
0.00199591
0.00186006
0.00165911
0.00140145
0.00108779
0.000720825
0.000311263
0.000133109
0.00262652
0.00271503
0.00275727
0.00273844
0.00265635
0.00252341
0.00231275
0.00201612
0.00162464
0.00113678
0.000551691
0.000161887
0.00303386
0.00313553
0.00318885
0.00318755
0.00313019
0.00302063
0.00283542
0.00254647
0.00212747
0.00154762
0.000803522
0.000189097
0.00326863
0.00338079
0.00344661
0.00346917
0.00344706
0.00337976
0.00323926
0.00299499
0.00259271
0.00197146
0.00110535
0.0002173
0.00337081
0.00348568
0.00356173
0.00360226
0.00360895
0.00358208
0.00350417
0.00333467
0.00299634
0.00237821
0.00141867
0.000245761
0.00337733
0.00348498
0.00356219
0.00361257
0.00363862
0.00364878
0.00363252
0.00355267
0.00331359
0.00274557
0.00170859
0.000277357
0.00330227
0.00339987
0.00347561
0.00353255
0.00357234
0.00360515
0.00363336
0.00363637
0.00353273
0.00307231
0.00196483
0.000311156
0.00316372
0.00325278
0.00332615
0.0033879
0.00344232
0.00348552
0.00354121
0.00360632
0.0036285
0.00334858
0.00225343
0.000346672
0.00299897
0.00307849
0.00314755
0.00320845
0.00327325
0.00333711
0.00340111
0.00350856
0.00362858
0.00352929
0.00258732
0.000385618
0.00285104
0.00291568
0.00297495
0.00303361
0.00309601
0.00318719
0.00325483
0.00336556
0.00352691
0.00363158
0.00296607
0.000433427
3.20042e-05
6.62186e-05
7.07692e-05
6.93242e-05
6.70575e-05
7.28858e-05
0.000113656
0.000160857
0.000179158
0.000187107
0.000192793
0.000195397
5.11629e-05
0.000160775
0.000190048
0.000124005
0.000112404
0.000165262
0.000225283
0.000329328
0.000449533
0.000617026
0.000791799
0.000963753
6.7569e-05
0.000284932
0.00028266
0.000253036
0.000279181
0.000415703
0.000591321
0.000825226
0.0011012
0.00138313
0.00164107
0.00185745
8.40548e-05
0.000364193
0.000392287
0.000407228
0.00054436
0.000771071
0.00103719
0.00136004
0.00168177
0.00198341
0.00225322
0.00247295
9.72157e-05
0.000474198
0.000557186
0.000633841
0.000837438
0.00111234
0.00143523
0.00177589
0.00210211
0.0023978
0.00265949
0.00287662
0.000106661
0.000548366
0.000695403
0.000840225
0.00108024
0.00138888
0.00172234
0.00205679
0.00237203
0.00265663
0.00290445
0.00311215
0.000113058
0.000602461
0.000807671
0.00100655
0.00126747
0.00157753
0.00190289
0.00222187
0.00252015
0.00278911
0.00302351
0.00322011
0.000118788
0.00066761
0.000925157
0.00114493
0.00142729
0.00173339
0.00203972
0.00233288
0.00260384
0.00284712
0.00305943
0.00323859
0.000125971
0.000729282
0.00105214
0.00134662
0.00163841
0.00192158
0.00218581
0.00243029
0.00265387
0.00285524
0.00303268
0.00318398
0.000137028
0.000789182
0.00121751
0.00155635
0.00183733
0.00207408
0.00228222
0.00246942
0.00263953
0.00279562
0.00293682
0.00306134
0.000155344
0.000764684
0.00133436
0.0016801
0.0019157
0.00210805
0.00227633
0.00243194
0.0025672
0.00269272
0.00280769
0.0029112
0.000276049
0.000745519
0.00140337
0.0017704
0.00197129
0.00214573
0.00229452
0.00241701
0.00252318
0.00261861
0.00270514
0.00278333
0.00019657
0.000195892
0.000194739
0.000192577
0.000189001
0.000184002
0.000177344
0.000168513
0.000156846
0.000141958
0.000124287
6.09568e-05
0.0011182
0.00123159
0.00127816
0.00126875
0.00121366
0.0011238
0.000991947
0.00081937
0.0006253
0.000378546
0.000181522
0.000101911
0.00201465
0.00209636
0.00212959
0.00209561
0.00199917
0.00186301
0.0016616
0.00140341
0.00108921
0.00072168
0.000311586
0.00013317
0.00263159
0.00271987
0.00276198
0.00274297
0.00266047
0.0025272
0.00231603
0.00201879
0.00162662
0.00113802
0.000552216
0.00016196
0.00303901
0.00314046
0.00319384
0.00319255
0.00313493
0.00302503
0.00283932
0.0025498
0.00213005
0.0015493
0.00080428
0.00018918
0.00327395
0.00338605
0.00345192
0.00347446
0.00345211
0.00338459
0.00324371
0.00299882
0.00259581
0.00197351
0.00110628
0.000217393
0.0033761
0.00349099
0.00356711
0.00360766
0.00361427
0.00358723
0.00350901
0.00333896
0.0029998
0.0023806
0.00141979
0.000245862
0.00338224
0.00349011
0.00356743
0.00361793
0.00364401
0.00365409
0.00363762
0.00355729
0.00331738
0.00274819
0.00170982
0.000277466
0.00330689
0.00340472
0.00348062
0.00353768
0.00357759
0.00361025
0.00363834
0.00364108
0.00353685
0.00307519
0.00196611
0.000311272
0.00316787
0.00325718
0.00333075
0.00339262
0.00344714
0.00349045
0.0035462
0.00361122
0.00363286
0.00335174
0.00225481
0.000346794
0.00300255
0.00308233
0.00315162
0.00321267
0.00327772
0.00334159
0.00340574
0.00351327
0.00363307
0.00353277
0.00258879
0.000385743
0.002854
0.00291892
0.00297844
0.00303731
0.0030999
0.00319115
0.00325876
0.0033697
0.00353112
0.00363521
0.00296771
0.000433562
3.20047e-05
6.62312e-05
7.07935e-05
6.93805e-05
6.70902e-05
7.276e-05
0.000112977
0.000160465
0.000178904
0.000186856
0.000192563
0.000195177
5.11485e-05
0.000161258
0.000190143
0.000124576
0.0001124
0.000164981
0.000224431
0.000328038
0.000447495
0.000614592
0.000789035
0.000961167
6.74875e-05
0.000284809
0.000282824
0.000253053
0.000277856
0.000413107
0.000588474
0.00082143
0.00109714
0.0013787
0.00163652
0.00185288
8.39502e-05
0.00036386
0.000391304
0.00040542
0.000541345
0.000767995
0.00103261
0.00135523
0.00167689
0.00197819
0.00224771
0.00246728
9.70612e-05
0.000473156
0.000555498
0.000630865
0.000833469
0.00110731
0.00143029
0.00177078
0.00209685
0.00239228
0.00265369
0.00287073
0.000106518
0.000547374
0.000693339
0.000836973
0.00107632
0.00138423
0.00171748
0.00205171
0.00236673
0.00265107
0.00289866
0.00310614
0.000112929
0.000601376
0.000805457
0.00100334
0.0012635
0.00157308
0.00189814
0.0022169
0.00251496
0.00278368
0.00301784
0.00321424
0.00011866
0.000666798
0.000922984
0.00114198
0.00142395
0.0017297
0.00203571
0.00232861
0.00259932
0.00284233
0.00305435
0.00323325
0.000125881
0.000728446
0.0010505
0.00134441
0.00163602
0.00191886
0.00218274
0.00242689
0.00265012
0.00285113
0.0030282
0.00317914
0.000136962
0.000788866
0.0012166
0.00155523
0.00183584
0.00207217
0.00227981
0.00246667
0.00263638
0.00279205
0.00293284
0.003057
0.000155311
0.000764639
0.00133425
0.0016796
0.00191488
0.00210681
0.00227466
0.00243017
0.00256496
0.00268996
0.00280448
0.0029076
0.000276088
0.000745634
0.00140356
0.00177047
0.00197118
0.00214528
0.00229355
0.00241577
0.0025216
0.00261662
0.00270275
0.00278057
0.000196362
0.000195693
0.000194559
0.000192411
0.000188855
0.000183871
0.00017723
0.000168416
0.000156768
0.000141898
0.000124243
6.09364e-05
0.00111521
0.00122876
0.00127525
0.00126638
0.00121146
0.00112193
0.000990311
0.00081812
0.000624481
0.000378117
0.000181393
0.000101877
0.00200998
0.00209164
0.00212516
0.00209151
0.00199555
0.00185976
0.00165889
0.00140132
0.00108774
0.000720822
0.000311271
0.000133123
0.00262594
0.00271443
0.00275668
0.00273789
0.00265586
0.00252299
0.00231243
0.0020159
0.00162451
0.00113672
0.0005517
0.000161901
0.00303319
0.00313482
0.00318815
0.00318688
0.00312956
0.00302009
0.002835
0.00254617
0.0021273
0.00154757
0.00080354
0.00018911
0.00326791
0.00338004
0.00344586
0.00346844
0.00344637
0.00337913
0.00323875
0.00299462
0.0025925
0.00197139
0.00110536
0.000217313
0.0033701
0.00348495
0.00356099
0.00360153
0.00360824
0.00358143
0.00350362
0.00333426
0.0029961
0.00237813
0.00141869
0.000245774
0.00337665
0.0034843
0.00356151
0.0036119
0.00363796
0.00364816
0.00363198
0.00355224
0.00331331
0.00274546
0.00170859
0.00027737
0.00330168
0.00339929
0.00347504
0.00353198
0.00357178
0.00360462
0.00363287
0.00363593
0.00353241
0.00307215
0.00196483
0.000311168
0.00316324
0.00325231
0.0033257
0.00338746
0.00344188
0.0034851
0.00354079
0.00360591
0.00362813
0.00334835
0.00225342
0.000346682
0.00299864
0.00307816
0.00314724
0.00320816
0.00327297
0.00333681
0.00340079
0.00350819
0.00362818
0.00352896
0.00258729
0.000385626
0.00285091
0.00291555
0.00297481
0.00303347
0.00309585
0.00318699
0.00325458
0.00336523
0.00352646
0.00363106
0.00296597
0.000433433
0.00165063
0.00172842
0.00185024
0.0020091
0.00214292
0.00227102
0.00237996
0.00246334
0.00253461
0.0025978
0.0026532
0.0027024
0.0026487
0.00248123
0.00241415
0.00241385
0.00244713
0.00248211
0.00251238
0.00254207
0.00257641
0.00261165
0.00263781
0.00266055
0.00330579
0.00311524
0.00295924
0.00284952
0.00277964
0.00273087
0.00269824
0.00267529
0.00266334
0.00265166
0.00264178
0.00263591
0.00355317
0.00339633
0.00324877
0.00311309
0.00298912
0.00288296
0.00280081
0.00273994
0.0026953
0.00266302
0.00264537
0.00264141
0.00274817
0.00279401
0.0028416
0.00289404
0.00295089
0.00304176
0.00312197
0.00322563
0.00340002
0.00364307
0.0037713
0.00173214
0.00268449
0.00271395
0.00275104
0.00279858
0.00285458
0.00293974
0.0030283
0.00313149
0.00329623
0.0035309
0.00401378
0.0029751
0.00264806
0.00267433
0.00271158
0.0027618
0.00282481
0.00290314
0.00300194
0.00311057
0.00326123
0.00343694
0.00385302
0.00356307
0.00265375
0.00268859
0.00273602
0.00279988
0.00287827
0.0029624
0.0030719
0.00318451
0.00332527
0.00345162
0.0037185
0.00371393
0.00165078
0.00172854
0.00185038
0.00200908
0.00214285
0.00227088
0.00237977
0.00246309
0.00253425
0.00259731
0.00265258
0.00270164
0.00264927
0.00248165
0.00241447
0.00241409
0.00244722
0.00248212
0.00251233
0.00254194
0.00257613
0.00261128
0.00263733
0.00265996
0.0033067
0.00311601
0.00295986
0.00284988
0.00277988
0.00273101
0.00269824
0.00267515
0.00266312
0.00265137
0.00264143
0.00263548
0.00355436
0.00339721
0.00324942
0.00311353
0.00298937
0.00288309
0.00280076
0.00273963
0.00269501
0.00266276
0.00264515
0.00264128
0.00274728
0.00279299
0.00284048
0.00289285
0.00294966
0.00304053
0.00312084
0.00322448
0.00339887
0.00364199
0.00377054
0.00173196
0.00268382
0.00271323
0.00275029
0.00279784
0.00285387
0.00293912
0.0030278
0.00313104
0.00329588
0.0035306
0.00401351
0.00297523
0.00264763
0.00267395
0.00271128
0.00276164
0.00282478
0.0029033
0.00300227
0.00311107
0.00326184
0.00343764
0.00385366
0.00356388
0.00265376
0.00268891
0.00273655
0.00280067
0.00287922
0.00296362
0.00307325
0.00318609
0.0033269
0.00345332
0.00372014
0.0037155
0.0016509
0.00172873
0.00185064
0.00200954
0.00214347
0.00227175
0.00238083
0.00246436
0.00253579
0.00259908
0.0026546
0.00270391
0.00264958
0.00248212
0.00241502
0.00241482
0.00244808
0.00248315
0.00251343
0.00254324
0.00257777
0.00261302
0.00263925
0.00266205
0.00330764
0.00311699
0.00296087
0.00285104
0.00278107
0.00273235
0.00269967
0.00267671
0.00266483
0.00265312
0.00264327
0.00263745
0.00355596
0.00339882
0.00325099
0.00311508
0.00299088
0.00288468
0.00280242
0.00274137
0.00269678
0.00266453
0.00264693
0.00264296
0.00274979
0.00279575
0.00284345
0.002896
0.00295295
0.00304397
0.00312414
0.00322795
0.00340246
0.00364554
0.00377277
0.0017327
0.00268608
0.00271565
0.00275285
0.0028005
0.00285659
0.00294181
0.00303041
0.00313374
0.00329857
0.00353324
0.00401584
0.00297628
0.00264968
0.00267604
0.00271337
0.00276368
0.00282676
0.00290516
0.00300396
0.00311265
0.0032633
0.00343907
0.00385516
0.00356467
0.00265534
0.00269025
0.00273775
0.00280167
0.0028801
0.00296425
0.0030737
0.00318632
0.00332704
0.00345342
0.00372036
0.00371554
0.00165124
0.00172907
0.00185098
0.00200976
0.0021435
0.00227155
0.00238034
0.00246358
0.00253469
0.00259765
0.00265283
0.00270181
0.00265025
0.00248255
0.00241534
0.00241497
0.00244803
0.00248292
0.00251305
0.00254266
0.00257685
0.00261183
0.0026378
0.00266035
0.00330808
0.00311724
0.00296097
0.00285086
0.00278081
0.00273194
0.00269911
0.00267598
0.00266396
0.00265211
0.00264207
0.00263599
0.00355578
0.00339853
0.00325063
0.00311462
0.00299035
0.00288403
0.00280164
0.0027404
0.00269574
0.00266341
0.00264572
0.00264166
0.00274739
0.00279307
0.00284053
0.00289287
0.00294963
0.00304039
0.00312063
0.00322412
0.00339832
0.00364119
0.00377017
0.00173182
0.00268414
0.00271348
0.00275047
0.00279792
0.00285383
0.00293895
0.00302744
0.00313043
0.00329501
0.00352951
0.0040124
0.00297446
0.00264803
0.0026742
0.00271137
0.00276152
0.00282448
0.00290274
0.00300145
0.00310994
0.00326038
0.0034359
0.00385168
0.00356207
0.0026539
0.00268863
0.00273604
0.00279985
0.0028782
0.00296223
0.00307159
0.003184
0.00332451
0.00345059
0.00371719
0.00371249
0.00346963
0.00331726
0.00316911
0.00302961
0.00290118
0.00279178
0.00270732
0.00264693
0.00260852
0.0025928
0.00260571
0.002649
0.00340814
0.0032674
0.00312465
0.00298151
0.00284318
0.00272012
0.00261901
0.00254214
0.00248906
0.0024606
0.0024636
0.00250705
0.00336435
0.00323932
0.00310373
0.00295502
0.00279981
0.00265148
0.00251571
0.00239526
0.00228972
0.00219815
0.00212115
0.00208502
0.00332628
0.00321606
0.00309124
0.00294127
0.00276535
0.00258489
0.00240157
0.00221696
0.00202613
0.00180724
0.00155241
0.0013266
0.0027263
0.00284189
0.00290526
0.00298331
0.00307517
0.00317548
0.0032841
0.00338983
0.00349685
0.00359022
0.00365568
0.00362394
0.00263007
0.00288392
0.00296823
0.00304969
0.00314377
0.00324501
0.00334874
0.00344592
0.00353091
0.00358395
0.00360039
0.00354935
0.00219373
0.00278536
0.00294909
0.00304775
0.00314462
0.00324313
0.00334115
0.00343143
0.003503
0.00353728
0.0035377
0.00348605
0.0013122
0.00247557
0.00284546
0.00299059
0.00310275
0.00320046
0.00329448
0.00338069
0.00344624
0.00347606
0.00347336
0.00342626
0.00347046
0.00331766
0.0031693
0.00302965
0.00290108
0.0027916
0.00270707
0.00264667
0.0026084
0.00259285
0.002606
0.00264945
0.00340859
0.00326743
0.0031245
0.00298124
0.00284283
0.00271975
0.00261868
0.00254194
0.00248907
0.00246086
0.00246421
0.00250779
0.00336464
0.0032391
0.00310335
0.00295454
0.00279929
0.00265098
0.00251532
0.002395
0.00228972
0.00219841
0.00212173
0.00208572
0.00332663
0.00321575
0.00309075
0.00294069
0.00276474
0.00258432
0.00240114
0.00221671
0.00202602
0.00180739
0.00155275
0.00132665
0.00272707
0.00284335
0.0029071
0.00298541
0.0030774
0.00317785
0.00328646
0.00339221
0.00349918
0.00359254
0.00365792
0.00362611
0.00263125
0.00288622
0.00297114
0.00305286
0.00314703
0.00324825
0.00335189
0.00344893
0.00353379
0.00358673
0.0036031
0.00355197
0.002195
0.002788
0.00295275
0.00305167
0.00314863
0.00324704
0.00334486
0.00343493
0.00350625
0.00354037
0.00354066
0.0034889
0.00131317
0.00247823
0.00284945
0.00299504
0.00310729
0.00320484
0.0032986
0.0033845
0.00344972
0.00347928
0.00347643
0.00342917
0.0034726
0.00331978
0.00317133
0.00303161
0.00290299
0.00279349
0.0027089
0.00264842
0.00261001
0.00259429
0.0026072
0.00265049
0.00341114
0.00326991
0.00312685
0.00298347
0.00284497
0.00272179
0.00262053
0.00254355
0.00249039
0.00246186
0.0024648
0.00250825
0.0033674
0.00324177
0.00310588
0.00295691
0.00280157
0.0026531
0.00251716
0.00239654
0.00229083
0.00219908
0.00212199
0.00208585
0.00332949
0.00321854
0.00309339
0.00294313
0.00276708
0.00258649
0.00240298
0.00221815
0.00202718
0.00180792
0.00155292
0.00132699
0.0027278
0.00284342
0.00290683
0.00298487
0.00307668
0.00317695
0.00328551
0.00339123
0.00349824
0.00359164
0.00365708
0.00362526
0.00263131
0.00288518
0.00296956
0.003051
0.00314501
0.00324619
0.00334987
0.00344701
0.00353199
0.00358503
0.00360147
0.0035504
0.00219464
0.00278631
0.00295016
0.00304882
0.00314562
0.00324407
0.00334203
0.00343227
0.0035038
0.00353807
0.00353849
0.00348682
0.00131275
0.00247625
0.00284631
0.00299146
0.00310356
0.0032012
0.00329516
0.00338131
0.0034468
0.00347659
0.00347387
0.00342676
0.00347169
0.0033188
0.00317036
0.00303063
0.00290198
0.00279242
0.00270779
0.00264725
0.00260883
0.00259309
0.00260596
0.0026492
0.00340959
0.00326839
0.00312541
0.00298209
0.00284362
0.00272046
0.00261925
0.00254233
0.00248924
0.00246078
0.00246377
0.00250718
0.00336541
0.00323985
0.00310409
0.00295525
0.00279996
0.00265158
0.00251577
0.00239529
0.00228978
0.00219821
0.00212122
0.00208507
0.00332715
0.00321628
0.0030913
0.00294124
0.00276528
0.00258482
0.0024015
0.00221689
0.00202612
0.00180719
0.00155239
0.00132651
0.00272644
0.00284199
0.00290532
0.00298329
0.00307502
0.00317517
0.00328355
0.003389
0.00349571
0.00358884
0.00365409
0.0036224
0.00263018
0.00288402
0.00296831
0.00304969
0.0031436
0.00324463
0.00334808
0.00344489
0.00352952
0.00358228
0.00359863
0.00354773
0.0021938
0.00278543
0.00294918
0.00304779
0.00314448
0.00324276
0.00334045
0.00343033
0.00350141
0.00353541
0.00353572
0.00348435
0.00131228
0.00247563
0.00284559
0.0029907
0.00310271
0.00320017
0.00329383
0.00337959
0.00344457
0.00347407
0.00347128
0.00342456
0.00328792
0.00318665
0.00307877
0.00293439
0.00274202
0.00253127
0.00229935
0.00204559
0.00175585
0.00138209
0.000822114
0.000252389
0.00325429
0.00315695
0.00306082
0.00293154
0.00273274
0.00250214
0.0022346
0.0019319
0.00158536
0.00116275
0.000571512
0.000146199
0.00320961
0.0031256
0.00303708
0.0029281
0.00273487
0.00249922
0.00221591
0.00189251
0.00153577
0.00115864
0.000616649
0.000137793
0.00314209
0.0030821
0.00300372
0.00291579
0.00273882
0.00251235
0.00223184
0.00191111
0.00157148
0.00124636
0.000728438
0.000143202
0.00304509
0.00301331
0.00295033
0.00288294
0.00273132
0.00252337
0.00225797
0.00195164
0.0016294
0.00130099
0.000832514
0.000149284
0.00290946
0.00290505
0.00286365
0.00281624
0.00269365
0.00250972
0.00226525
0.00197517
0.0016583
0.00130426
0.000875093
0.000154834
0.00272242
0.00274241
0.00272492
0.00269739
0.00260337
0.00244613
0.00222446
0.00194956
0.00163197
0.00126754
0.000845185
0.000157929
0.00246428
0.00250378
0.00250967
0.00250058
0.00243179
0.0023027
0.00210564
0.0018476
0.00153377
0.00117043
0.000768643
0.00015648
0.00210477
0.00215637
0.00218128
0.00218722
0.00214019
0.00203753
0.00187359
0.00164002
0.00134524
0.00100349
0.000636625
0.000151172
0.00159768
0.00164961
0.00168366
0.00169823
0.00166982
0.00159259
0.00147465
0.00129098
0.00103923
0.000752632
0.00045111
0.00013987
0.000881309
0.000916501
0.000942648
0.000956193
0.000945586
0.00090411
0.00083995
0.000744989
0.000584764
0.000402017
0.000217735
0.000120544
9.27486e-05
9.7378e-05
0.000101604
0.000105107
0.000106914
0.000106251
0.000103473
9.82363e-05
9.03041e-05
7.8137e-05
6.12562e-05
3.82331e-05
0.000322988
0.00201421
0.00267502
0.00289686
0.0030298
0.00313032
0.00322314
0.00330769
0.00337446
0.0034098
0.0034092
0.00336929
0.000276613
0.00178207
0.00250047
0.00278144
0.00293073
0.00303676
0.00313123
0.00321652
0.00328644
0.00332927
0.00333925
0.00331554
0.000253156
0.00160414
0.00232631
0.00264434
0.00280631
0.00291898
0.00301739
0.00310617
0.00318043
0.00323182
0.00325496
0.00324802
0.000235656
0.00144812
0.00214956
0.00248361
0.00265514
0.00277399
0.00287763
0.00297182
0.00305246
0.00311321
0.00314952
0.00315924
0.000220713
0.00130049
0.00196432
0.00229958
0.00247505
0.00259812
0.00270712
0.00280764
0.00289569
0.00296619
0.00301556
0.00304202
0.000206653
0.00114968
0.00176766
0.00209112
0.00226342
0.00238737
0.00250064
0.00260728
0.0027027
0.00278259
0.0028444
0.00288699
0.000192659
0.00098464
0.00155434
0.00185601
0.0020167
0.00213688
0.00225201
0.00236313
0.00246446
0.00255221
0.00262477
0.00268182
0.000179044
0.000797781
0.00132041
0.00159041
0.00172932
0.00183974
0.00195277
0.00206481
0.00216857
0.00226081
0.00234065
0.00240868
0.000164498
0.000608709
0.00106389
0.00128691
0.00139174
0.00148511
0.00159004
0.00169673
0.00179642
0.00188695
0.00196779
0.00204049
0.000147669
0.000426898
0.000780795
0.000920051
0.00097864
0.00104743
0.00113549
0.00122824
0.00131647
0.00139768
0.00146934
0.00153582
0.00012778
0.00025042
0.000433143
0.000469483
0.000486575
0.000521947
0.000579505
0.000641668
0.000699159
0.000752874
0.000797869
0.000840425
3.36237e-05
3.81361e-05
4.7419e-05
5.34071e-05
5.69065e-05
5.9955e-05
6.43329e-05
6.96748e-05
7.50173e-05
7.9769e-05
8.42025e-05
8.84104e-05
0.00328818
0.00318635
0.00307824
0.00293378
0.00274138
0.00253068
0.00229892
0.00204536
0.00175573
0.00138208
0.000822248
0.000252415
0.00325439
0.00315665
0.00306032
0.00293096
0.00273213
0.00250158
0.00223419
0.00193169
0.00158528
0.00116272
0.000571476
0.000146195
0.00320965
0.00312533
0.00303663
0.00292757
0.00273433
0.00249873
0.00221556
0.00189234
0.00153574
0.00115861
0.000616565
0.000137796
0.00314207
0.00308187
0.00300334
0.00291535
0.00273836
0.00251195
0.00223156
0.001911
0.00157149
0.00124635
0.000728355
0.000143208
0.00304504
0.00301311
0.00295001
0.00288257
0.00273093
0.00252305
0.00225775
0.00195156
0.00162941
0.00130099
0.000832541
0.000149291
0.00290939
0.00290487
0.00286339
0.00281594
0.00269334
0.00250946
0.00226506
0.00197508
0.00165828
0.00130426
0.000875184
0.000154841
0.00272234
0.00274224
0.00272469
0.00269713
0.0026031
0.00244589
0.00222427
0.00194944
0.00163191
0.00126753
0.000845318
0.000157936
0.00246418
0.00250362
0.00250945
0.00250036
0.00243154
0.00230247
0.00210545
0.00184745
0.00153366
0.00117041
0.000768782
0.000156483
0.00210467
0.00215624
0.00218108
0.00218703
0.00213997
0.00203731
0.00187338
0.00163984
0.00134512
0.00100346
0.000636749
0.000151172
0.00159763
0.0016495
0.0016835
0.00169807
0.00166964
0.0015924
0.00147446
0.00129081
0.00103911
0.000752602
0.000451206
0.000139869
0.000881263
0.000916435
0.000942536
0.000956087
0.000945456
0.000903976
0.000839816
0.000744869
0.00058467
0.000401995
0.000217782
0.000120542
9.27443e-05
9.73696e-05
0.000101596
0.000105098
0.000106903
0.00010624
0.000103462
9.82251e-05
9.02943e-05
7.81298e-05
6.12513e-05
3.82294e-05
0.000323318
0.00201676
0.00267914
0.0029016
0.00303466
0.003135
0.00322749
0.00331169
0.00337805
0.00341306
0.0034122
0.00337217
0.00027697
0.00178467
0.00250466
0.00278627
0.00293575
0.0030416
0.0031357
0.00322055
0.00329004
0.00333248
0.00334217
0.00331824
0.000253521
0.00160671
0.00233044
0.00264916
0.00281137
0.00292386
0.00302187
0.00311017
0.00318393
0.0032349
0.0032577
0.00325055
0.000236024
0.00145057
0.00215352
0.00248834
0.00266013
0.00277882
0.00288204
0.00297571
0.00305582
0.00311611
0.00315206
0.00316153
0.000221074
0.00130278
0.00196804
0.00230412
0.00247988
0.0026028
0.00271138
0.00281137
0.00289887
0.00296889
0.00301788
0.00304408
0.000207004
0.00115177
0.0017711
0.00209539
0.00226799
0.0023918
0.00250466
0.00261077
0.00270566
0.00278507
0.00284649
0.0028888
0.000192996
0.000986448
0.00155742
0.00185991
0.00202088
0.00214093
0.00225567
0.00236631
0.00246715
0.00255445
0.00262663
0.00268339
0.000179366
0.000799288
0.00132307
0.00159384
0.00173298
0.00184326
0.00195595
0.00206758
0.00217091
0.00226276
0.00234225
0.00241001
0.000164798
0.000609918
0.00106608
0.00128975
0.00139472
0.00148793
0.00159258
0.00169897
0.00179832
0.00188853
0.00196908
0.00204155
0.000147946
0.000427808
0.000782424
0.0009221
0.00098071
0.00104932
0.00113719
0.00122978
0.00131779
0.0013988
0.00147026
0.00153655
0.000128025
0.000251007
0.000434079
0.000470557
0.000487624
0.000522835
0.00058027
0.000642374
0.000699782
0.000753411
0.000798297
0.000840753
3.36834e-05
3.82078e-05
4.75144e-05
5.35117e-05
5.70129e-05
6.0049e-05
6.44082e-05
6.97293e-05
7.50609e-05
7.98031e-05
8.4228e-05
8.84285e-05
0.0032909
0.00318915
0.00308096
0.00293624
0.00274372
0.00253288
0.00230078
0.00204681
0.00175684
0.00138268
0.000822398
0.00025246
0.00325689
0.00315928
0.00306299
0.00293335
0.00273441
0.00250376
0.00223608
0.0019332
0.00158642
0.00116348
0.000571946
0.000146262
0.00321199
0.00312766
0.00303912
0.00292982
0.00273646
0.00250079
0.00221741
0.00189386
0.00153694
0.00115954
0.00061725
0.000137855
0.00314421
0.00308391
0.00300554
0.00291739
0.00274027
0.00251381
0.00223327
0.00191245
0.00157266
0.00124726
0.00072916
0.000143263
0.00304694
0.00301487
0.00295189
0.00288434
0.00273257
0.00252466
0.00225924
0.00195285
0.00163046
0.00130182
0.000833211
0.000149346
0.00291104
0.00290637
0.00286493
0.00281741
0.00269468
0.00251077
0.00226629
0.00197618
0.00165919
0.00130498
0.000875762
0.000154892
0.00272372
0.00274348
0.00272592
0.00269831
0.00260413
0.00244694
0.00222521
0.00195035
0.00163266
0.00126817
0.000845883
0.000157978
0.00246531
0.00250461
0.00251039
0.00250125
0.00243228
0.00230325
0.00210613
0.00184817
0.00153424
0.00117093
0.000769235
0.000156515
0.00210553
0.00215697
0.00218173
0.00218768
0.00214038
0.00203789
0.00187375
0.00164043
0.00134547
0.00100381
0.000637125
0.000151191
0.00159819
0.00164995
0.00168389
0.00169841
0.00166985
0.00159268
0.0014747
0.00129109
0.00103934
0.000752811
0.000451409
0.000139899
0.000881485
0.000916599
0.000942661
0.000956168
0.000945487
0.000904017
0.000839894
0.000744922
0.000584808
0.000402072
0.000217862
0.000120565
9.27625e-05
9.73833e-05
0.000101606
0.000105097
0.000106904
0.000106234
0.00010346
9.8222e-05
9.02913e-05
7.81272e-05
6.12521e-05
3.82289e-05
0.000323082
0.00201462
0.00267569
0.00289754
0.00303045
0.0031309
0.00322364
0.00330813
0.00337482
0.0034101
0.00340947
0.00336955
0.000276691
0.00178236
0.00250097
0.00278196
0.00293125
0.00303722
0.0031316
0.00321679
0.00328661
0.00332937
0.00333931
0.00331557
0.000253224
0.00160434
0.00232668
0.00264476
0.00280674
0.00291934
0.00301764
0.00310631
0.00318045
0.00323175
0.00325482
0.00324786
0.000235716
0.00144823
0.00214981
0.00248395
0.00265549
0.00277427
0.00287779
0.00297184
0.00305235
0.003113
0.00314923
0.00315891
0.000220766
0.00130052
0.00196447
0.00229985
0.00247534
0.00259833
0.0027072
0.00280758
0.0028955
0.00296587
0.00301516
0.00304157
0.000206697
0.00114963
0.00176773
0.00209134
0.00226366
0.00238753
0.00250067
0.00260716
0.00270244
0.00278221
0.00284392
0.00288647
0.000192698
0.000984461
0.00155433
0.00185618
0.0020169
0.002137
0.002252
0.00236298
0.00246418
0.00255181
0.00262428
0.00268127
0.000179077
0.000797536
0.00132033
0.00159055
0.00172948
0.00183981
0.00195273
0.00206466
0.0021683
0.00226043
0.00234019
0.00240817
0.000164524
0.000608455
0.00106377
0.00128703
0.00139187
0.00148515
0.00158998
0.00169659
0.00179618
0.00188663
0.0019674
0.00204006
0.000147686
0.000426684
0.000780669
0.000920163
0.000978727
0.00104742
0.00113541
0.00122811
0.00131628
0.00139745
0.00146907
0.00153552
0.000127787
0.000250305
0.000433078
0.000469549
0.000486615
0.00052191
0.000579416
0.000641578
0.00069905
0.000752749
0.000797737
0.000840281
3.36262e-05
3.8134e-05
4.74159e-05
5.34092e-05
5.69102e-05
5.99544e-05
6.43261e-05
6.96626e-05
7.50034e-05
7.9754e-05
8.41869e-05
8.83948e-05
0.00328845
0.00318666
0.00307861
0.00293418
0.00274178
0.00253107
0.00229919
0.00204545
0.00175574
0.00138197
0.000821995
0.000252336
0.00325444
0.00315675
0.0030605
0.00293119
0.00273239
0.00250187
0.00223439
0.00193173
0.00158519
0.00116256
0.000571261
0.000146164
0.0032095
0.00312524
0.00303663
0.00292764
0.00273444
0.00249889
0.00221568
0.00189233
0.00153561
0.00115847
0.000616363
0.000137779
0.00314175
0.00308161
0.00300317
0.00291526
0.00273832
0.00251197
0.00223158
0.00191094
0.00157134
0.00124619
0.000728119
0.000143195
0.00304459
0.00301271
0.0029497
0.00288234
0.00273077
0.00252295
0.00225767
0.00195143
0.00162924
0.00130079
0.000832377
0.00014928
0.00290886
0.00290438
0.00286298
0.0028156
0.00269307
0.00250925
0.00226489
0.0019749
0.00165808
0.00130407
0.000875018
0.000154833
0.00272178
0.00274171
0.00272423
0.00269673
0.00260276
0.00244562
0.00222404
0.00194923
0.0016317
0.00126733
0.000845158
0.000157932
0.00246366
0.00250311
0.002509
0.00249996
0.0024312
0.00230218
0.0021052
0.00184724
0.00153346
0.00117024
0.000768672
0.000156483
0.00210423
0.00215581
0.0021807
0.00218668
0.00213966
0.00203705
0.00187316
0.00163966
0.00134496
0.00100333
0.000636678
0.000151174
0.00159732
0.0016492
0.00168323
0.00169783
0.00166942
0.00159221
0.0014743
0.00129069
0.001039
0.000752522
0.000451169
0.000139869
0.000881106
0.000916286
0.0009424
0.000955967
0.000945349
0.000903882
0.000839732
0.000744807
0.000584623
0.000401958
0.000217771
0.000120537
9.27307e-05
9.7357e-05
0.000101584
0.000105088
0.000106895
0.000106233
0.000103455
9.82198e-05
9.02906e-05
7.81284e-05
6.12529e-05
3.82336e-05
0.000322997
0.00201427
0.00267522
0.00289706
0.0030299
0.00313018
0.00322262
0.00330667
0.00337286
0.00340777
0.00340708
0.00336763
0.000276615
0.00178216
0.00250072
0.00278174
0.002931
0.00303682
0.00313091
0.00321568
0.003285
0.00332734
0.00333712
0.00331388
0.000253153
0.00160428
0.00232664
0.00264477
0.00280675
0.00291924
0.00301729
0.00310557
0.00317924
0.00323014
0.003253
0.00324634
0.000235653
0.0014483
0.00214997
0.00248416
0.00265572
0.00277443
0.00287775
0.00297146
0.00305155
0.00311181
0.0031478
0.0031576
0.000220709
0.00130073
0.00196479
0.0023002
0.00247571
0.00259868
0.00270741
0.0028075
0.00289505
0.00296508
0.00301411
0.00304054
0.000206653
0.00115
0.00176819
0.00209176
0.00226409
0.00238798
0.00250102
0.0026073
0.00270228
0.00278174
0.00284322
0.0028857
0.000192658
0.000985054
0.00155489
0.00185661
0.00201731
0.00213744
0.00225241
0.00236324
0.0024642
0.00255158
0.00262384
0.00268074
0.000179047
0.000798232
0.00132095
0.0015909
0.00172979
0.00184018
0.0019531
0.00206492
0.00216838
0.00226032
0.00233991
0.00240782
0.000164502
0.000609137
0.00106438
0.00128725
0.00139204
0.00148539
0.00159024
0.00169677
0.00179623
0.00188654
0.00196718
0.0020398
0.00014768
0.000427251
0.000781186
0.000920206
0.000978746
0.00104753
0.00113555
0.00122818
0.00131626
0.00139731
0.00146882
0.00153532
0.000127796
0.000250624
0.000433346
0.000469506
0.000486564
0.00052194
0.000579497
0.00064156
0.000698982
0.000752577
0.000797453
0.000840095
3.36252e-05
3.81458e-05
4.74341e-05
5.34161e-05
5.69084e-05
5.99517e-05
6.43285e-05
6.96758e-05
7.50077e-05
7.97458e-05
8.41691e-05
8.83829e-05
)
;

boundaryField
{
    rotor
    {
        type            nutkWallFunction;
        Cmu             0.09;
        kappa           0.41;
        E               9.8;
        value           nonuniform List<scalar> 
192
(
0
3.07078e-06
3.78608e-06
3.54752e-06
3.22367e-06
4.23051e-06
1.06668e-05
1.72822e-05
1.97582e-05
2.08432e-05
2.16093e-05
2.19571e-05
2.2108e-05
2.20104e-05
2.18434e-05
2.15411e-05
2.10406e-05
2.03465e-05
1.94208e-05
1.81901e-05
1.65542e-05
1.4438e-05
1.18911e-05
2.28675e-06
0
3.10254e-06
3.81331e-06
3.5761e-06
3.24319e-06
4.2344e-06
1.06287e-05
1.72579e-05
1.97412e-05
2.0827e-05
2.15944e-05
2.19429e-05
2.20944e-05
2.19971e-05
2.18308e-05
2.15291e-05
2.10293e-05
2.03357e-05
1.94108e-05
1.81809e-05
1.65458e-05
1.44305e-05
1.1884e-05
2.28277e-06
0
3.10417e-06
3.81092e-06
3.56796e-06
3.24199e-06
4.25967e-06
1.0734e-05
1.73156e-05
1.97781e-05
2.08628e-05
2.16272e-05
2.19744e-05
2.2124e-05
2.20257e-05
2.18571e-05
2.15537e-05
2.10515e-05
2.03561e-05
1.9429e-05
1.8197e-05
1.65596e-05
1.4442e-05
1.18936e-05
2.28811e-06
0
3.10422e-06
3.81524e-06
3.57812e-06
3.24569e-06
4.23727e-06
1.06353e-05
1.72615e-05
1.97429e-05
2.08278e-05
2.15948e-05
2.19431e-05
2.20946e-05
2.19974e-05
2.18315e-05
2.153e-05
2.10305e-05
2.03371e-05
1.94124e-05
1.81828e-05
1.65479e-05
1.44328e-05
1.18871e-05
2.28458e-06
0
6.65687e-07
3.32239e-06
5.88945e-06
7.88869e-06
9.29486e-06
1.02339e-05
1.1068e-05
1.21177e-05
1.37177e-05
1.63247e-05
3.26083e-05
2.28458e-06
8.59833e-06
1.31531e-05
1.72241e-05
2.09801e-05
2.47991e-05
2.85873e-05
3.27282e-05
3.70889e-05
4.16084e-05
4.64983e-05
5.24258e-05
0
6.71361e-07
3.32717e-06
5.88889e-06
7.88423e-06
9.28888e-06
1.02271e-05
1.10609e-05
1.21114e-05
1.37112e-05
1.63188e-05
3.26091e-05
2.28675e-06
8.60167e-06
1.31573e-05
1.72294e-05
2.09861e-05
2.48058e-05
2.85945e-05
3.27358e-05
3.7097e-05
4.16167e-05
4.65064e-05
5.24339e-05
0
6.77004e-07
3.34408e-06
5.90815e-06
7.909e-06
9.31089e-06
1.02464e-05
1.10789e-05
1.21236e-05
1.37205e-05
1.63251e-05
3.26106e-05
2.28277e-06
8.59612e-06
1.31511e-05
1.72223e-05
2.09784e-05
2.47975e-05
2.85857e-05
3.27266e-05
3.70875e-05
4.16072e-05
4.64974e-05
5.24252e-05
0
6.7286e-07
3.32874e-06
5.89028e-06
7.88471e-06
9.28889e-06
1.02267e-05
1.10598e-05
1.21105e-05
1.37109e-05
1.632e-05
3.26152e-05
2.28811e-06
8.60382e-06
1.31602e-05
1.7233e-05
2.09902e-05
2.48104e-05
2.85996e-05
3.27413e-05
3.7103e-05
4.16232e-05
4.65135e-05
5.24422e-05
)
;
    }
    stator
    {
        type            nutkWallFunction;
        Cmu             0.09;
        kappa           0.41;
        E               9.8;
        value           nonuniform List<scalar> 
192
(
7.25525e-06
7.96338e-06
8.61396e-06
9.15542e-06
9.45122e-06
9.36641e-06
8.95994e-06
8.17906e-06
6.97947e-06
5.10343e-06
2.42403e-06
0
0
0
6.02236e-08
1.04952e-06
1.61507e-06
2.10141e-06
2.79956e-06
3.65363e-06
4.49785e-06
5.24554e-06
5.93959e-06
6.59658e-06
7.25434e-06
7.96217e-06
8.61276e-06
9.15428e-06
9.44997e-06
9.36503e-06
8.95846e-06
8.17752e-06
6.97804e-06
5.10226e-06
2.4236e-06
0
0
0
7.61342e-08
1.06691e-06
1.63275e-06
2.11699e-06
2.81182e-06
3.66217e-06
4.50447e-06
5.25051e-06
5.94308e-06
6.59881e-06
7.25644e-06
7.96375e-06
8.6139e-06
9.15385e-06
9.44947e-06
9.36367e-06
8.95768e-06
8.17657e-06
6.97723e-06
5.10176e-06
2.42348e-06
0
0
0
5.97109e-08
1.04996e-06
1.61585e-06
2.10149e-06
2.79854e-06
3.65147e-06
4.49542e-06
5.24295e-06
5.93688e-06
6.59387e-06
7.25195e-06
7.96001e-06
8.61081e-06
9.15253e-06
9.44844e-06
9.36366e-06
8.95727e-06
8.17652e-06
6.97733e-06
5.10192e-06
2.4237e-06
0
0
0
6.28983e-08
1.05126e-06
1.61574e-06
2.10138e-06
2.79921e-06
3.65361e-06
4.49601e-06
5.24159e-06
5.93398e-06
6.5921e-06
3.87299e-05
3.27149e-05
2.9618e-05
2.72899e-05
2.5289e-05
2.33939e-05
2.14931e-05
1.96262e-05
1.76094e-05
1.5244e-05
1.23981e-05
0
2.97459e-05
1.50925e-05
1.38826e-05
1.4674e-05
1.5552e-05
1.63523e-05
1.68254e-05
1.66431e-05
1.59166e-05
1.43225e-05
1.15352e-05
0
3.87724e-05
3.27616e-05
2.96663e-05
2.7339e-05
2.53376e-05
2.34415e-05
2.15392e-05
1.96706e-05
1.76512e-05
1.52828e-05
1.2433e-05
0
2.97541e-05
1.50937e-05
1.38832e-05
1.46753e-05
1.55537e-05
1.63546e-05
1.68283e-05
1.66457e-05
1.59188e-05
1.43241e-05
1.15361e-05
0
3.87425e-05
3.27256e-05
2.96274e-05
2.72983e-05
2.52964e-05
2.34002e-05
2.14988e-05
1.96311e-05
1.76134e-05
1.52467e-05
1.23995e-05
0
2.97541e-05
1.51007e-05
1.38909e-05
1.46825e-05
1.55608e-05
1.6361e-05
1.68335e-05
1.66497e-05
1.59211e-05
1.43272e-05
1.15378e-05
0
3.87308e-05
3.27147e-05
2.96173e-05
2.72892e-05
2.52882e-05
2.33937e-05
2.14929e-05
1.96265e-05
1.76099e-05
1.52454e-05
1.24003e-05
0
2.97415e-05
1.50884e-05
1.38802e-05
1.46729e-05
1.55516e-05
1.63527e-05
1.68271e-05
1.66451e-05
1.59188e-05
1.43245e-05
1.15368e-05
0
)
;
    }
    front
    {
        type            empty;
    }
    back
    {
        type            empty;
    }
}


// ************************************************************************* //
