/*--------------------------------*- C++ -*----------------------------------*\
| =========                 |                                                 |
| \\      /  F ield         | OpenFOAM: The Open Source CFD Toolbox           |
|  \\    /   O peration     | Version:  4.0                                   |
|   \\  /    A nd           | Web:      www.OpenFOAM.org                      |
|    \\/     M anipulation  |                                                 |
\*---------------------------------------------------------------------------*/
FoamFile
{
    version     2.0;
    format      ascii;
    class       surfaceScalarField;
    location    "250";
    object      phi;
}
// * * * * * * * * * * * * * * * * * * * * * * * * * * * * * * * * * * * * * //

dimensions      [0 3 -1 0 0 0 0];

internalField   nonuniform List<scalar> 
5952
(
5.53286e-06
-5.44209e-06
9.32328e-06
-3.79226e-06
1.20591e-05
-2.734e-06
1.26017e-05
-5.41184e-07
1.00063e-05
2.59643e-06
4.33706e-06
5.67347e-06
-6.81154e-06
1.11486e-05
-2.32651e-05
1.64556e-05
-3.7223e-05
1.39576e-05
-4.80339e-05
1.08107e-05
-5.63193e-05
8.2854e-06
6.10402e-06
-6.24241e-05
2.12093e-06
-7.56273e-06
2.86873e-06
-4.53999e-06
2.40181e-07
-1.0428e-07
-6.18334e-06
5.88415e-06
-1.73283e-05
1.37421e-05
-3.04392e-05
1.87855e-05
-3.99619e-05
2.06717e-05
-4.36506e-05
2.01449e-05
-4.66409e-05
1.6948e-05
-4.95749e-05
1.37445e-05
-5.21619e-05
1.08725e-05
7.89348e-06
-5.39519e-05
-7.3268e-07
-6.82973e-06
-4.10483e-06
-1.16718e-06
-1.1128e-05
6.91962e-06
-2.07393e-05
1.54963e-05
-2.85056e-05
2.1509e-05
-3.34022e-05
2.36827e-05
-3.61504e-05
2.34203e-05
-3.74723e-05
2.14671e-05
-3.87422e-05
1.82181e-05
-4.00651e-05
1.50673e-05
-4.11519e-05
1.19594e-05
8.81077e-06
-4.20695e-05
-4.3727e-06
-2.45617e-06
-1.03155e-05
4.77613e-06
-1.67338e-05
1.33384e-05
-2.22073e-05
2.09705e-05
-2.56932e-05
2.49953e-05
-2.76778e-05
2.56678e-05
-2.87376e-05
2.44803e-05
-2.92908e-05
2.20204e-05
-2.98556e-05
1.87829e-05
-3.03458e-05
1.55572e-05
-3.07344e-05
1.23478e-05
9.17882e-06
-3.11027e-05
-5.49832e-06
3.04289e-06
-1.0797e-05
1.00752e-05
-1.51555e-05
1.76976e-05
-1.80688e-05
2.38846e-05
-1.95355e-05
2.64624e-05
-2.01317e-05
2.62645e-05
-2.0126e-05
2.44746e-05
-1.99266e-05
2.1821e-05
-1.98716e-05
1.87275e-05
-1.98915e-05
1.55767e-05
-1.99663e-05
1.24223e-05
9.28207e-06
-2.007e-05
-4.87704e-06
7.92042e-06
-8.86185e-06
1.40609e-05
-1.14623e-05
2.02987e-05
-1.25304e-05
2.49536e-05
-1.25838e-05
2.65166e-05
-1.20434e-05
2.57245e-05
-1.12757e-05
2.37073e-05
-1.05609e-05
2.1106e-05
-1.00359e-05
1.82024e-05
-9.67446e-06
1.52149e-05
-9.44603e-06
1.21936e-05
9.14693e-06
-9.31118e-06
-3.82307e-06
1.17448e-05
-6.58612e-06
1.68249e-05
-7.62718e-06
2.1341e-05
-7.1246e-06
2.44525e-05
-5.79185e-06
2.51848e-05
-4.19938e-06
2.41332e-05
-2.68434e-06
2.21926e-05
-1.39087e-06
1.9813e-05
-3.8129e-07
1.71928e-05
3.71997e-07
1.44617e-05
9.11526e-07
1.1654e-05
8.77481e-06
1.28354e-06
-3.04497e-06
1.47921e-05
-4.64508e-06
1.84265e-05
-4.2017e-06
2.08994e-05
-2.16329e-06
2.24155e-05
5.41812e-07
2.24811e-05
3.21485e-06
2.14611e-05
5.57615e-06
1.98321e-05
7.53603e-06
1.78535e-05
9.08449e-06
1.56446e-05
1.02679e-05
1.32783e-05
1.1147e-05
1.07749e-05
8.14221e-06
1.17796e-05
-2.45389e-06
1.72482e-05
-3.06965e-06
1.90442e-05
-9.4589e-07
1.87774e-05
2.67147e-06
1.87997e-05
6.7115e-06
1.84426e-05
1.04847e-05
1.76892e-05
1.37333e-05
1.65846e-05
1.64047e-05
1.51828e-05
1.8526e-05
1.35238e-05
2.01658e-05
1.16389e-05
2.1407e-05
9.53403e-06
7.22701e-06
2.23223e-05
-3.10001e-06
2.03499e-05
-1.20488e-06
1.7151e-05
3.51341e-06
1.40604e-05
8.84336e-06
1.34714e-05
1.40746e-05
1.32128e-05
1.87476e-05
1.30176e-05
2.27072e-05
1.2626e-05
2.59486e-05
1.19422e-05
2.85299e-05
1.09429e-05
3.05374e-05
9.63169e-06
3.20731e-05
7.99837e-06
6.0785e-06
3.32217e-05
3.7157e-08
2.03152e-05
6.55026e-06
1.06391e-05
1.34401e-05
7.17169e-06
1.9774e-05
7.13871e-06
2.53708e-05
7.61722e-06
3.01775e-05
8.21219e-06
3.42025e-05
8.60212e-06
3.74895e-05
8.65617e-06
4.01137e-05
8.31933e-06
4.21603e-05
7.58549e-06
4.37356e-05
6.42339e-06
4.89523e-06
4.49191e-05
1.98775e-05
4.37863e-07
2.8448e-05
2.06896e-06
3.43313e-05
1.28888e-06
3.92447e-05
2.22563e-06
4.33082e-05
3.55433e-06
4.67671e-05
4.7539e-06
4.97141e-05
5.65583e-06
5.21669e-05
6.20365e-06
5.41493e-05
6.33721e-06
5.56938e-05
6.041e-06
5.68797e-05
5.23751e-06
5.77571e-05
4.01775e-06
-6.63946e-05
3.97066e-06
-6.85351e-05
2.13988e-06
-6.88478e-05
3.13386e-07
-6.75481e-05
-1.30048e-06
-6.46133e-05
-2.93448e-06
-5.99534e-05
-4.66079e-06
-5.34709e-05
-6.48211e-06
-4.50269e-05
-8.44367e-06
-3.44833e-05
-1.05437e-05
-2.19979e-05
-1.24844e-05
-9.21406e-06
-1.27827e-05
-9.21367e-06
-5.51239e-05
5.14302e-06
-5.55712e-05
2.58674e-06
-5.54177e-05
1.60466e-07
-5.45254e-05
-2.19309e-06
-5.2803e-05
-4.6565e-06
-5.01261e-05
-7.33775e-06
-4.63116e-05
-1.02961e-05
-4.11438e-05
-1.36108e-05
-3.43894e-05
-1.72972e-05
-2.57918e-05
-2.10818e-05
-1.447e-05
-2.41038e-05
-2.36834e-05
-4.27421e-05
5.81575e-06
-4.31038e-05
2.94817e-06
-4.30617e-05
1.18619e-07
-4.24579e-05
-2.79698e-06
-4.12184e-05
-5.8958e-06
-3.92697e-05
-9.28625e-06
-3.64959e-05
-1.30693e-05
-3.27959e-05
-1.73101e-05
-2.80466e-05
-2.2046e-05
-2.17661e-05
-2.73619e-05
-1.30968e-05
-3.27724e-05
-3.67799e-05
-3.13723e-05
6.08522e-06
-3.14472e-05
3.02285e-06
-3.12445e-05
-8.40983e-08
-3.07051e-05
-3.33639e-06
-2.97753e-05
-6.82557e-06
-2.84103e-05
-1.06511e-05
-2.65333e-05
-1.4946e-05
-2.40593e-05
-1.97836e-05
-2.08212e-05
-2.52837e-05
-1.64122e-05
-3.17706e-05
-9.9858e-06
-3.91982e-05
-4.67654e-05
-2.01381e-05
6.15314e-06
-2.01119e-05
2.99631e-06
-1.99431e-05
-2.52912e-07
-1.9601e-05
-3.67865e-06
-1.90602e-05
-7.36631e-06
-1.82936e-05
-1.14176e-05
-1.72596e-05
-1.59796e-05
-1.58946e-05
-2.11482e-05
-1.40236e-05
-2.71543e-05
-1.14767e-05
-3.43172e-05
-7.39335e-06
-4.32809e-05
-5.41586e-05
-9.2204e-06
6.06208e-06
-9.13194e-06
2.90773e-06
-9.01807e-06
-3.66935e-07
-8.86653e-06
-3.83011e-06
-8.67311e-06
-7.55971e-06
-8.4352e-06
-1.16552e-05
-8.16938e-06
-1.62452e-05
-7.84248e-06
-2.14747e-05
-7.38637e-06
-2.76103e-05
-6.61216e-06
-3.5091e-05
-4.83148e-06
-4.50613e-05
-5.89899e-05
1.53261e-06
5.81297e-06
1.69084e-06
2.74942e-06
1.7735e-06
-4.49438e-07
1.77659e-06
-3.83313e-06
1.68151e-06
-7.46433e-06
1.45729e-06
-1.14308e-05
1.0617e-06
-1.58493e-05
4.66638e-07
-2.08795e-05
-3.27745e-07
-2.68156e-05
-1.2234e-06
-3.41954e-05
-1.8242e-06
-4.44602e-05
-6.0814e-05
1.22149e-05
5.37762e-06
1.24827e-05
2.48172e-06
1.25904e-05
-5.56908e-07
1.25206e-05
-3.76308e-06
1.22325e-05
-7.17596e-06
1.1664e-05
-1.08619e-05
1.07287e-05
-1.49137e-05
9.32442e-06
-1.9475e-05
7.33877e-06
-2.48301e-05
4.71793e-06
-3.15742e-05
1.79562e-06
-4.15377e-05
-5.90181e-05
2.29737e-05
4.72644e-06
2.33937e-05
2.06198e-06
2.3588e-05
-7.50806e-07
2.35313e-05
-3.70605e-06
2.31655e-05
-6.80975e-06
2.24013e-05
-1.00973e-05
2.11053e-05
-1.36174e-05
1.90971e-05
-1.74666e-05
1.61296e-05
-2.18622e-05
1.19305e-05
-2.7375e-05
6.51937e-06
-3.61259e-05
-5.24985e-05
3.40611e-05
3.8871e-06
3.46286e-05
1.49476e-06
3.49332e-05
-1.05503e-06
3.49496e-05
-3.72198e-06
3.46104e-05
-6.47017e-06
3.38092e-05
-9.29576e-06
3.23729e-05
-1.21808e-05
3.00495e-05
-1.51429e-05
2.6432e-05
-1.82445e-05
2.10221e-05
-2.19646e-05
1.29377e-05
-2.80409e-05
-3.95598e-05
4.58039e-05
3.00269e-06
4.6424e-05
8.751e-07
4.67924e-05
-1.42292e-06
4.68871e-05
-3.81615e-06
4.6641e-05
-6.22362e-06
4.59459e-05
-8.60018e-06
4.46095e-05
-1.0844e-05
4.2352e-05
-1.2885e-05
3.8619e-05
-1.4511e-05
3.26733e-05
-1.60183e-05
2.19839e-05
-1.73503e-05
-1.7575e-05
5.84335e-05
2.3265e-06
5.89259e-05
3.82979e-07
5.92483e-05
-1.74488e-06
5.93784e-05
-3.94567e-06
5.92535e-05
-6.09823e-06
5.87763e-05
-8.12258e-06
5.77688e-05
-9.83607e-06
5.59875e-05
-1.11032e-05
5.29097e-05
-1.14327e-05
4.75791e-05
-1.06873e-05
3.62193e-05
-5.98953e-06
1.86452e-05
5.46821e-06
-5.46596e-06
9.28941e-06
-3.82218e-06
1.20402e-05
-2.7498e-06
1.25929e-05
-5.52521e-07
1.0011e-05
2.58279e-06
4.35718e-06
5.65799e-06
-6.7575e-06
1.11162e-05
-2.32022e-05
1.64481e-05
-3.71705e-05
1.39694e-05
-4.79823e-05
1.08131e-05
-5.62725e-05
8.29133e-06
6.10686e-06
-6.23789e-05
2.1235e-06
-7.58813e-06
2.86497e-06
-4.56251e-06
2.40532e-07
-1.24723e-07
-6.16835e-06
5.85748e-06
-1.72959e-05
1.37106e-05
-3.04024e-05
1.87653e-05
-3.99429e-05
2.06573e-05
-4.36368e-05
2.01428e-05
-4.6619e-05
1.69523e-05
-4.95519e-05
1.37463e-05
-5.21367e-05
1.08767e-05
7.89697e-06
-5.39268e-05
-7.38847e-07
-6.84683e-06
-4.1099e-06
-1.19015e-06
-1.11215e-05
6.88797e-06
-2.07246e-05
1.54611e-05
-2.84934e-05
2.14799e-05
-3.33925e-05
2.36649e-05
-3.61439e-05
2.34089e-05
-3.7464e-05
2.14632e-05
-3.87295e-05
1.82178e-05
-4.00505e-05
1.50672e-05
-4.11353e-05
1.19614e-05
8.81343e-06
-4.2052e-05
-4.3743e-06
-2.46988e-06
-1.0313e-05
4.74975e-06
-1.67285e-05
1.33047e-05
-2.22022e-05
2.09355e-05
-2.56906e-05
2.49691e-05
-2.76759e-05
2.56507e-05
-2.87351e-05
2.44684e-05
-2.92861e-05
2.20143e-05
-2.98484e-05
1.87798e-05
-3.03371e-05
1.55557e-05
-3.07242e-05
1.23481e-05
9.18009e-06
-3.10912e-05
-5.49574e-06
3.028e-06
-1.07949e-05
1.00504e-05
-1.51543e-05
1.76646e-05
-1.807e-05
2.38526e-05
-1.95381e-05
2.64381e-05
-2.01342e-05
2.62474e-05
-2.01279e-05
2.44628e-05
-1.99267e-05
2.1813e-05
-1.98694e-05
1.87226e-05
-1.98878e-05
1.55736e-05
-1.9961e-05
1.24211e-05
9.28216e-06
-2.00635e-05
-4.87621e-06
7.90652e-06
-8.86282e-06
1.4037e-05
-1.14651e-05
2.02689e-05
-1.25363e-05
2.49249e-05
-1.25909e-05
2.64943e-05
-1.20501e-05
2.57083e-05
-1.12817e-05
2.3695e-05
-1.0565e-05
2.10972e-05
-1.00385e-05
1.8196e-05
-9.67535e-06
1.52108e-05
-9.44564e-06
1.21912e-05
9.14615e-06
-9.30964e-06
-3.82445e-06
1.17333e-05
-6.58955e-06
1.68049e-05
-7.63478e-06
2.13156e-05
-7.13538e-06
2.44278e-05
-5.80354e-06
2.51649e-05
-4.2108e-06
2.41173e-05
-2.69433e-06
2.21803e-05
-1.39944e-06
1.98033e-05
-3.88132e-07
1.71856e-05
3.66542e-07
1.44565e-05
9.07416e-07
1.16507e-05
8.77324e-06
1.28053e-06
-3.04793e-06
1.4785e-05
-4.65177e-06
1.84108e-05
-4.21307e-06
2.08799e-05
-2.17794e-06
2.23953e-05
5.25991e-07
2.24632e-05
3.19955e-06
2.14459e-05
5.56204e-06
1.98194e-05
7.52352e-06
1.78431e-05
9.07352e-06
1.56364e-05
1.02584e-05
1.32722e-05
1.11388e-05
1.07706e-05
8.13976e-06
1.17726e-05
-2.45772e-06
1.72459e-05
-3.07686e-06
1.90336e-05
-9.58687e-07
1.8763e-05
2.65516e-06
1.87839e-05
6.6936e-06
1.8427e-05
1.04668e-05
1.76748e-05
1.37163e-05
1.65717e-05
1.63892e-05
1.51717e-05
1.8512e-05
1.35146e-05
2.01534e-05
1.16316e-05
2.13959e-05
9.5286e-06
7.22348e-06
2.23126e-05
-3.10143e-06
2.03515e-05
-1.21101e-06
1.71441e-05
3.50348e-06
1.40522e-05
8.82907e-06
1.34598e-05
1.40582e-05
1.31999e-05
1.87303e-05
1.30043e-05
2.26903e-05
1.26133e-05
2.59326e-05
1.19307e-05
2.85152e-05
1.09329e-05
3.05239e-05
9.62339e-06
3.2061e-05
7.9919e-06
6.07384e-06
3.32108e-05
3.97207e-08
2.03143e-05
6.54984e-06
1.06374e-05
1.34348e-05
7.16628e-06
1.97654e-05
7.13089e-06
2.53599e-05
7.60698e-06
3.01651e-05
8.20063e-06
3.41895e-05
8.59043e-06
3.74765e-05
8.64498e-06
4.01011e-05
8.30927e-06
4.21485e-05
7.57668e-06
4.37247e-05
6.41625e-06
4.88968e-06
4.49093e-05
1.9883e-05
4.32997e-07
2.84522e-05
2.06747e-06
3.43334e-05
1.28745e-06
3.9244e-05
2.22058e-06
4.33048e-05
3.54661e-06
4.67615e-05
4.74462e-06
4.97067e-05
5.6458e-06
5.21587e-05
6.19365e-06
5.41407e-05
6.32768e-06
5.56853e-05
6.03233e-06
5.68716e-05
5.22997e-06
5.77498e-05
4.01165e-06
-6.63527e-05
3.97486e-06
-6.84956e-05
2.143e-06
-6.88117e-05
3.17212e-07
-6.75148e-05
-1.29736e-06
-6.45832e-05
-2.931e-06
-5.99265e-05
-4.6575e-06
-5.34477e-05
-6.47844e-06
-4.50074e-05
-8.44006e-06
-3.44678e-05
-1.05396e-05
-2.19867e-05
-1.24803e-05
-9.20865e-06
-1.27768e-05
-9.20833e-06
-5.50986e-05
5.14724e-06
-5.55465e-05
2.59073e-06
-5.53934e-05
1.64705e-07
-5.45021e-05
-2.18887e-06
-5.2781e-05
-4.65181e-06
-5.0106e-05
-7.33262e-06
-4.62936e-05
-1.02905e-05
-4.11284e-05
-1.36048e-05
-3.43768e-05
-1.72906e-05
-2.57826e-05
-2.10744e-05
-1.44636e-05
-2.40954e-05
-2.36717e-05
-4.27239e-05
5.8191e-06
-4.30854e-05
2.95197e-06
-4.30437e-05
1.22969e-07
-4.24407e-05
-2.79206e-06
-4.12024e-05
-5.89018e-06
-3.92551e-05
-9.27985e-06
-3.64833e-05
-1.30621e-05
-3.27854e-05
-1.73022e-05
-2.80386e-05
-2.20371e-05
-2.17609e-05
-2.7352e-05
-1.30946e-05
-3.27613e-05
-3.67661e-05
-3.136e-05
6.08755e-06
-3.14345e-05
3.0261e-06
-3.12318e-05
-7.99227e-08
-3.06929e-05
-3.33127e-06
-2.97638e-05
-6.81943e-06
-2.83998e-05
-1.06439e-05
-2.65241e-05
-1.49377e-05
-2.40516e-05
-1.97744e-05
-2.08153e-05
-2.52734e-05
-1.64079e-05
-3.17592e-05
-9.98321e-06
-3.91857e-05
-4.67493e-05
-2.01309e-05
6.15459e-06
-2.01041e-05
2.999e-06
-1.99353e-05
-2.49038e-07
-1.95932e-05
-3.67351e-06
-1.90529e-05
-7.35994e-06
-1.82868e-05
-1.14099e-05
-1.72537e-05
-1.59706e-05
-1.58898e-05
-2.11381e-05
-1.40199e-05
-2.7143e-05
-1.14742e-05
-3.43047e-05
-7.39279e-06
-4.3267e-05
-5.41419e-05
-9.21803e-06
6.0628e-06
-9.12897e-06
2.90988e-06
-9.01469e-06
-3.6333e-07
-8.86304e-06
-3.82512e-06
-8.66963e-06
-7.55324e-06
-8.43198e-06
-1.16473e-05
-8.16653e-06
-1.62359e-05
-7.84013e-06
-2.14641e-05
-7.38458e-06
-2.75984e-05
-6.61116e-06
-3.5078e-05
-4.83103e-06
-4.50468e-05
-5.89731e-05
1.53053e-06
5.81305e-06
1.68957e-06
2.7511e-06
1.77275e-06
-4.46245e-07
1.77632e-06
-3.82835e-06
1.68143e-06
-7.45805e-06
1.45734e-06
-1.14229e-05
1.06173e-06
-1.58399e-05
4.66556e-07
-2.08687e-05
-3.28086e-07
-2.68036e-05
-1.22387e-06
-3.4182e-05
-1.82506e-06
-4.44459e-05
-6.07979e-05
1.22091e-05
5.37689e-06
1.24778e-05
2.48268e-06
1.25863e-05
-5.54294e-07
1.25172e-05
-3.75885e-06
1.22296e-05
-7.17009e-06
1.16614e-05
-1.08544e-05
1.07264e-05
-1.49046e-05
9.32228e-06
-1.94643e-05
7.33693e-06
-2.4818e-05
4.71603e-06
-3.15612e-05
1.79437e-06
-4.15237e-05
-5.90035e-05
2.29652e-05
4.72468e-06
2.33863e-05
2.06202e-06
2.35815e-05
-7.49024e-07
2.35256e-05
-3.70256e-06
2.31605e-05
-6.80452e-06
2.23968e-05
-1.00904e-05
2.11012e-05
-1.36087e-05
1.90934e-05
-1.74563e-05
1.61262e-05
-2.18505e-05
1.19277e-05
-2.73621e-05
6.51712e-06
-3.61129e-05
-5.24861e-05
3.40515e-05
3.88428e-06
3.46202e-05
1.49379e-06
3.49257e-05
-1.05418e-06
3.49429e-05
-3.71931e-06
3.46044e-05
-6.46568e-06
3.38037e-05
-9.28937e-06
3.23678e-05
-1.21726e-05
3.00448e-05
-1.51329e-05
2.64277e-05
-1.8233e-05
2.10183e-05
-2.19522e-05
1.29349e-05
-2.80291e-05
-3.95501e-05
4.57951e-05
2.99894e-06
4.64161e-05
8.73219e-07
4.67853e-05
-1.42292e-06
4.68806e-05
-3.8142e-06
4.66351e-05
-6.21976e-06
4.59403e-05
-8.59422e-06
4.46042e-05
-1.08361e-05
4.2347e-05
-1.28752e-05
3.86142e-05
-1.44997e-05
3.26689e-05
-1.60064e-05
2.19807e-05
-1.73394e-05
-1.75693e-05
5.84269e-05
2.32196e-06
5.892e-05
3.8037e-07
5.92429e-05
-1.74546e-06
5.93732e-05
-3.94421e-06
5.92484e-05
-6.0946e-06
5.87712e-05
-8.11673e-06
5.77637e-05
-9.82807e-06
5.59823e-05
-1.10933e-05
5.29045e-05
-1.14213e-05
4.75742e-05
-1.06752e-05
3.62149e-05
-5.98045e-06
1.86472e-05
5.46384e-06
-5.46031e-06
9.28289e-06
-3.8196e-06
1.20299e-05
-2.74428e-06
1.25672e-05
-5.36645e-07
9.95943e-06
2.61137e-06
4.27816e-06
5.68566e-06
-6.91352e-06
1.11945e-05
-2.33657e-05
1.64553e-05
-3.72928e-05
1.39286e-05
-4.80899e-05
1.0798e-05
-5.63599e-05
8.27091e-06
6.09561e-06
-6.24553e-05
2.12538e-06
-7.58355e-06
2.84852e-06
-4.54168e-06
1.99337e-07
-9.35968e-08
-6.25349e-06
5.91766e-06
-1.74226e-05
1.37814e-05
-3.05259e-05
1.87899e-05
-3.9999e-05
2.06684e-05
-4.36677e-05
2.01247e-05
-4.66616e-05
1.69232e-05
-4.9591e-05
1.37277e-05
-5.21759e-05
1.08563e-05
7.88138e-06
-5.39617e-05
-7.57183e-07
-6.82552e-06
-4.15763e-06
-1.14084e-06
-1.12087e-05
6.95802e-06
-2.08169e-05
1.55262e-05
-2.85475e-05
2.15124e-05
-3.34247e-05
2.36676e-05
-3.61579e-05
2.34021e-05
-3.7477e-05
2.14443e-05
-3.87493e-05
1.81957e-05
-4.0071e-05
1.50496e-05
-4.11577e-05
1.19432e-05
8.7976e-06
-4.2074e-05
-4.39897e-06
-2.42618e-06
-1.03588e-05
4.8189e-06
-1.67723e-05
1.33717e-05
-2.22281e-05
2.09825e-05
-2.57002e-05
2.4985e-05
-2.768e-05
2.5648e-05
-2.87366e-05
2.44593e-05
-2.92895e-05
2.19977e-05
-2.98557e-05
1.87621e-05
-3.03457e-05
1.55398e-05
-3.07349e-05
1.23327e-05
9.16632e-06
-3.11036e-05
-5.51497e-06
3.0885e-06
-1.0813e-05
1.01169e-05
-1.5164e-05
1.77234e-05
-1.8068e-05
2.38875e-05
-1.95306e-05
2.64486e-05
-2.0126e-05
2.62446e-05
-2.01195e-05
2.44537e-05
-1.99217e-05
2.18009e-05
-1.98684e-05
1.87094e-05
-1.98892e-05
1.55611e-05
-1.9965e-05
1.24088e-05
9.27053e-06
-2.00691e-05
-4.87873e-06
7.96741e-06
-8.86133e-06
1.41e-05
-1.14563e-05
2.03195e-05
-1.25206e-05
2.49532e-05
-1.25736e-05
2.65035e-05
-1.20342e-05
2.57069e-05
-1.12681e-05
2.36896e-05
-1.05551e-05
2.10893e-05
-1.00315e-05
1.81872e-05
-9.67094e-06
1.52016e-05
-9.44324e-06
1.21818e-05
9.13656e-06
-9.3088e-06
-3.81771e-06
1.17863e-05
-6.5757e-06
1.68588e-05
-7.61267e-06
2.13583e-05
-7.10981e-06
2.44525e-05
-5.77914e-06
2.51752e-05
-4.18971e-06
2.412e-05
-2.67685e-06
2.21791e-05
-1.38509e-06
1.97998e-05
-3.7658e-07
1.71806e-05
3.76014e-07
1.44506e-05
9.15071e-07
1.16439e-05
8.76564e-06
1.28681e-06
-3.03468e-06
1.48222e-05
-4.62769e-06
1.8454e-05
-4.1818e-06
2.09141e-05
-2.14531e-06
2.24186e-05
5.55392e-07
2.24766e-05
3.22482e-06
2.14533e-05
5.58341e-06
1.98228e-05
7.54181e-06
1.78439e-05
9.08931e-06
1.56351e-05
1.02722e-05
1.32692e-05
1.11511e-05
1.07662e-05
8.13405e-06
1.17834e-05
-2.43882e-06
1.72631e-05
-3.04812e-06
1.90651e-05
-9.23063e-07
1.8791e-05
2.6909e-06
1.88066e-05
6.72624e-06
1.84435e-05
1.04954e-05
1.76864e-05
1.37412e-05
1.65794e-05
1.6411e-05
1.51764e-05
1.85313e-05
1.35167e-05
2.01707e-05
1.16315e-05
2.14115e-05
9.52661e-06
7.21978e-06
2.23267e-05
-3.08382e-06
2.03495e-05
-1.18317e-06
1.71659e-05
3.53552e-06
1.4074e-05
8.86232e-06
1.34809e-05
1.40897e-05
1.32179e-05
1.87588e-05
1.30188e-05
2.27157e-05
1.26244e-05
2.59552e-05
1.19385e-05
2.85354e-05
1.09379e-05
3.05423e-05
9.62587e-06
3.20775e-05
7.99211e-06
6.07213e-06
3.32259e-05
4.28624e-08
2.03086e-05
6.56413e-06
1.06459e-05
1.34555e-05
7.18352e-06
1.97883e-05
7.14919e-06
2.53826e-05
7.6245e-06
3.01867e-05
8.21594e-06
3.42095e-05
8.60292e-06
3.74948e-05
8.65444e-06
4.0118e-05
8.31597e-06
4.21639e-05
7.58081e-06
4.37388e-05
6.41803e-06
4.88956e-06
4.49221e-05
1.98766e-05
4.32588e-07
2.84495e-05
2.07348e-06
3.43347e-05
1.29827e-06
3.92493e-05
2.23484e-06
4.33124e-05
3.56124e-06
4.67705e-05
4.75818e-06
4.97161e-05
5.6574e-06
5.21681e-05
6.20283e-06
5.41498e-05
6.33447e-06
5.5694e-05
6.03673e-06
5.68797e-05
5.23242e-06
5.77572e-05
4.01222e-06
-6.64171e-05
3.96243e-06
-6.85515e-05
2.13434e-06
-6.88592e-05
3.08428e-07
-6.75557e-05
-1.30387e-06
-6.46182e-05
-2.93721e-06
-5.99563e-05
-4.66271e-06
-5.34725e-05
-6.48351e-06
-4.50277e-05
-8.44441e-06
-3.44839e-05
-1.05439e-05
-2.1999e-05
-1.24841e-05
-9.21517e-06
-1.27827e-05
-9.21482e-06
-5.51316e-05
5.13281e-06
-5.55763e-05
2.579e-06
-5.54216e-05
1.54296e-07
-5.45278e-05
-2.19773e-06
-5.28045e-05
-4.66015e-06
-5.01268e-05
-7.34045e-06
-4.63119e-05
-1.02979e-05
-4.11438e-05
-1.36119e-05
-3.43895e-05
-1.72974e-05
-2.57919e-05
-2.10815e-05
-1.44702e-05
-2.41038e-05
-2.36848e-05
-4.27459e-05
5.80493e-06
-4.31065e-05
2.93954e-06
-4.30637e-05
1.1171e-07
-4.2459e-05
-2.8024e-06
-4.1219e-05
-5.89999e-06
-3.92699e-05
-9.28934e-06
-3.64959e-05
-1.30714e-05
-3.27957e-05
-1.73114e-05
-2.80462e-05
-2.20465e-05
-2.17654e-05
-2.73619e-05
-1.30963e-05
-3.27724e-05
-3.67808e-05
-3.13734e-05
6.0747e-06
-3.1448e-05
3.01418e-06
-3.12451e-05
-9.11618e-08
-3.07054e-05
-3.34211e-06
-2.97752e-05
-6.83009e-06
-2.84099e-05
-1.06545e-05
-2.65327e-05
-1.49483e-05
-2.40586e-05
-1.97851e-05
-2.08205e-05
-2.52843e-05
-1.64115e-05
-3.17704e-05
-9.98551e-06
-3.91979e-05
-4.6766e-05
-2.01375e-05
6.14319e-06
-2.01112e-05
2.98792e-06
-1.99424e-05
-2.59922e-07
-1.96001e-05
-3.68444e-06
-1.90591e-05
-7.37099e-06
-1.82923e-05
-1.14211e-05
-1.72582e-05
-1.5982e-05
-1.58932e-05
-2.11497e-05
-1.40224e-05
-2.71548e-05
-1.14756e-05
-3.4317e-05
-7.39257e-06
-4.32803e-05
-5.41584e-05
-9.21826e-06
6.05293e-06
-9.12992e-06
2.89978e-06
-9.01603e-06
-3.73675e-07
-8.86448e-06
-3.83578e-06
-8.67102e-06
-7.56428e-06
-8.43315e-06
-1.16587e-05
-8.16735e-06
-1.62475e-05
-7.84069e-06
-2.14759e-05
-7.38489e-06
-2.76105e-05
-6.61106e-06
-3.50904e-05
-4.83089e-06
-4.50602e-05
-5.89891e-05
1.53565e-06
5.80464e-06
1.69381e-06
2.74204e-06
1.77639e-06
-4.55837e-07
1.77945e-06
-3.8385e-06
1.68424e-06
-7.46866e-06
1.45988e-06
-1.1434e-05
1.06404e-06
-1.58513e-05
4.6862e-07
-2.08803e-05
-3.26236e-07
-2.68153e-05
-1.22239e-06
-3.41943e-05
-1.82354e-06
-4.44588e-05
-6.08125e-05
1.22187e-05
5.37005e-06
1.24863e-05
2.47489e-06
1.25938e-05
-5.62854e-07
1.25239e-05
-3.76805e-06
1.22355e-05
-7.17986e-06
1.16667e-05
-1.08647e-05
1.0731e-05
-1.49153e-05
9.32622e-06
-1.94752e-05
7.34003e-06
-2.48292e-05
4.71865e-06
-3.15725e-05
1.79593e-06
-4.15357e-05
-5.90163e-05
2.29779e-05
4.71961e-06
2.33976e-05
2.05579e-06
2.35915e-05
-7.56169e-07
2.35345e-05
-3.71044e-06
2.31683e-05
-6.81307e-06
2.24036e-05
-1.00995e-05
2.1107e-05
-1.36184e-05
1.90983e-05
-1.74663e-05
1.61303e-05
-2.18607e-05
1.19308e-05
-2.73728e-05
6.51935e-06
-3.61236e-05
-5.24966e-05
3.40651e-05
3.88102e-06
3.46322e-05
1.48929e-06
3.49363e-05
-1.05968e-06
3.49521e-05
-3.72564e-06
3.46124e-05
-6.47274e-06
3.38105e-05
-9.29719e-06
3.23736e-05
-1.21811e-05
3.00497e-05
-1.5142e-05
2.64318e-05
-1.82426e-05
2.10218e-05
-2.19622e-05
1.29372e-05
-2.80384e-05
-3.95584e-05
4.58066e-05
2.99725e-06
4.64263e-05
8.70335e-07
4.67942e-05
-1.42681e-06
4.68882e-05
-3.81901e-06
4.66415e-05
-6.22537e-06
4.59456e-05
-8.60081e-06
4.46086e-05
-1.08436e-05
4.23507e-05
-1.28836e-05
3.86175e-05
-1.45089e-05
3.2672e-05
-1.6016e-05
2.19829e-05
-1.73481e-05
-1.75745e-05
5.84336e-05
2.32127e-06
5.89258e-05
3.78648e-07
5.92478e-05
-1.7482e-06
5.93773e-05
-3.94787e-06
5.92518e-05
-6.09928e-06
5.8774e-05
-8.12251e-06
5.7766e-05
-9.83506e-06
5.59842e-05
-1.11013e-05
5.29065e-05
-1.14306e-05
4.75764e-05
-1.06856e-05
3.62176e-05
-5.98821e-06
1.8644e-05
5.46972e-06
-5.46744e-06
9.29194e-06
-3.82316e-06
1.2043e-05
-2.75013e-06
1.25956e-05
-5.52314e-07
1.00122e-05
2.58425e-06
4.35442e-06
5.66208e-06
-6.76895e-06
1.11249e-05
-2.32209e-05
1.64552e-05
-3.71918e-05
1.39721e-05
-4.80063e-05
1.08158e-05
-5.62977e-05
8.29247e-06
6.10763e-06
-6.24048e-05
2.12532e-06
-7.5914e-06
2.86777e-06
-4.56444e-06
2.42348e-07
-1.24034e-07
-6.17038e-06
5.86155e-06
-1.73046e-05
1.37189e-05
-3.04175e-05
1.87757e-05
-3.99591e-05
2.06671e-05
-4.36533e-05
2.01502e-05
-4.66376e-05
1.69571e-05
-4.95714e-05
1.37499e-05
-5.21572e-05
1.08788e-05
7.89783e-06
-5.39474e-05
-7.37364e-07
-6.85158e-06
-4.10823e-06
-1.19226e-06
-1.11222e-05
6.89101e-06
-2.07304e-05
1.54703e-05
-2.85042e-05
2.14931e-05
-3.34053e-05
2.36774e-05
-3.61576e-05
2.34196e-05
-3.74783e-05
2.14712e-05
-3.87448e-05
1.82236e-05
-4.00663e-05
1.50714e-05
-4.11514e-05
1.19638e-05
8.81431e-06
-4.20682e-05
-4.3742e-06
-2.47472e-06
-1.03144e-05
4.74918e-06
-1.67332e-05
1.3311e-05
-2.22106e-05
2.09485e-05
-2.57007e-05
2.49839e-05
-2.76868e-05
2.56641e-05
-2.87467e-05
2.44796e-05
-2.92982e-05
2.20229e-05
-2.98608e-05
1.87859e-05
-3.03495e-05
1.55598e-05
-3.07365e-05
1.23504e-05
9.18083e-06
-3.11034e-05
-5.49649e-06
3.02393e-06
-1.07978e-05
1.0052e-05
-1.51595e-05
1.76732e-05
-1.8077e-05
2.38674e-05
-1.95459e-05
2.64537e-05
-2.01424e-05
2.62612e-05
-2.01361e-05
2.4474e-05
-1.99348e-05
2.18215e-05
-1.98776e-05
1.87287e-05
-1.98959e-05
1.55776e-05
-1.99691e-05
1.24233e-05
9.28279e-06
-2.00715e-05
-4.87728e-06
7.90359e-06
-8.86522e-06
1.40399e-05
-1.14689e-05
2.02789e-05
-1.25406e-05
2.49403e-05
-1.25955e-05
2.65101e-05
-1.20545e-05
2.57219e-05
-1.12858e-05
2.37059e-05
-1.0569e-05
2.11056e-05
-1.00424e-05
1.82021e-05
-9.67926e-06
1.52148e-05
-9.4496e-06
1.21934e-05
9.1468e-06
-9.31362e-06
-3.82518e-06
1.17311e-05
-6.59093e-06
1.68085e-05
-7.63643e-06
2.13259e-05
-7.13654e-06
2.44427e-05
-5.80415e-06
2.51802e-05
-4.21093e-06
2.41305e-05
-2.69415e-06
2.21909e-05
-1.39914e-06
1.98116e-05
-3.87846e-07
1.71917e-05
3.66727e-07
1.44606e-05
9.07442e-07
1.16531e-05
8.77406e-06
1.28037e-06
-3.04843e-06
1.47834e-05
-4.65252e-06
1.84147e-05
-4.21319e-06
2.08896e-05
-2.17651e-06
2.24086e-05
5.28905e-07
2.2477e-05
3.20331e-06
2.14582e-05
5.5662e-06
1.98296e-05
7.52777e-06
1.78513e-05
9.07768e-06
1.56426e-05
1.02624e-05
1.32765e-05
1.11425e-05
1.07733e-05
8.1409e-06
1.17759e-05
-2.45877e-06
1.72453e-05
-3.07776e-06
1.90373e-05
-9.58097e-07
1.87711e-05
2.6581e-06
1.87949e-05
6.69865e-06
1.84387e-05
1.04732e-05
1.76857e-05
1.37234e-05
1.65812e-05
1.63964e-05
1.51797e-05
1.85192e-05
1.35208e-05
2.01603e-05
1.16362e-05
2.14024e-05
9.53164e-06
7.22505e-06
2.23186e-05
-3.10356e-06
2.0353e-05
-1.21259e-06
1.71472e-05
3.50416e-06
1.40581e-05
8.83248e-06
1.3468e-05
1.40639e-05
1.32092e-05
1.87378e-05
1.30136e-05
2.26987e-05
1.26219e-05
2.59414e-05
1.19381e-05
2.85241e-05
1.09391e-05
3.05326e-05
9.62811e-06
3.20693e-05
7.99524e-06
6.07582e-06
3.32188e-05
3.90134e-08
2.03165e-05
6.54969e-06
1.064e-05
1.34364e-05
7.17044e-06
1.97691e-05
7.13695e-06
2.53655e-05
7.6143e-06
3.01724e-05
8.20824e-06
3.41979e-05
8.5978e-06
3.74855e-05
8.65178e-06
4.01105e-05
8.3151e-06
4.21578e-05
7.58136e-06
4.37338e-05
6.41975e-06
4.89198e-06
4.4918e-05
1.98835e-05
4.347e-07
2.84534e-05
2.0693e-06
3.43355e-05
1.29077e-06
3.92474e-05
2.22536e-06
4.33097e-05
3.55237e-06
4.67678e-05
4.75078e-06
4.97143e-05
5.65194e-06
5.21671e-05
6.19957e-06
5.41495e-05
6.33298e-06
5.56943e-05
6.03681e-06
5.68805e-05
5.23355e-06
5.77584e-05
4.01425e-06
-6.63785e-05
3.97471e-06
-6.85209e-05
2.14252e-06
-6.8836e-05
3.16124e-07
-6.75377e-05
-1.29861e-06
-6.46046e-05
-2.93264e-06
-5.99459e-05
-4.65947e-06
-5.34648e-05
-6.48076e-06
-4.50218e-05
-8.44273e-06
-3.44791e-05
-1.05427e-05
-2.19945e-05
-1.24839e-05
-9.21189e-06
-1.27814e-05
-9.21157e-06
-5.51191e-05
5.14703e-06
-5.55665e-05
2.58977e-06
-5.54128e-05
1.63044e-07
-5.45206e-05
-2.19108e-06
-5.27983e-05
-4.6547e-06
-5.01217e-05
-7.33618e-06
-4.63075e-05
-1.02947e-05
-4.11401e-05
-1.36096e-05
-3.43862e-05
-1.7296e-05
-2.57895e-05
-2.10805e-05
-1.44683e-05
-2.41021e-05
-2.36797e-05
-4.274e-05
5.81877e-06
-4.31011e-05
2.95063e-06
-4.30587e-05
1.20685e-07
-4.24548e-05
-2.79527e-06
-4.12153e-05
-5.89429e-06
-3.92666e-05
-9.28486e-06
-3.6493e-05
-1.3068e-05
-3.27934e-05
-1.73088e-05
-2.80447e-05
-2.20445e-05
-2.17649e-05
-2.736e-05
-1.30966e-05
-3.27701e-05
-3.67761e-05
-3.13719e-05
6.08695e-06
-3.1446e-05
3.02432e-06
-3.12427e-05
-8.28252e-08
-3.0703e-05
-3.33526e-06
-2.9773e-05
-6.82447e-06
-2.8408e-05
-1.06499e-05
-2.65311e-05
-1.49447e-05
-2.40575e-05
-1.97822e-05
-2.08198e-05
-2.52821e-05
-1.6411e-05
-3.17686e-05
-9.98511e-06
-3.91957e-05
-4.67611e-05
-2.01387e-05
6.15382e-06
-2.01117e-05
2.99693e-06
-1.99425e-05
-2.52337e-07
-1.95999e-05
-3.67799e-06
-1.9059e-05
-7.36555e-06
-1.82923e-05
-1.14166e-05
-1.72584e-05
-1.59784e-05
-1.58937e-05
-2.11468e-05
-1.40228e-05
-2.71526e-05
-1.14762e-05
-3.43151e-05
-7.39344e-06
-4.32782e-05
-5.41544e-05
-9.222e-06
6.062e-06
-9.13286e-06
2.90772e-06
-9.01843e-06
-3.66783e-07
-8.86659e-06
-3.82982e-06
-8.6729e-06
-7.55912e-06
-8.43493e-06
-1.16544e-05
-8.16912e-06
-1.6244e-05
-7.84224e-06
-2.14732e-05
-7.38618e-06
-2.76085e-05
-6.61213e-06
-3.50889e-05
-4.83146e-06
-4.50584e-05
-5.89858e-05
1.53021e-06
5.8124e-06
1.68913e-06
2.74906e-06
1.77223e-06
-4.49614e-07
1.77575e-06
-3.833e-06
1.68085e-06
-7.46391e-06
1.45678e-06
-1.14299e-05
1.06123e-06
-1.58481e-05
4.66197e-07
-2.08779e-05
-3.28208e-07
-2.68138e-05
-1.22374e-06
-3.4193e-05
-1.82475e-06
-4.44575e-05
-6.08103e-05
1.2212e-05
5.37657e-06
1.24805e-05
2.48095e-06
1.25886e-05
-5.57381e-07
1.25193e-05
-3.76324e-06
1.22314e-05
-7.1757e-06
1.1663e-05
-1.08612e-05
1.07278e-05
-1.49125e-05
9.32356e-06
-1.94733e-05
7.33808e-06
-2.4828e-05
4.71711e-06
-3.1572e-05
1.7952e-06
-4.15349e-05
-5.90149e-05
2.29708e-05
4.72481e-06
2.33915e-05
2.06072e-06
2.35862e-05
-7.51691e-07
2.353e-05
-3.70654e-06
2.31644e-05
-6.80973e-06
2.24003e-05
-1.00967e-05
2.11044e-05
-1.36162e-05
1.90962e-05
-1.74649e-05
1.61286e-05
-2.18601e-05
1.19297e-05
-2.73724e-05
6.51857e-06
-3.61233e-05
-5.24959e-05
3.4059e-05
3.88488e-06
3.46271e-05
1.493e-06
3.49321e-05
-1.05636e-06
3.49488e-05
-3.72281e-06
3.46098e-05
-6.47043e-06
3.38087e-05
-9.29529e-06
3.23724e-05
-1.21796e-05
3.00489e-05
-1.5141e-05
2.64312e-05
-1.82421e-05
2.10212e-05
-2.19619e-05
1.29369e-05
-2.80385e-05
-3.95578e-05
4.58034e-05
3e-06
4.64239e-05
8.72927e-07
4.67926e-05
-1.42458e-06
4.68874e-05
-3.81721e-06
4.66413e-05
-6.22404e-06
4.59461e-05
-8.5997e-06
4.46096e-05
-1.08427e-05
4.23519e-05
-1.28828e-05
3.86187e-05
-1.45083e-05
3.26726e-05
-1.60153e-05
2.19833e-05
-1.73475e-05
-1.7574e-05
5.8435e-05
2.32349e-06
5.89276e-05
3.80572e-07
5.925e-05
-1.74664e-06
5.93798e-05
-3.94677e-06
5.92546e-05
-6.09851e-06
5.87772e-05
-8.12194e-06
5.77694e-05
-9.83446e-06
5.59879e-05
-1.11008e-05
5.29099e-05
-1.14297e-05
4.7579e-05
-1.06835e-05
3.62186e-05
-5.98708e-06
1.8646e-05
6.84867e-05
4.84551e-06
-7.28931e-05
6.77227e-05
2.83307e-06
6.64779e-05
2.53361e-06
6.61713e-05
2.53217e-06
6.66192e-05
3.10654e-06
6.74833e-05
3.89003e-06
6.84933e-05
4.64605e-06
6.94562e-05
5.24086e-06
7.02563e-05
5.5372e-06
7.08377e-05
5.4595e-06
7.12408e-05
4.83444e-06
3.77506e-06
7.14837e-05
8.8656e-05
3.90516e-06
-8.77167e-05
8.84543e-05
3.0343e-06
8.80202e-05
2.96715e-06
8.75476e-05
3.00425e-06
8.72489e-05
3.4048e-06
8.70949e-05
4.04378e-06
8.69881e-05
4.75265e-06
8.683e-05
5.39873e-06
8.65492e-05
5.81779e-06
8.6126e-05
5.88258e-06
8.56415e-05
5.31868e-06
4.27084e-06
8.51456e-05
0.000102853
2.7225e-06
-0.00010167
0.000103424
2.46358e-06
0.000103723
2.66706e-06
0.000103753
2.97404e-06
0.000103586
3.57139e-06
0.000103231
4.39799e-06
0.000102667
5.31646e-06
0.000101875
6.19046e-06
0.000100854
6.83828e-06
9.96825e-05
7.05358e-06
9.85268e-05
6.47435e-06
5.2355e-06
9.75628e-05
0.000115799
-0.000114952
1.87378e-06
0.000116367
1.89523e-06
0.000116665
2.36831e-06
0.00011664
2.99783e-06
0.000116277
3.93338e-06
0.00011557
5.10467e-06
0.000114528
6.35747e-06
0.000113203
7.51554e-06
0.000111674
8.36618e-06
0.000110144
8.58343e-06
0.000108884
7.73531e-06
0.000108355
5.76314e-06
7.17132e-05
2.09729e-06
7.19191e-05
1.77495e-07
7.21152e-05
-1.94052e-06
7.22689e-05
-4.09876e-06
7.23159e-05
-6.1447e-06
7.21574e-05
-7.96353e-06
7.16443e-05
-9.32236e-06
7.0608e-05
-1.00663e-05
6.88592e-05
-9.68352e-06
6.6144e-05
-7.97098e-06
6.40692e-05
-3.9143e-06
9.81842e-06
7.28964e-05
8.49024e-05
2.34066e-06
8.48588e-05
2.21492e-07
8.50234e-05
-2.10462e-06
8.53284e-05
-4.40338e-06
8.56883e-05
-6.50407e-06
8.59705e-05
-8.24535e-06
8.60259e-05
-9.37723e-06
8.56736e-05
-9.71358e-06
8.48767e-05
-8.88595e-06
8.34775e-05
-6.57195e-06
8.30232e-05
-3.45933e-06
5.12561e-06
8.77164e-05
9.72358e-05
2.66747e-06
9.73401e-05
1.17376e-07
9.78467e-05
-2.61095e-06
9.86038e-05
-5.16e-06
9.94766e-05
-7.37634e-06
0.000100281
-9.04939e-06
0.000100855
-9.95001e-06
0.000100983
-9.84162e-06
0.000100663
-8.5655e-06
9.98398e-05
-5.74727e-06
9.93156e-05
-2.935e-06
2.77212e-06
0.000101669
0.000108993
2.03033e-06
0.000109991
-8.80109e-07
0.00011133
-3.94994e-06
0.000112755
-6.58487e-06
0.000114109
-8.73021e-06
0.000115205
-1.01451e-05
0.000115906
-1.065e-05
0.000116048
-9.98373e-06
0.000115666
-8.18238e-06
0.000114922
-5.00427e-06
0.000114057
-2.06939e-06
0.000114951
1.87805e-06
6.84892e-05
4.84017e-06
6.77262e-05
2.8313e-06
6.64813e-05
2.53074e-06
6.61738e-05
2.52796e-06
6.66199e-05
3.1004e-06
6.7482e-05
3.88246e-06
6.84903e-05
4.63758e-06
6.94521e-05
5.23207e-06
7.02515e-05
5.52843e-06
7.08327e-05
5.45109e-06
7.12361e-05
4.82672e-06
3.76847e-06
7.14795e-05
8.86558e-05
3.90101e-06
8.84543e-05
3.03192e-06
8.8021e-05
2.96454e-06
8.75483e-05
2.99969e-06
8.72491e-05
3.39883e-06
8.70942e-05
4.03667e-06
8.69866e-05
4.74484e-06
8.68279e-05
5.39047e-06
8.65467e-05
5.80936e-06
8.61237e-05
5.87399e-06
8.56397e-05
5.31054e-06
4.2635e-06
8.51444e-05
0.000102851
2.71869e-06
0.000103421
2.46159e-06
0.000103721
2.66304e-06
0.000103751
2.96885e-06
0.000103584
3.56501e-06
0.000103229
4.39066e-06
0.000102665
5.30858e-06
0.000101873
6.18203e-06
0.000100852
6.82947e-06
9.96816e-05
7.04418e-06
9.85269e-05
6.46523e-06
5.22692e-06
9.75638e-05
0.000115797
1.87307e-06
0.000116364
1.89413e-06
0.000116662
2.36433e-06
0.000116637
2.99219e-06
0.000116274
3.9265e-06
0.000115567
5.09693e-06
0.000114525
6.34909e-06
0.0001132
7.50657e-06
0.000111673
8.35636e-06
0.000110144
8.57275e-06
0.000108885
7.72455e-06
0.000108358
5.75337e-06
7.17096e-05
2.09205e-06
7.19158e-05
1.74404e-07
7.2112e-05
-1.94136e-06
7.22654e-05
-4.0973e-06
7.2312e-05
-6.14076e-06
7.21529e-05
-7.95721e-06
7.16391e-05
-9.31375e-06
7.06023e-05
-1.00559e-05
6.88535e-05
-9.67179e-06
6.61379e-05
-7.95938e-06
6.40627e-05
-3.90378e-06
9.82314e-06
7.2886e-05
8.49018e-05
2.33463e-06
8.48582e-05
2.18094e-07
8.50223e-05
-2.10534e-06
8.53265e-05
-4.40127e-06
8.56852e-05
-6.4992e-06
8.59662e-05
-8.23782e-06
8.60203e-05
-9.36746e-06
8.56671e-05
-9.70224e-06
8.48696e-05
-8.8739e-06
8.34707e-05
-6.5597e-06
8.30154e-05
-3.44946e-06
5.13291e-06
8.77066e-05
9.72375e-05
2.66058e-06
9.73413e-05
1.13989e-07
9.78468e-05
-2.61086e-06
9.86022e-05
-5.15642e-06
9.9473e-05
-7.36968e-06
0.000100276
-9.03991e-06
0.000100847
-9.93858e-06
0.000100975
-9.82903e-06
0.000100654
-8.55272e-06
9.98306e-05
-5.73609e-06
9.93069e-05
-2.9244e-06
2.77941e-06
0.000101659
0.000108995
2.02287e-06
0.000109992
-8.82595e-07
0.000111328
-3.94769e-06
0.000112751
-6.57881e-06
0.000114102
-8.72095e-06
0.000115196
-1.01335e-05
0.000115895
-1.06369e-05
0.000116036
-9.97037e-06
0.000115654
-8.16982e-06
0.000114911
-4.99307e-06
0.000114047
-2.06129e-06
0.000114941
1.88554e-06
6.84756e-05
4.84332e-06
6.7712e-05
2.83699e-06
6.64697e-05
2.54037e-06
6.61651e-05
2.53898e-06
6.66139e-05
3.11196e-06
6.7478e-05
3.89349e-06
6.84877e-05
4.64725e-06
6.94505e-05
5.23974e-06
7.02506e-05
5.53402e-06
7.08324e-05
5.45463e-06
7.1236e-05
4.82872e-06
3.76888e-06
7.14796e-05
8.86433e-05
3.90632e-06
8.84408e-05
3.03905e-06
8.80071e-05
2.97334e-06
8.75349e-05
3.01018e-06
8.72363e-05
3.40954e-06
8.70822e-05
4.04663e-06
8.69752e-05
4.75331e-06
8.68173e-05
5.3968e-06
8.6537e-05
5.81345e-06
8.61149e-05
5.87611e-06
8.56318e-05
5.31132e-06
4.26282e-06
8.51376e-05
0.00010284
2.7256e-06
0.000103409
2.46985e-06
0.000103708
2.67352e-06
0.000103737
2.98016e-06
0.000103569
3.57626e-06
0.000103214
4.40077e-06
0.000102649
5.31673e-06
0.000101857
6.1875e-06
0.000100838
6.83208e-06
9.96682e-05
7.04455e-06
9.85149e-05
6.46435e-06
5.22458e-06
9.75537e-05
0.000115786
1.88035e-06
0.000116351
1.90359e-06
0.000116648
2.37555e-06
0.000116622
3.00452e-06
0.000116259
3.93836e-06
0.000115551
5.10707e-06
0.00011451
6.35651e-06
0.000113186
7.51056e-06
0.00011166
8.3568e-06
0.000110133
8.57053e-06
0.000108876
7.72139e-06
0.00010835
5.74899e-06
7.17098e-05
2.09158e-06
7.19159e-05
1.73082e-07
7.2112e-05
-1.94366e-06
7.22654e-05
-4.10058e-06
7.23119e-05
-6.14525e-06
7.2153e-05
-7.96293e-06
7.16394e-05
-9.32089e-06
7.06029e-05
-1.00641e-05
6.88541e-05
-9.68133e-06
6.61393e-05
-7.96965e-06
6.40651e-05
-3.91353e-06
9.81793e-06
7.28916e-05
8.48959e-05
2.33348e-06
8.48531e-05
2.16327e-07
8.5018e-05
-2.10802e-06
8.5323e-05
-4.40508e-06
8.56825e-05
-6.50424e-06
8.59643e-05
-8.24425e-06
8.60192e-05
-9.3753e-06
8.56668e-05
-9.71124e-06
8.48699e-05
-8.88378e-06
8.34712e-05
-6.57106e-06
8.30176e-05
-3.45925e-06
5.12462e-06
8.77113e-05
9.72289e-05
2.65814e-06
9.73341e-05
1.11247e-07
9.78409e-05
-2.61447e-06
9.85976e-05
-5.16128e-06
9.94697e-05
-7.37581e-06
0.000100274
-9.04757e-06
0.000100847
-9.94754e-06
0.000100975
-9.83916e-06
0.000100655
-8.56361e-06
9.98326e-05
-5.74704e-06
9.93096e-05
-2.93604e-06
2.77009e-06
0.000101664
0.000108989
2.01983e-06
0.000109986
-8.85996e-07
0.000111324
-3.95216e-06
0.000112748
-6.58481e-06
0.000114101
-8.72856e-06
0.000115197
-1.01425e-05
0.000115897
-1.06473e-05
0.00011604
-9.98158e-06
0.000115658
-8.18132e-06
0.000114916
-5.0051e-06
0.000114052
-2.07188e-06
0.000114947
1.87482e-06
6.84856e-05
4.84065e-06
6.77234e-05
2.83232e-06
6.64799e-05
2.53259e-06
6.61742e-05
2.53092e-06
6.66221e-05
3.10428e-06
6.7486e-05
3.88692e-06
6.84957e-05
4.64229e-06
6.94585e-05
5.23691e-06
7.02585e-05
5.53305e-06
7.08401e-05
5.45526e-06
7.12434e-05
4.83031e-06
3.77134e-06
7.14865e-05
8.86516e-05
3.90057e-06
8.8451e-05
3.032e-06
8.80188e-05
2.9653e-06
8.75473e-05
3.00138e-06
8.72494e-05
3.40139e-06
8.70958e-05
4.03989e-06
8.69892e-05
4.74846e-06
8.68314e-05
5.3944e-06
8.65509e-05
5.81332e-06
8.61281e-05
5.87782e-06
8.56441e-05
5.31411e-06
4.26661e-06
8.51486e-05
0.000102847
2.71707e-06
0.000103419
2.46065e-06
0.000103719
2.66294e-06
0.00010375
2.96977e-06
0.000103584
3.56689e-06
0.000103229
4.39329e-06
0.000102665
5.31169e-06
0.000101874
6.1855e-06
0.000100854
6.83305e-06
9.96831e-05
7.04781e-06
9.85284e-05
6.46884e-06
5.23024e-06
9.7565e-05
0.000115794
1.8704e-06
0.000116362
1.89239e-06
0.00011666
2.36365e-06
0.000116636
2.99272e-06
0.000116273
3.92813e-06
0.000115566
5.09939e-06
0.000114525
6.35203e-06
0.0001132
7.5098e-06
0.000111673
8.35972e-06
0.000110144
8.57626e-06
0.000108885
7.72823e-06
0.000108357
5.75688e-06
7.17161e-05
2.09404e-06
7.19219e-05
1.75015e-07
7.21178e-05
-1.9422e-06
7.22709e-05
-4.09963e-06
7.23174e-05
-6.14457e-06
7.21583e-05
-7.96249e-06
7.16448e-05
-9.32036e-06
7.06082e-05
-1.00638e-05
6.88598e-05
-9.68059e-06
6.61444e-05
-7.96796e-06
6.40698e-05
-3.91102e-06
9.82231e-06
8.49056e-05
2.33699e-06
8.48618e-05
2.18893e-07
8.50258e-05
-2.10618e-06
8.53302e-05
-4.40382e-06
8.56894e-05
-6.50346e-06
8.5971e-05
-8.24376e-06
8.60259e-05
-9.37494e-06
8.56737e-05
-9.71105e-06
8.48771e-05
-8.88367e-06
8.3479e-05
-6.56907e-06
8.30246e-05
-3.45753e-06
5.13077e-06
9.72384e-05
2.66319e-06
9.73424e-05
1.146e-07
9.78485e-05
-2.61231e-06
9.86049e-05
-5.15994e-06
9.9477e-05
-7.37521e-06
0.000100281
-9.04734e-06
0.000100854
-9.94768e-06
0.000100983
-9.83941e-06
0.000100664
-8.56381e-06
9.98413e-05
-5.74635e-06
9.93175e-05
-2.93256e-06
2.77751e-06
0.000108995
2.0254e-06
0.000109992
-8.83074e-07
0.000111331
-3.95102e-06
0.000112756
-6.58455e-06
0.000114109
-8.72878e-06
0.000115205
-1.01431e-05
0.000115906
-1.0648e-05
0.000116049
-9.98232e-06
0.000115667
-8.18189e-06
0.000114925
-5.00355e-06
0.000114058
-2.06707e-06
1.88383e-06
-3.22107e-05
1.48365e-06
3.26008e-05
-3.22989e-05
1.98253e-06
-3.27928e-05
2.86106e-06
-3.373e-05
3.93386e-06
-3.50793e-05
5.28138e-06
-3.67514e-05
6.77561e-06
-3.85794e-05
8.18445e-06
-4.03216e-05
9.25686e-06
-4.17046e-05
9.74869e-06
-4.23901e-05
9.26855e-06
-4.20318e-05
7.37688e-06
4.06826e-06
-4.03343e-05
-2.763e-05
1.63833e-06
2.74734e-05
-2.82805e-05
2.63183e-06
-2.9389e-05
3.96834e-06
-3.09623e-05
5.50603e-06
-3.29086e-05
7.22649e-06
-3.50508e-05
8.91691e-06
-3.71045e-05
1.02373e-05
-3.87307e-05
1.08825e-05
-3.95675e-05
1.05851e-05
-3.93094e-05
9.01027e-06
-3.78229e-05
5.89203e-06
1.33653e-06
-3.50934e-05
-2.3906e-05
2.18926e-06
2.33545e-05
-2.49315e-05
3.65644e-06
-2.64096e-05
5.44546e-06
-2.83111e-05
7.40648e-06
-3.04988e-05
9.41295e-06
-3.27296e-05
1.11465e-05
-3.464e-05
1.21467e-05
-3.5809e-05
1.20509e-05
-3.6e-05
1.07759e-05
-3.49964e-05
8.00698e-06
-3.29235e-05
3.81869e-06
-1.57846e-06
-3.00051e-05
-2.07523e-05
1.99813e-05
2.95862e-06
-2.19471e-05
4.85029e-06
-2.35437e-05
7.0413e-06
-2.54835e-05
9.34548e-06
-2.76041e-05
1.15326e-05
-2.96231e-05
1.31646e-05
-3.10987e-05
1.36216e-05
-3.16686e-05
1.26202e-05
-3.11028e-05
1.02098e-05
-2.91736e-05
6.07709e-06
-2.621e-05
8.56537e-07
-2.45621e-05
-3.22978e-06
-3.74225e-05
-8.83245e-07
-3.53355e-05
-2.96782e-06
-3.34975e-05
-5.78791e-06
-3.20217e-05
-8.06039e-06
-3.10076e-05
-9.74385e-06
-3.05153e-05
-1.06368e-05
-3.05687e-05
-1.05961e-05
-3.10952e-05
-9.45668e-06
-3.19507e-05
-7.32682e-06
-3.26988e-05
-4.25484e-06
-3.32374e-05
-1.53078e-06
1.24188e-06
-3.26013e-05
-3.10806e-05
-4.89558e-06
-2.87074e-05
-5.34129e-06
-2.69798e-05
-7.51549e-06
-2.57495e-05
-9.29051e-06
-2.50717e-05
-1.04215e-05
-2.49307e-05
-1.07778e-05
-2.52737e-05
-1.0253e-05
-2.59545e-05
-8.77603e-06
-2.67686e-05
-6.51252e-06
-2.73676e-05
-3.65682e-06
-2.77026e-05
-1.1955e-06
1.01251e-06
-2.74731e-05
-2.53678e-05
-9.53562e-06
-2.32015e-05
-7.50824e-06
-2.18686e-05
-8.84867e-06
-2.0985e-05
-1.01741e-05
-2.05806e-05
-1.08258e-05
-2.06292e-05
-1.07291e-05
-2.10584e-05
-9.82383e-06
-2.1716e-05
-8.11838e-06
-2.24135e-05
-5.81528e-06
-2.2913e-05
-3.15675e-06
-2.32374e-05
-8.71417e-07
1.12933e-06
-2.33544e-05
-1.95539e-05
-1.45428e-05
-1.82797e-05
-8.78248e-06
-1.76095e-05
-9.51878e-06
-1.71621e-05
-1.06215e-05
-1.70081e-05
-1.09799e-05
-1.71766e-05
-1.05607e-05
-1.76182e-05
-9.38268e-06
-1.82088e-05
-7.52818e-06
-1.88021e-05
-5.2223e-06
-1.92527e-05
-2.70714e-06
-1.96241e-05
-5.00057e-07
-1.99822e-05
1.48737e-06
-3.2213e-05
1.48427e-06
-3.23013e-05
1.98172e-06
-3.27955e-05
2.85694e-06
-3.37332e-05
3.92806e-06
-3.50827e-05
5.27414e-06
-3.67547e-05
6.76726e-06
-3.85821e-05
8.17508e-06
-4.0323e-05
9.24649e-06
-4.17044e-05
9.73721e-06
-4.23885e-05
9.25641e-06
-4.20295e-05
7.36525e-06
4.05857e-06
-4.03325e-05
-2.76311e-05
1.64215e-06
-2.82823e-05
2.63216e-06
-2.93916e-05
3.96496e-06
-3.09656e-05
5.5004e-06
-3.29122e-05
7.21909e-06
-3.50542e-05
8.90786e-06
-3.71069e-05
1.02267e-05
-3.87315e-05
1.08704e-05
-3.95669e-05
1.05722e-05
-3.9308e-05
8.99735e-06
-3.78221e-05
5.8808e-06
1.32844e-06
-3.50943e-05
-2.3907e-05
2.19426e-06
-2.4933e-05
3.65736e-06
-2.6412e-05
5.44284e-06
-2.83143e-05
7.40122e-06
-3.05023e-05
9.40552e-06
-3.27327e-05
1.11369e-05
-3.46419e-05
1.21349e-05
-3.58095e-05
1.20375e-05
-3.59998e-05
1.07622e-05
-3.49963e-05
7.99439e-06
-3.29251e-05
3.80941e-06
-1.58536e-06
-3.00082e-05
-2.07532e-05
2.96505e-06
-2.19482e-05
4.85184e-06
-2.35457e-05
7.03911e-06
-2.54863e-05
9.34053e-06
-2.76071e-05
1.15251e-05
-2.96255e-05
1.31543e-05
-3.11e-05
1.36087e-05
-3.16689e-05
1.26058e-05
-3.11026e-05
1.01956e-05
-2.91745e-05
6.06601e-06
-2.62139e-05
8.50463e-07
-2.45656e-05
-3.23615e-06
-3.74236e-05
-8.88166e-07
-3.53407e-05
-2.96653e-06
-3.35068e-05
-5.78211e-06
-3.20339e-05
-8.05171e-06
-3.10215e-05
-9.73306e-06
-3.05299e-05
-1.06247e-05
-3.0583e-05
-1.05833e-05
-3.11085e-05
-9.44436e-06
-3.19624e-05
-7.31543e-06
-3.27097e-05
-4.24601e-06
-3.32474e-05
-1.52248e-06
1.24884e-06
-3.26123e-05
-3.10857e-05
-4.89657e-06
-2.87174e-05
-5.33561e-06
-2.69935e-05
-7.5063e-06
-2.57654e-05
-9.27991e-06
-2.50884e-05
-1.04102e-05
-2.49468e-05
-1.07663e-05
-2.52885e-05
-1.02417e-05
-2.59675e-05
-8.76539e-06
-2.67801e-05
-6.50311e-06
-2.73777e-05
-3.64842e-06
-2.77129e-05
-1.18899e-06
1.01983e-06
-2.74837e-05
-2.53757e-05
-9.53182e-06
-2.3214e-05
-7.49843e-06
-2.1884e-05
-8.83678e-06
-2.10018e-05
-1.01624e-05
-2.05973e-05
-1.08148e-05
-2.06448e-05
-1.07188e-05
-2.10723e-05
-9.81434e-06
-2.1728e-05
-8.10964e-06
-2.24238e-05
-5.80738e-06
-2.29225e-05
-3.15022e-06
-2.32465e-05
-8.64708e-07
1.13576e-06
-2.33639e-05
-1.95636e-05
-1.45335e-05
-1.82928e-05
-8.76956e-06
-1.76247e-05
-9.50506e-06
-1.7178e-05
-1.06094e-05
-1.70234e-05
-1.09697e-05
-1.71905e-05
-1.0552e-05
-1.76302e-05
-9.37504e-06
-1.8219e-05
-7.52132e-06
-1.88109e-05
-5.21607e-06
-1.92604e-05
-2.70118e-06
-1.96316e-05
-4.94881e-07
-1.99895e-05
1.49319e-06
-3.22252e-05
1.49258e-06
-3.23145e-05
1.99186e-06
-3.28089e-05
2.86849e-06
-3.3746e-05
3.93975e-06
-3.50942e-05
5.28458e-06
-3.67644e-05
6.77522e-06
-3.85894e-05
8.17969e-06
-4.03281e-05
9.24754e-06
-4.17076e-05
9.73478e-06
-4.239e-05
9.25192e-06
-4.20298e-05
7.3605e-06
4.05485e-06
-4.0333e-05
-2.76426e-05
1.65022e-06
-2.82939e-05
2.6417e-06
-2.94021e-05
3.97515e-06
-3.09741e-05
5.50999e-06
-3.29179e-05
7.22667e-06
-3.50567e-05
8.91244e-06
-3.71061e-05
1.02277e-05
-3.87279e-05
1.08681e-05
-3.95614e-05
1.0567e-05
-3.93015e-05
8.99113e-06
-3.78154e-05
5.87571e-06
1.32624e-06
-3.50893e-05
-2.39165e-05
2.2018e-06
-2.49416e-05
3.66564e-06
-2.64185e-05
5.45066e-06
-2.83177e-05
7.40761e-06
-3.0502e-05
9.40927e-06
-3.27286e-05
1.11375e-05
-3.46344e-05
1.21323e-05
-3.57999e-05
1.20324e-05
-3.59891e-05
1.07553e-05
-3.49851e-05
7.98689e-06
-3.2914e-05
3.80389e-06
-1.58456e-06
-2.99999e-05
-2.07599e-05
2.97105e-06
-2.19534e-05
4.85787e-06
-2.3548e-05
7.04404e-06
-2.54849e-05
9.34323e-06
-2.76016e-05
1.15248e-05
-2.96163e-05
1.31511e-05
-3.1088e-05
1.36032e-05
-3.16556e-05
1.25992e-05
-3.10893e-05
1.01879e-05
-2.91616e-05
6.05812e-06
-2.62016e-05
8.44711e-07
-2.45575e-05
-3.23234e-06
-3.74253e-05
-8.89828e-07
-3.53412e-05
-2.97074e-06
-3.35053e-05
-5.78813e-06
-3.20305e-05
-8.0593e-06
-3.10165e-05
-9.74202e-06
-3.05237e-05
-1.06348e-05
-3.05762e-05
-1.05943e-05
-3.11014e-05
-9.45577e-06
-3.19554e-05
-7.32716e-06
-3.27023e-05
-4.25689e-06
-3.32399e-05
-1.53429e-06
1.23805e-06
-3.26032e-05
-3.10822e-05
-4.89654e-06
-2.87127e-05
-5.34064e-06
-2.69868e-05
-7.51391e-06
-2.57572e-05
-9.28884e-06
-2.50791e-05
-1.04199e-05
-2.49372e-05
-1.07766e-05
-2.5279e-05
-1.02525e-05
-2.59585e-05
-8.77639e-06
-2.67714e-05
-6.51408e-06
-2.73694e-05
-3.65978e-06
-2.77038e-05
-1.19955e-06
1.00837e-06
-2.7474e-05
-2.53684e-05
-9.53091e-06
-2.32055e-05
-7.50425e-06
-2.1874e-05
-8.84563e-06
-2.09908e-05
-1.01721e-05
-2.0586e-05
-1.08247e-05
-2.06338e-05
-1.07287e-05
-2.10618e-05
-9.8243e-06
-2.17184e-05
-8.11979e-06
-2.2415e-05
-5.81774e-06
-2.29138e-05
-3.16031e-06
-2.32379e-05
-8.75712e-07
1.1251e-06
-2.33549e-05
-1.95543e-05
-1.45331e-05
-1.82826e-05
-8.77596e-06
-1.76134e-05
-9.51477e-06
-1.71661e-05
-1.06194e-05
-1.70118e-05
-1.09792e-05
-1.71795e-05
-1.05611e-05
-1.76202e-05
-9.38399e-06
-1.821e-05
-7.53037e-06
-1.88027e-05
-5.22536e-06
-1.9253e-05
-2.711e-06
-1.96243e-05
-5.04403e-07
-1.99824e-05
1.4832e-06
-3.22143e-05
1.48109e-06
-3.23022e-05
1.97956e-06
-3.27962e-05
2.85598e-06
-3.37336e-05
3.92838e-06
-3.5083e-05
5.27558e-06
-3.67548e-05
6.7695e-06
-3.8582e-05
8.17776e-06
-4.03227e-05
9.24945e-06
-4.17041e-05
9.74042e-06
-4.23881e-05
9.25985e-06
-4.2029e-05
7.36879e-06
4.06143e-06
-4.03316e-05
-2.76318e-05
1.63872e-06
-2.82827e-05
2.62978e-06
-2.93918e-05
3.9638e-06
-3.09657e-05
5.50052e-06
-3.29121e-05
7.22033e-06
-3.50539e-05
8.90986e-06
-3.71063e-05
1.02291e-05
-3.87306e-05
1.0873e-05
-3.95656e-05
1.0575e-05
-3.93062e-05
9.0001e-06
-3.78193e-05
5.88329e-06
1.32984e-06
-3.509e-05
-2.39073e-05
2.19074e-06
-2.49332e-05
3.65486e-06
-2.6412e-05
5.44151e-06
-2.83141e-05
7.4011e-06
-3.05019e-05
9.40649e-06
-3.27321e-05
1.11386e-05
-3.46409e-05
1.21368e-05
-3.5808e-05
1.20395e-05
-3.59974e-05
1.07641e-05
-3.49925e-05
7.99558e-06
-3.29194e-05
3.80995e-06
-1.58565e-06
-3.0001e-05
-2.07534e-05
2.96155e-06
-2.19484e-05
4.84927e-06
-2.35457e-05
7.0376e-06
-2.5486e-05
9.34017e-06
-2.76066e-05
1.15258e-05
-2.96247e-05
1.31557e-05
-3.10989e-05
1.36102e-05
-3.16671e-05
1.26071e-05
-3.10996e-05
1.01963e-05
-2.91694e-05
6.065e-06
-2.62062e-05
8.48192e-07
-2.45563e-05
-3.23813e-06
-3.74205e-05
-8.87761e-07
-3.53341e-05
-2.9706e-06
-3.34965e-05
-5.78903e-06
-3.20208e-05
-8.06032e-06
-3.10065e-05
-9.74289e-06
-3.05137e-05
-1.06355e-05
-3.05665e-05
-1.05947e-05
-3.10926e-05
-9.45581e-06
-3.1948e-05
-7.32612e-06
-3.26975e-05
-4.25432e-06
-3.32374e-05
-1.52623e-06
1.24627e-06
-3.10783e-05
-4.89941e-06
-2.87056e-05
-5.34404e-06
-2.6978e-05
-7.51704e-06
-2.57474e-05
-9.29112e-06
-2.5069e-05
-1.04214e-05
-2.49273e-05
-1.07772e-05
-2.52699e-05
-1.02523e-05
-2.59507e-05
-8.77514e-06
-2.67658e-05
-6.51134e-06
-2.73663e-05
-3.65387e-06
-2.77033e-05
-1.19082e-06
1.01623e-06
-2.53652e-05
-9.53804e-06
-2.31991e-05
-7.51113e-06
-2.18659e-05
-8.85081e-06
-2.09818e-05
-1.01756e-05
-2.05766e-05
-1.08267e-05
-2.06246e-05
-1.07293e-05
-2.10535e-05
-9.82349e-06
-2.17114e-05
-8.11725e-06
-2.241e-05
-5.8129e-06
-2.29116e-05
-3.15285e-06
-2.32375e-05
-8.64713e-07
1.1322e-06
-1.95512e-05
-1.45429e-05
-1.82769e-05
-8.78578e-06
-1.76064e-05
-9.52164e-06
-1.71584e-05
-1.06239e-05
-1.70036e-05
-1.09817e-05
-1.71715e-05
-1.05618e-05
-1.76128e-05
-9.38266e-06
-1.82038e-05
-7.52681e-06
-1.87982e-05
-5.21909e-06
-1.92502e-05
-2.70137e-06
-1.96232e-05
-4.93115e-07
1.48992e-06
-1.79651e-05
3.78779e-06
1.71352e-05
-1.91436e-05
6.02823e-06
-2.06397e-05
8.53663e-06
-2.2374e-05
1.1079e-05
-2.41788e-05
1.33363e-05
-2.57044e-05
1.46891e-05
-2.65359e-05
1.44523e-05
-2.63669e-05
1.24506e-05
-2.46414e-05
8.48399e-06
-2.07883e-05
2.22396e-06
-1.38292e-05
-6.10419e-06
-1.70585e-05
-1.54275e-05
4.54162e-06
1.46726e-05
-1.64373e-05
7.03749e-06
-1.7662e-05
9.76089e-06
-1.90082e-05
1.24246e-05
-2.02917e-05
1.46189e-05
-2.11598e-05
1.55563e-05
-2.13128e-05
1.46044e-05
-2.03678e-05
1.15048e-05
-1.76721e-05
5.78746e-06
-1.266e-05
-2.78967e-06
-5.74666e-06
-1.3019e-05
-2.28098e-05
-1.30837e-05
5.12329e-06
1.25015e-05
-1.38141e-05
7.76752e-06
-1.46493e-05
1.05956e-05
-1.54889e-05
1.32634e-05
-1.61498e-05
1.52786e-05
-1.63712e-05
1.57764e-05
-1.59417e-05
1.41739e-05
-1.44683e-05
1.00304e-05
-1.16347e-05
2.95319e-06
-7.56458e-06
-6.86092e-06
-3.12451e-06
-1.74626e-05
-2.5937e-05
-1.09107e-05
5.47201e-06
1.05615e-05
-1.12968e-05
8.15335e-06
-1.16788e-05
1.09773e-05
-1.19661e-05
1.35501e-05
-1.20082e-05
1.53198e-05
-1.16728e-05
1.54401e-05
-1.08007e-05
1.33009e-05
-9.19148e-06
8.42045e-06
-6.85503e-06
6.15743e-07
-4.23283e-06
-9.48501e-06
-1.81743e-06
-1.98802e-05
-2.77564e-05
-8.90317e-06
5.55879e-06
8.81608e-06
-8.91982e-06
8.16979e-06
-8.83125e-06
1.0888e-05
-8.57342e-06
1.32914e-05
-8.06052e-06
1.48055e-05
-7.24907e-06
1.4627e-05
-6.10569e-06
1.21563e-05
-4.60764e-06
6.921e-06
-2.93807e-06
-1.05481e-06
-1.46555e-06
-1.09587e-05
-2.97083e-07
-2.10525e-05
-2.80599e-05
-7.06344e-06
5.37831e-06
7.24366e-06
-6.71522e-06
7.82128e-06
-6.17286e-06
1.03453e-05
-5.40833e-06
1.25261e-05
-4.40412e-06
1.38005e-05
-3.20316e-06
1.34251e-05
-1.89873e-06
1.08514e-05
-5.96241e-07
5.61797e-06
4.50665e-07
-2.10203e-06
9.99803e-07
-1.15092e-05
1.05049e-06
-2.11055e-05
-2.70103e-05
-5.39531e-06
4.94298e-06
5.83048e-06
-4.70635e-06
7.13217e-06
-3.74708e-06
9.38506e-06
-2.52576e-06
1.13042e-05
-1.08965e-06
1.23624e-05
4.3798e-07
1.18967e-05
1.85707e-06
9.43016e-06
2.97903e-06
4.4953e-06
3.50964e-06
-2.63432e-06
3.27588e-06
-1.1277e-05
2.34097e-06
-2.01736e-05
-2.46758e-05
-3.89961e-06
4.27712e-06
4.56546e-06
-2.90585e-06
6.1378e-06
-1.57587e-06
8.05451e-06
5.04276e-08
9.67651e-06
1.86985e-06
1.05423e-05
3.68851e-06
1.00762e-05
5.21987e-06
7.89877e-06
6.21948e-06
3.49443e-06
6.34151e-06
-2.75611e-06
5.40025e-06
-1.03359e-05
3.45699e-06
-1.82328e-05
-2.122e-05
-2.57046e-06
3.41121e-06
3.43545e-06
-1.31335e-06
4.88151e-06
3.3822e-07
6.40044e-06
2.3225e-06
7.69491e-06
4.48839e-06
8.37087e-06
6.58586e-06
7.98388e-06
8.25e-06
6.22708e-06
9.20068e-06
2.54766e-06
9.00513e-06
-2.56558e-06
7.39372e-06
-8.72751e-06
4.4217e-06
-1.52612e-05
-1.68016e-05
-1.38797e-06
2.38196e-06
2.41748e-06
8.87536e-08
3.40414e-06
2.01656e-06
4.47206e-06
4.31788e-06
5.39317e-06
6.80962e-06
5.87778e-06
9.1873e-06
5.60612e-06
1.10169e-05
4.39495e-06
1.19899e-05
1.57388e-06
1.15386e-05
-2.11726e-06
9.26305e-06
-6.45407e-06
5.18522e-06
-1.11846e-05
-1.16162e-05
-2.88144e-07
1.22549e-06
1.44512e-06
1.36432e-06
1.75065e-06
3.5247e-06
2.30984e-06
6.11308e-06
2.80442e-06
8.9186e-06
3.0692e-06
1.15955e-05
2.92959e-06
1.36236e-05
2.36272e-06
1.46654e-05
5.31079e-07
1.39209e-05
-1.37629e-06
1.09573e-05
-3.49321e-06
5.81124e-06
-6.03887e-06
-5.80478e-06
9.58789e-07
2.66964e-07
2.70896e-06
5.01883e-06
7.8225e-06
1.08919e-05
1.38206e-05
1.61833e-05
1.67136e-05
1.53369e-05
1.18436e-05
5.80478e-06
-1.19239e-05
-2.61904e-06
-1.36847e-05
-7.02163e-06
-1.39481e-05
-9.25538e-06
-1.39961e-05
-1.05736e-05
-1.40846e-05
-1.08915e-05
-1.43493e-05
-1.02962e-05
-1.47885e-05
-8.94369e-06
-1.53183e-05
-6.99866e-06
-1.58355e-05
-4.70559e-06
-1.62571e-05
-2.28539e-06
-1.66606e-05
-9.69919e-08
1.96337e-06
-1.71369e-05
-7.42241e-06
4.8061e-06
-1.01013e-05
-4.34231e-06
-1.09449e-05
-8.41164e-06
-1.13555e-05
-1.01631e-05
-1.16513e-05
-1.05959e-05
-1.20008e-05
-9.94705e-06
-1.24443e-05
-8.50063e-06
-1.2933e-05
-6.51048e-06
-1.33976e-05
-4.2415e-06
-1.37924e-05
-1.89141e-06
-1.41898e-05
3.00207e-07
2.44818e-06
-1.46747e-05
-4.94907e-06
9.7569e-06
-7.37452e-06
-1.91647e-06
-8.49858e-06
-7.28746e-06
-9.14007e-06
-9.52162e-06
-9.59319e-06
-1.01429e-05
-1.00204e-05
-9.52004e-06
-1.0481e-05
-8.04038e-06
-1.09492e-05
-6.04264e-06
-1.13775e-05
-3.81357e-06
-1.17391e-05
-1.52996e-06
-1.20926e-05
6.53285e-07
2.85897e-06
-1.25036e-05
-3.28819e-06
1.30478e-05
-5.26912e-06
6.49681e-08
-6.46516e-06
-6.09124e-06
-7.23971e-06
-8.74706e-06
-7.81483e-06
-9.56797e-06
-8.31889e-06
-9.01628e-06
-8.81142e-06
-7.54828e-06
-9.27787e-06
-5.57668e-06
-9.68162e-06
-3.41034e-06
-1.00024e-05
-1.20978e-06
-1.02815e-05
9.32231e-07
3.14035e-06
-1.0563e-05
-1.99201e-06
1.50408e-05
-3.52709e-06
1.60041e-06
-4.69975e-06
-4.91844e-06
-5.55588e-06
-7.89092e-06
-6.23742e-06
-8.88648e-06
-6.82435e-06
-8.42951e-06
-7.36497e-06
-7.00786e-06
-7.84671e-06
-5.09519e-06
-8.23558e-06
-3.02174e-06
-8.51059e-06
-9.3489e-07
-8.69626e-06
1.11765e-06
3.2606e-06
-8.81663e-06
-8.5874e-07
1.59014e-05
-1.97691e-06
2.71905e-06
-3.0867e-06
-3.80848e-06
-4.00761e-06
-6.96999e-06
-4.79758e-06
-8.09664e-06
-5.48053e-06
-7.74681e-06
-6.08671e-06
-6.40202e-06
-6.59957e-06
-4.5827e-06
-6.98273e-06
-2.63901e-06
-7.21129e-06
-7.06768e-07
-7.29545e-06
1.20176e-06
3.20807e-06
-7.24293e-06
2.19426e-07
1.56827e-05
-5.07268e-07
3.44603e-06
-1.53976e-06
-2.77583e-06
-2.53105e-06
-5.97867e-06
-3.44544e-06
-7.18224e-06
-4.24447e-06
-6.94788e-06
-4.9355e-06
-5.71103e-06
-5.4947e-06
-4.02372e-06
-5.88131e-06
-2.25246e-06
-6.06657e-06
-5.21648e-07
-6.05046e-06
1.18557e-06
2.9859e-06
-5.82827e-06
1.28054e-06
1.44033e-05
9.43735e-07
3.78333e-06
2.52952e-09
-1.83449e-06
-1.07612e-06
-4.89995e-06
-2.14118e-06
-6.11726e-06
-3.08299e-06
-6.0062e-06
-3.88071e-06
-4.91361e-06
-4.50122e-06
-3.40341e-06
-4.90027e-06
-1.85376e-06
-5.04825e-06
-3.7391e-07
-4.93982e-06
1.07714e-06
2.60793e-06
-4.56175e-06
2.32037e-06
1.20843e-05
2.40516e-06
3.69868e-06
1.58141e-06
-1.01038e-06
3.97855e-07
-3.71654e-06
-8.49141e-07
-4.87012e-06
-1.9671e-06
-4.88857e-06
-2.89719e-06
-3.98308e-06
-3.59435e-06
-2.707e-06
-4.01387e-06
-1.43366e-06
-4.13211e-06
-2.56452e-07
-3.94377e-06
8.88786e-07
2.09463e-06
-3.43036e-06
3.35307e-06
8.73296e-06
3.8753e-06
3.1772e-06
3.22333e-06
-3.58107e-07
1.9376e-06
-2.43074e-06
4.81978e-07
-3.4146e-06
-8.54368e-07
-3.55236e-06
-1.95224e-06
-2.88547e-06
-2.74401e-06
-1.91571e-06
-3.19174e-06
-9.86211e-07
-3.28841e-06
-1.60778e-07
-3.03549e-06
6.35407e-07
1.4702e-06
-2.41104e-06
4.25001e-06
4.4856e-06
5.32367e-06
2.10474e-06
4.95169e-06
1.45912e-08
3.63419e-06
-1.11315e-06
1.97667e-06
-1.75734e-06
3.59197e-07
-1.93554e-06
-9.68159e-07
-1.55895e-06
-1.88171e-06
-1.00374e-06
-2.36282e-06
-5.06257e-07
-2.44775e-06
-7.84011e-08
-2.14685e-06
3.33121e-07
7.60384e-07
-1.43734e-06
4.48588e-06
6.59077e-06
6.60538e-06
5.49219e-06
3.73472e-06
1.79901e-06
2.39691e-07
-7.64292e-07
-1.27114e-06
-1.34987e-06
-1.01682e-06
-2.56622e-07
-1.79661e-05
3.79394e-06
-1.91445e-05
6.0296e-06
-2.0641e-05
8.53492e-06
-2.2376e-05
1.10743e-05
-2.41808e-05
1.33288e-05
-2.57058e-05
1.46782e-05
-2.65364e-05
1.44387e-05
-2.63663e-05
1.24353e-05
-2.46405e-05
8.46977e-06
-2.07885e-05
2.21461e-06
-1.3831e-05
-6.10738e-06
-1.70652e-05
-1.54283e-05
4.5473e-06
-1.64376e-05
7.03845e-06
-1.76625e-05
9.7589e-06
-1.9009e-05
1.24199e-05
-2.02925e-05
1.46114e-05
-2.116e-05
1.5545e-05
-2.13122e-05
1.45901e-05
-2.03664e-05
1.14889e-05
-1.76706e-05
5.77352e-06
-1.26592e-05
-2.79748e-06
-5.74626e-06
-1.302e-05
-2.28137e-05
-1.3084e-05
5.1275e-06
-1.38137e-05
7.76768e-06
-1.46488e-05
1.05935e-05
-1.54885e-05
1.32587e-05
-1.61492e-05
1.52711e-05
-1.63702e-05
1.57649e-05
-1.59403e-05
1.41594e-05
-1.44666e-05
1.00145e-05
-1.16333e-05
2.93993e-06
-7.56357e-06
-6.86726e-06
-3.12383e-06
-1.74613e-05
-2.5938e-05
-1.09102e-05
5.47461e-06
-1.12955e-05
8.15255e-06
-1.16771e-05
1.09744e-05
-1.19644e-05
1.35452e-05
-1.20063e-05
1.53122e-05
-1.16709e-05
1.54287e-05
-1.07989e-05
1.32865e-05
-9.18998e-06
8.40494e-06
-6.85415e-06
6.03459e-07
-4.23243e-06
-9.48985e-06
-1.81731e-06
-1.98766e-05
-2.77558e-05
-8.90164e-06
5.55948e-06
-8.91748e-06
8.16812e-06
-8.82847e-06
1.08849e-05
-8.57061e-06
1.32865e-05
-8.05766e-06
1.4798e-05
-7.24647e-06
1.4616e-05
-6.10364e-06
1.21425e-05
-4.60642e-06
6.90641e-06
-2.93772e-06
-1.06583e-06
-1.46573e-06
-1.09622e-05
-2.97252e-07
-2.10474e-05
-2.80571e-05
-7.06073e-06
5.37721e-06
-6.71186e-06
7.81888e-06
-6.16909e-06
1.03414e-05
-5.40456e-06
1.2521e-05
-4.40046e-06
1.37931e-05
-3.20007e-06
1.34147e-05
-1.89657e-06
1.08383e-05
-5.9526e-07
5.60449e-06
4.5057e-07
-2.11188e-06
9.99179e-07
-1.15113e-05
1.05025e-06
-2.10994e-05
-2.70066e-05
-5.39143e-06
4.94035e-06
-4.70215e-06
7.12923e-06
-3.74241e-06
9.38102e-06
-2.52121e-06
1.12993e-05
-1.08536e-06
1.23555e-05
4.41407e-07
1.18873e-05
1.85931e-06
9.41843e-06
2.97986e-06
4.48334e-06
3.50928e-06
-2.64261e-06
3.27484e-06
-1.12783e-05
2.3406e-06
-2.01674e-05
-2.4671e-05
-3.8947e-06
4.27325e-06
-2.90093e-06
6.13511e-06
-1.57053e-06
8.05019e-06
5.55445e-08
9.67195e-06
1.87457e-06
1.05359e-05
3.69216e-06
1.0068e-05
5.22217e-06
7.8885e-06
6.2202e-06
3.48422e-06
6.34091e-06
-2.76278e-06
5.39885e-06
-1.0336e-05
3.45657e-06
-1.82271e-05
-2.12152e-05
-2.56466e-06
3.40746e-06
-1.30813e-06
4.87816e-06
3.44086e-07
6.39704e-06
2.32794e-06
7.69049e-06
4.49343e-06
8.36569e-06
6.5896e-06
7.977e-06
8.25233e-06
6.21891e-06
9.20128e-06
2.53936e-06
9.00435e-06
-2.57034e-06
7.39185e-06
-8.72754e-06
4.42113e-06
-1.52562e-05
-1.67975e-05
-1.38188e-06
2.37805e-06
9.41148e-08
3.40133e-06
2.02262e-06
4.46995e-06
4.32361e-06
5.38994e-06
6.81478e-06
5.87397e-06
9.1911e-06
5.60135e-06
1.10191e-05
4.38919e-06
1.19903e-05
1.56807e-06
1.15374e-05
-2.12025e-06
9.26093e-06
-6.45379e-06
5.18443e-06
-1.11811e-05
-1.16135e-05
-2.821e-07
1.22188e-06
1.36951e-06
1.74897e-06
3.53093e-06
2.31083e-06
6.11905e-06
2.8036e-06
8.9239e-06
3.06794e-06
1.15993e-05
2.92777e-06
1.36256e-05
2.3603e-06
1.46655e-05
5.2861e-07
1.39195e-05
-1.37739e-06
1.09551e-05
-3.49314e-06
5.81043e-06
-6.03746e-06
-5.80429e-06
9.65033e-07
2.71451e-06
5.02583e-06
7.82908e-06
1.08975e-05
1.38247e-05
1.61852e-05
1.67132e-05
1.53352e-05
1.18419e-05
5.80429e-06
-1.19334e-05
-2.60086e-06
-1.36972e-05
-7.00604e-06
-1.39618e-05
-9.24071e-06
-1.40098e-05
-1.05615e-05
-1.40975e-05
-1.08823e-05
-1.43607e-05
-1.02891e-05
-1.47981e-05
-8.9379e-06
-1.53262e-05
-6.99357e-06
-1.58419e-05
-4.70071e-06
-1.62628e-05
-2.28095e-06
-1.66656e-05
-9.22219e-08
1.96789e-06
-1.71415e-05
-7.43021e-06
4.83092e-06
-1.01119e-05
-4.32422e-06
-1.0956e-05
-8.39665e-06
-1.13663e-05
-1.01515e-05
-1.16613e-05
-1.05877e-05
-1.20093e-05
-9.94148e-06
-1.24511e-05
-8.49662e-06
-1.29382e-05
-6.50696e-06
-1.34016e-05
-4.23804e-06
-1.37954e-05
-1.88771e-06
-1.41923e-05
3.0362e-07
2.45159e-06
-1.46765e-05
-4.955e-06
9.78689e-06
-7.38263e-06
-1.89646e-06
-8.50683e-06
-7.27251e-06
-9.14781e-06
-9.51066e-06
-9.59994e-06
-1.01358e-05
-1.00258e-05
-9.51596e-06
-1.04848e-05
-8.03798e-06
-1.09516e-05
-6.04059e-06
-1.13788e-05
-3.81128e-06
-1.17395e-05
-1.52745e-06
-1.20923e-05
6.56001e-07
2.86112e-06
-1.25027e-05
-3.29247e-06
1.30809e-05
-5.27449e-06
8.57797e-08
-6.47034e-06
-6.07669e-06
-7.24422e-06
-8.73695e-06
-7.81836e-06
-9.56197e-06
-8.32114e-06
-9.01358e-06
-8.81227e-06
-7.54733e-06
-9.27747e-06
-5.57595e-06
-9.68019e-06
-3.40912e-06
-1.00002e-05
-1.20799e-06
-1.02787e-05
9.33872e-07
3.14149e-06
-1.05596e-05
-1.99421e-06
1.50756e-05
-3.52965e-06
1.62134e-06
-4.70184e-06
-4.9045e-06
-5.55719e-06
-7.88172e-06
-6.23781e-06
-8.88147e-06
-6.82363e-06
-8.42802e-06
-7.36301e-06
-7.0082e-06
-7.84368e-06
-5.0956e-06
-8.23165e-06
-3.02141e-06
-8.50603e-06
-9.33956e-07
-8.6912e-06
1.11874e-06
3.26088e-06
-8.81117e-06
-8.58998e-07
1.59355e-05
-1.97676e-06
2.73928e-06
-3.0858e-06
-3.79551e-06
-4.00586e-06
-6.96178e-06
-4.79502e-06
-8.09258e-06
-5.47705e-06
-7.7463e-06
-6.0822e-06
-6.40349e-06
-6.59417e-06
-4.58403e-06
-6.97662e-06
-2.63941e-06
-7.20465e-06
-7.06284e-07
-7.28851e-06
1.20212e-06
3.2078e-06
-7.23572e-06
2.20985e-07
1.57146e-05
-5.04576e-07
3.46481e-06
-1.53602e-06
-2.76404e-06
-2.52642e-06
-5.97153e-06
-3.44013e-06
-7.17892e-06
-4.23851e-06
-6.94817e-06
-4.92873e-06
-5.71334e-06
-5.48728e-06
-4.02577e-06
-5.87334e-06
-2.25338e-06
-6.05825e-06
-5.21646e-07
-6.04194e-06
1.18567e-06
2.98513e-06
-5.8197e-06
1.28373e-06
1.44311e-05
9.48742e-07
3.79991e-06
8.89471e-09
-1.82432e-06
-1.06883e-06
-4.89389e-06
-2.13338e-06
-6.11463e-06
-3.07483e-06
-6.00697e-06
-3.87203e-06
-4.91653e-06
-4.49216e-06
-3.40586e-06
-4.89084e-06
-1.85497e-06
-5.03861e-06
-3.74044e-07
-4.93016e-06
1.07691e-06
2.60695e-06
-4.55214e-06
2.32502e-06
1.21069e-05
2.41218e-06
3.71227e-06
1.59017e-06
-1.0019e-06
4.07519e-07
-3.71188e-06
-8.39077e-07
-4.86773e-06
-1.95707e-06
-4.88968e-06
-2.88694e-06
-3.98602e-06
-3.58407e-06
-2.70969e-06
-4.0034e-06
-1.43495e-06
-4.12158e-06
-2.5671e-07
-3.93334e-06
8.88484e-07
2.09341e-06
-3.4201e-06
3.35899e-06
8.74817e-06
3.8841e-06
3.18724e-06
3.23412e-06
-3.52026e-07
1.94942e-06
-2.42757e-06
4.94038e-07
-3.4127e-06
-8.42678e-07
-3.55346e-06
-1.94083e-06
-2.88816e-06
-2.73295e-06
-1.91824e-06
-3.18069e-06
-9.87334e-07
-3.27737e-06
-1.60879e-07
-3.02469e-06
6.34999e-07
1.46935e-06
-2.40036e-06
4.25643e-06
4.49227e-06
5.33391e-06
2.10972e-06
4.96421e-06
1.74427e-08
3.64779e-06
-1.11202e-06
1.99055e-06
-1.75633e-06
3.72432e-07
-1.93686e-06
-9.55909e-07
-1.5609e-06
-1.87037e-06
-1.00568e-06
-2.3517e-06
-5.06765e-07
-2.43667e-06
-7.82819e-08
-2.13607e-06
3.32624e-07
7.60118e-07
-1.42663e-06
4.49226e-06
6.60196e-06
6.6192e-06
5.50703e-06
3.75039e-06
1.81333e-06
2.5196e-07
-7.53869e-07
-1.26117e-06
-1.33988e-06
-1.00722e-06
-2.47009e-07
-1.79698e-05
3.79841e-06
-1.91462e-05
6.03327e-06
-2.06397e-05
8.53641e-06
-2.23709e-05
1.10731e-05
-2.41716e-05
1.33244e-05
-2.56933e-05
1.46718e-05
-2.65221e-05
1.44312e-05
-2.63519e-05
1.24284e-05
-2.46277e-05
8.46292e-06
-2.07789e-05
2.20863e-06
-1.38262e-05
-6.10993e-06
-1.70591e-05
-1.5429e-05
4.54995e-06
-1.64364e-05
7.03971e-06
-1.76584e-05
9.75744e-06
-1.90014e-05
1.24153e-05
-2.02813e-05
1.46034e-05
-2.11465e-05
1.55364e-05
-2.12976e-05
1.45817e-05
-2.03526e-05
1.14825e-05
-1.76598e-05
5.76881e-06
-1.26536e-05
-2.79966e-06
-5.74584e-06
-1.30203e-05
-2.28098e-05
-1.30821e-05
5.12865e-06
-1.381e-05
7.76685e-06
-1.46427e-05
1.05893e-05
-1.54797e-05
1.32513e-05
-1.61377e-05
1.52605e-05
-1.63572e-05
1.57551e-05
-1.59267e-05
1.41503e-05
-1.44545e-05
1.00096e-05
-1.16244e-05
2.93754e-06
-7.55934e-06
-6.86672e-06
-3.12316e-06
-1.74596e-05
-2.5937e-05
-1.0906e-05
5.47436e-06
-1.129e-05
8.15022e-06
-1.16699e-05
1.09684e-05
-1.19553e-05
1.35361e-05
-1.19955e-05
1.53e-05
-1.16593e-05
1.54183e-05
-1.07871e-05
1.32776e-05
-9.17987e-06
8.40164e-06
-6.84643e-06
6.02734e-07
-4.22754e-06
-9.48764e-06
-1.81486e-06
-1.98755e-05
-2.7754e-05
-8.89556e-06
5.55832e-06
-8.91067e-06
8.16462e-06
-8.82058e-06
1.08777e-05
-8.56188e-06
1.32764e-05
-8.04795e-06
1.47851e-05
-7.23678e-06
1.46061e-05
-6.09395e-06
1.21336e-05
-4.59816e-06
6.90501e-06
-2.93086e-06
-1.06576e-06
-1.46083e-06
-1.09599e-05
-2.9399e-07
-2.10449e-05
-2.8056e-05
-7.05324e-06
5.3753e-06
-6.70409e-06
7.81507e-06
-6.16097e-06
1.0334e-05
-5.39648e-06
1.25114e-05
-4.3921e-06
1.378e-05
-3.1925e-06
1.34062e-05
-1.88885e-06
1.08295e-05
-5.88893e-07
5.60492e-06
4.56371e-07
-2.112e-06
1.00392e-06
-1.15086e-05
1.05313e-06
-2.1097e-05
-2.70036e-05
-5.3828e-06
4.9382e-06
-4.69372e-06
7.12534e-06
-3.73423e-06
9.37416e-06
-2.51409e-06
1.129e-05
-1.07824e-06
1.23438e-05
4.46707e-07
1.18793e-05
1.86525e-06
9.41079e-06
2.98414e-06
4.48417e-06
3.51388e-06
-2.64255e-06
3.27884e-06
-1.12756e-05
2.34319e-06
-2.01646e-05
-2.46675e-05
-3.88525e-06
4.27085e-06
-2.89203e-06
6.13173e-06
-1.56254e-06
8.04388e-06
6.18535e-08
9.66518e-06
1.88029e-06
1.0524e-05
3.69555e-06
1.00641e-05
5.22618e-06
7.87863e-06
6.22254e-06
3.48817e-06
6.34401e-06
-2.7649e-06
5.40188e-06
-1.03343e-05
3.45834e-06
-1.82218e-05
-2.12119e-05
-2.55456e-06
3.40584e-06
-1.29905e-06
4.87484e-06
3.52233e-07
6.39416e-06
2.33269e-06
7.68135e-06
4.49895e-06
8.36204e-06
6.58985e-06
7.9665e-06
8.25583e-06
6.21899e-06
9.20063e-06
2.5364e-06
9.0062e-06
-2.56824e-06
7.3943e-06
-8.72541e-06
4.42132e-06
-1.52553e-05
-1.67905e-05
-1.37149e-06
2.37698e-06
1.0367e-07
3.39958e-06
2.03009e-06
4.46764e-06
4.32813e-06
5.3832e-06
6.81842e-06
5.8721e-06
9.19055e-06
5.59323e-06
1.10201e-05
4.38999e-06
1.19884e-05
1.56585e-06
1.15374e-05
-2.11806e-06
9.26193e-06
-6.45279e-06
5.18445e-06
-1.11795e-05
-1.16078e-05
-2.71496e-07
1.22213e-06
1.37922e-06
1.74841e-06
3.53812e-06
2.30915e-06
6.12266e-06
2.79795e-06
8.92664e-06
3.06953e-06
1.15972e-05
2.92023e-06
1.36249e-05
2.36342e-06
1.46617e-05
5.24923e-07
1.39177e-05
-1.37504e-06
1.09548e-05
-3.49203e-06
5.80964e-06
-6.0369e-06
-5.80248e-06
9.74981e-07
2.72354e-06
5.03244e-06
7.83081e-06
1.08997e-05
1.38203e-05
1.61829e-05
1.67077e-05
1.53324e-05
1.184e-05
5.80248e-06
-1.19257e-05
-2.60753e-06
-1.36869e-05
-7.0148e-06
-1.39506e-05
-9.25104e-06
-1.39986e-05
-1.05715e-05
-1.40867e-05
-1.08912e-05
-1.43509e-05
-1.02971e-05
-1.47895e-05
-8.94561e-06
-1.53187e-05
-7.00139e-06
-1.58355e-05
-4.709e-06
-1.6257e-05
-2.28938e-06
-1.66605e-05
-1.0124e-07
1.95936e-06
-1.71369e-05
-7.42297e-06
4.81858e-06
-1.01025e-05
-4.33485e-06
-1.09461e-05
-8.40722e-06
-1.13566e-05
-1.0161e-05
-1.16522e-05
-1.05958e-05
-1.20013e-05
-9.94839e-06
-1.24443e-05
-8.503e-06
-1.29327e-05
-6.51355e-06
-1.33971e-05
-4.24509e-06
-1.37919e-05
-1.89535e-06
-1.41894e-05
2.96152e-07
2.4444e-06
-1.46746e-05
-4.949e-06
9.76962e-06
-7.37465e-06
-1.90876e-06
-8.49868e-06
-7.28305e-06
-9.14007e-06
-9.51965e-06
-9.59301e-06
-1.01429e-05
-1.002e-05
-9.52166e-06
-1.04802e-05
-8.04304e-06
-1.09482e-05
-6.04591e-06
-1.13765e-05
-3.81719e-06
-1.17382e-05
-1.53376e-06
-1.20918e-05
6.49503e-07
2.85548e-06
-1.25031e-05
-3.2877e-06
1.30605e-05
-5.2683e-06
7.24563e-08
-6.46423e-06
-6.08691e-06
-7.23868e-06
-8.74519e-06
-7.81369e-06
-9.56811e-06
-8.31756e-06
-9.01808e-06
-8.80989e-06
-7.55112e-06
-9.27622e-06
-5.58003e-06
-9.68e-06
-3.41389e-06
-1.0001e-05
-1.21335e-06
-1.02804e-05
9.28765e-07
3.13719e-06
-1.05622e-05
-1.99078e-06
1.50528e-05
-3.52534e-06
1.60749e-06
-4.69783e-06
-4.91424e-06
-5.55386e-06
-7.88913e-06
-6.23536e-06
-8.88663e-06
-6.8222e-06
-8.43139e-06
-7.36269e-06
-7.01079e-06
-7.8444e-06
-5.09854e-06
-8.23338e-06
-3.02514e-06
-8.50864e-06
-9.38188e-07
-8.69462e-06
1.11454e-06
3.2578e-06
-8.81532e-06
-8.56782e-07
1.5912e-05
-1.97427e-06
2.72562e-06
-3.08382e-06
-3.80447e-06
-4.00463e-06
-6.96827e-06
-4.79464e-06
-8.09675e-06
-5.47757e-06
-7.74868e-06
-6.0837e-06
-6.40498e-06
-6.59659e-06
-4.58598e-06
-6.97992e-06
-2.64221e-06
-7.20877e-06
-7.09721e-07
-7.29328e-06
1.19903e-06
3.20564e-06
-7.2411e-06
2.21999e-07
1.56913e-05
-5.03807e-07
3.4519e-06
-1.53594e-06
-2.7721e-06
-2.52711e-06
-5.97702e-06
-3.44159e-06
-7.18222e-06
-4.24071e-06
-6.94964e-06
-4.93175e-06
-5.71393e-06
-5.49107e-06
-4.02686e-06
-5.87789e-06
-2.25539e-06
-6.06348e-06
-5.24238e-07
-6.04774e-06
1.18325e-06
2.98386e-06
-5.8259e-06
1.28355e-06
1.44097e-05
9.47897e-07
3.78834e-06
7.25209e-09
-1.8312e-06
-1.07125e-06
-4.89837e-06
-2.13644e-06
-6.11708e-06
-3.07843e-06
-6.00774e-06
-3.87624e-06
-4.91638e-06
-4.49695e-06
-3.4063e-06
-4.89626e-06
-1.85636e-06
-5.04462e-06
-3.76048e-07
-4.93657e-06
1.07525e-06
2.60629e-06
-4.55888e-06
2.32361e-06
1.20882e-05
2.40984e-06
3.70258e-06
1.58692e-06
-1.00774e-06
4.03594e-07
-3.71517e-06
-8.4352e-07
-4.86965e-06
-1.96178e-06
-4.88986e-06
-2.89203e-06
-3.98552e-06
-3.58951e-06
-2.7096e-06
-4.00935e-06
-1.43582e-06
-4.12802e-06
-2.58174e-07
-3.94009e-06
8.87346e-07
2.0934e-06
-3.42705e-06
3.35639e-06
8.73495e-06
3.88028e-06
3.18009e-06
3.22937e-06
-3.56251e-07
1.94406e-06
-2.42957e-06
4.88375e-07
-3.41392e-06
-8.48307e-07
-3.55323e-06
-1.94651e-06
-2.88744e-06
-2.73874e-06
-1.91779e-06
-3.18688e-06
-9.87826e-07
-3.284e-06
-1.61961e-07
-3.03151e-06
6.34432e-07
1.4694e-06
-2.40745e-06
4.25254e-06
4.48712e-06
5.32863e-06
2.10628e-06
4.95782e-06
1.59777e-08
3.64094e-06
-1.11218e-06
1.98362e-06
-1.75652e-06
3.65905e-07
-1.93593e-06
-9.6202e-07
-1.55996e-06
-1.87626e-06
-1.00486e-06
-2.35791e-06
-5.06975e-07
-2.4433e-06
-7.88996e-08
-2.14283e-06
3.32709e-07
7.60084e-07
-1.43371e-06
4.48766e-06
6.59424e-06
6.61033e-06
5.49818e-06
3.74158e-06
1.80558e-06
2.45299e-07
-7.59708e-07
-1.26722e-06
-1.34642e-06
-1.01375e-06
-2.53845e-07
-1.79662e-05
3.79054e-06
-1.91446e-05
6.02703e-06
-2.0641e-05
8.53329e-06
-2.23757e-05
1.10737e-05
-2.41803e-05
1.33293e-05
-2.5705e-05
1.46793e-05
-2.65354e-05
1.44398e-05
-2.63648e-05
1.2436e-05
-2.4638e-05
8.46931e-06
-2.07846e-05
2.21207e-06
-1.38266e-05
-6.11041e-06
-1.70632e-05
-1.54283e-05
4.54407e-06
-1.64376e-05
7.03593e-06
-1.76624e-05
9.75718e-06
-1.90088e-05
1.24191e-05
-2.0292e-05
1.46116e-05
-2.11594e-05
1.55459e-05
-2.13115e-05
1.45911e-05
-2.03654e-05
1.14892e-05
-1.76692e-05
5.77248e-06
-1.26576e-05
-2.80028e-06
-5.74594e-06
-1.30221e-05
-2.28117e-05
-1.30838e-05
5.1245e-06
-1.38135e-05
7.76529e-06
-1.46486e-05
1.05918e-05
-1.54882e-05
1.32578e-05
-1.61488e-05
1.52711e-05
-1.63697e-05
1.57657e-05
-1.59398e-05
1.41602e-05
-1.4466e-05
1.00146e-05
-1.16327e-05
2.93876e-06
-7.5636e-06
-6.86957e-06
-3.1249e-06
-1.74627e-05
-2.59375e-05
-1.09096e-05
5.47188e-06
-1.1295e-05
8.15033e-06
-1.16768e-05
1.09727e-05
-1.19641e-05
1.35443e-05
-1.20059e-05
1.53121e-05
-1.16704e-05
1.54293e-05
-1.07983e-05
1.32872e-05
-9.18949e-06
8.40503e-06
-6.85389e-06
6.02406e-07
-4.23283e-06
-9.49167e-06
-1.81815e-06
-1.98779e-05
-2.77564e-05
-8.90062e-06
5.55706e-06
-8.91668e-06
8.16612e-06
-8.82779e-06
1.08833e-05
-8.56995e-06
1.32855e-05
-8.05696e-06
1.47978e-05
-7.24572e-06
1.46165e-05
-6.10291e-06
1.21432e-05
-4.6058e-06
6.90654e-06
-2.93742e-06
-1.06669e-06
-1.46597e-06
-1.09637e-05
-2.97941e-07
-2.10485e-05
-2.80586e-05
-7.05921e-06
5.37511e-06
-6.71059e-06
7.81713e-06
-6.16799e-06
1.034e-05
-5.40353e-06
1.25201e-05
-4.39942e-06
1.37929e-05
-3.19899e-06
1.34151e-05
-1.89551e-06
1.0839e-05
-5.94337e-07
5.60466e-06
4.51165e-07
-2.11251e-06
9.99283e-07
-1.15124e-05
1.04994e-06
-2.11003e-05
-2.70088e-05
-5.38939e-06
4.93859e-06
-4.70038e-06
7.12776e-06
-3.74084e-06
9.37983e-06
-2.51976e-06
1.12985e-05
-1.08393e-06
1.23552e-05
4.42871e-07
1.18876e-05
1.86076e-06
9.41899e-06
2.98117e-06
4.48358e-06
3.51026e-06
-2.64302e-06
3.27532e-06
-1.1279e-05
2.34057e-06
-2.01681e-05
-2.46735e-05
-3.89216e-06
4.27185e-06
-2.89868e-06
6.13393e-06
-1.56852e-06
8.04922e-06
5.74051e-08
9.67123e-06
1.87637e-06
1.05356e-05
3.69399e-06
1.00682e-05
5.22397e-06
7.88903e-06
6.22188e-06
3.48449e-06
6.34227e-06
-2.76297e-06
5.3997e-06
-1.03365e-05
3.45686e-06
-1.82276e-05
-2.12177e-05
-2.56171e-06
3.40642e-06
-1.30548e-06
4.87729e-06
3.46466e-07
6.39633e-06
2.33015e-06
7.68997e-06
4.49552e-06
8.36548e-06
6.59171e-06
7.97724e-06
8.25439e-06
6.21933e-06
9.20326e-06
2.5397e-06
9.006e-06
-2.57042e-06
7.39305e-06
-8.72767e-06
4.4217e-06
-1.52563e-05
-1.67996e-05
-1.37865e-06
2.37738e-06
9.70222e-08
3.40078e-06
2.02524e-06
4.46953e-06
4.32602e-06
5.3896e-06
6.81704e-06
5.87384e-06
9.19336e-06
5.6015e-06
1.10213e-05
4.38951e-06
1.19925e-05
1.56833e-06
1.15393e-05
-2.12027e-06
9.26238e-06
-6.45375e-06
5.18522e-06
-1.1181e-05
-1.16152e-05
-2.78822e-07
1.22163e-06
1.37246e-06
1.74877e-06
3.5336e-06
2.3107e-06
6.12147e-06
2.80343e-06
8.92616e-06
3.06784e-06
1.16016e-05
2.92778e-06
1.36279e-05
2.36039e-06
1.46678e-05
5.28617e-07
1.39214e-05
-1.3775e-06
1.09567e-05
-3.49314e-06
5.81079e-06
-6.03662e-06
-5.80658e-06
9.6756e-07
2.71683e-06
5.02801e-06
7.83106e-06
1.08994e-05
1.38265e-05
1.61871e-05
1.6715e-05
1.53368e-05
1.18435e-05
5.80658e-06
-1.1922e-05
-2.6219e-06
-1.36821e-05
-7.02591e-06
-1.3945e-05
-9.259e-06
-1.39924e-05
-1.05768e-05
-1.40802e-05
-1.08942e-05
-1.43443e-05
-1.0298e-05
-1.47832e-05
-8.94404e-06
-1.53133e-05
-6.99717e-06
-1.58312e-05
-4.70162e-06
-1.6254e-05
-2.27914e-06
-1.66585e-05
-8.88598e-08
1.9658e-06
-7.42103e-06
4.80031e-06
-1.00992e-05
-4.34769e-06
-1.09424e-05
-8.416e-06
-1.13524e-05
-1.01671e-05
-1.16476e-05
-1.05994e-05
-1.19965e-05
-9.94952e-06
-1.24397e-05
-8.50146e-06
-1.29285e-05
-6.50901e-06
-1.33935e-05
-4.23734e-06
-1.37888e-05
-1.88443e-06
-1.4187e-05
3.08276e-07
2.45101e-06
-4.94829e-06
9.74926e-06
-7.37325e-06
-1.92268e-06
-8.49702e-06
-7.29236e-06
-9.13812e-06
-9.52619e-06
-9.59072e-06
-1.01471e-05
-1.00175e-05
-9.52315e-06
-1.04776e-05
-8.04168e-06
-1.09457e-05
-6.0414e-06
-1.13741e-05
-3.80941e-06
-1.17358e-05
-1.52321e-06
-1.20895e-05
6.6171e-07
2.8624e-06
-3.28796e-06
1.30383e-05
-5.26891e-06
5.83769e-08
-6.46485e-06
-6.09651e-06
-7.23919e-06
-8.75207e-06
-7.81392e-06
-9.57268e-06
-8.31757e-06
-9.01995e-06
-8.80975e-06
-7.55003e-06
-9.27594e-06
-5.57581e-06
-9.67941e-06
-3.40654e-06
-9.99987e-06
-1.20327e-06
-1.02789e-05
9.40156e-07
3.14464e-06
-1.99265e-06
1.50311e-05
-3.52806e-06
1.59381e-06
-4.70084e-06
-4.92382e-06
-5.55697e-06
-7.89612e-06
-6.23829e-06
-8.89154e-06
-6.82496e-06
-8.43358e-06
-7.36529e-06
-7.00999e-06
-7.84672e-06
-5.09474e-06
-8.23508e-06
-3.01844e-06
-8.50946e-06
-9.29173e-07
-8.69467e-06
1.12523e-06
3.2657e-06
-8.60299e-07
1.5892e-05
-1.97909e-06
2.71265e-06
-3.08924e-06
-3.81381e-06
-4.01038e-06
-6.97515e-06
-4.80033e-06
-8.10193e-06
-5.4832e-06
-7.75108e-06
-6.08922e-06
-6.40447e-06
-6.6018e-06
-4.58259e-06
-6.98432e-06
-2.63639e-06
-7.21194e-06
-7.01811e-07
-7.29535e-06
1.20828e-06
3.21397e-06
2.17059e-07
1.56747e-05
-5.10593e-07
3.44013e-06
-1.54368e-06
-2.78078e-06
-2.53548e-06
-5.98358e-06
-3.45005e-06
-7.18747e-06
-4.24925e-06
-6.95218e-06
-4.94027e-06
-5.71354e-06
-5.49932e-06
-4.02389e-06
-5.88518e-06
-2.25047e-06
-6.06936e-06
-5.17805e-07
-6.05211e-06
1.19108e-06
2.99218e-06
1.27754e-06
1.43969e-05
9.39418e-07
3.77819e-06
-2.665e-09
-1.83896e-06
-1.0821e-06
-4.90432e-06
-2.14757e-06
-6.12235e-06
-3.08982e-06
-6.01025e-06
-3.88773e-06
-4.9161e-06
-4.50824e-06
-3.40361e-06
-4.90652e-06
-1.8524e-06
-5.05331e-06
-3.71006e-07
-4.94345e-06
1.08107e-06
2.61434e-06
2.31701e-06
1.20803e-05
2.40002e-06
3.69446e-06
1.57516e-06
-1.01375e-06
3.90433e-07
-3.72041e-06
-8.57151e-07
-4.87445e-06
-1.97592e-06
-4.89238e-06
-2.90632e-06
-3.98493e-06
-3.60373e-06
-2.70733e-06
-4.02244e-06
-1.43265e-06
-4.13953e-06
-2.54842e-07
-3.94947e-06
8.91007e-07
2.10082e-06
3.34939e-06
8.73045e-06
3.86964e-06
3.17394e-06
3.21619e-06
-3.60643e-07
1.929e-06
-2.43382e-06
4.72384e-07
-3.41835e-06
-8.65061e-07
-3.55557e-06
-1.96351e-06
-2.88683e-06
-2.75562e-06
-1.91592e-06
-3.20259e-06
-9.85504e-07
-3.29817e-06
-1.60041e-07
-3.04337e-06
6.35978e-07
1.47589e-06
4.24672e-06
4.48318e-06
5.31766e-06
2.10235e-06
4.94391e-06
1.23322e-08
3.62449e-06
-1.11571e-06
1.9654e-06
-1.76051e-06
3.46272e-07
-1.93836e-06
-9.8184e-07
-1.55997e-06
-1.89568e-06
-1.00397e-06
-2.37599e-06
-5.05262e-07
-2.46002e-06
-7.78775e-08
-2.15733e-06
3.33098e-07
7.65674e-07
4.48302e-06
6.58523e-06
6.59727e-06
5.48134e-06
3.72045e-06
1.78184e-06
2.2139e-07
-7.82556e-07
-1.28825e-06
-1.36622e-06
-1.03264e-06
)
;

boundaryField
{
    rotor
    {
        type            calculated;
        value           uniform 0;
    }
    stator
    {
        type            calculated;
        value           uniform 0;
    }
    front
    {
        type            empty;
        value           nonuniform 0();
    }
    back
    {
        type            empty;
        value           nonuniform 0();
    }
}


// ************************************************************************* //
