/*--------------------------------*- C++ -*----------------------------------*\
| =========                 |                                                 |
| \\      /  F ield         | OpenFOAM: The Open Source CFD Toolbox           |
|  \\    /   O peration     | Version:  4.0                                   |
|   \\  /    A nd           | Web:      www.OpenFOAM.org                      |
|    \\/     M anipulation  |                                                 |
\*---------------------------------------------------------------------------*/
FoamFile
{
    version     2.0;
    format      ascii;
    class       volVectorField;
    location    "250";
    object      U;
}
// * * * * * * * * * * * * * * * * * * * * * * * * * * * * * * * * * * * * * //

dimensions      [0 1 -1 0 0 0 0];

internalField   nonuniform List<vector> 
3072
(
(0.192447 2.22347 0)
(0.211438 1.92986 0)
(0.308293 1.7664 1.43801e-19)
(0.40964 1.65191 9.4008e-19)
(0.521876 1.64412 -2.1532e-18)
(0.751686 1.82251 9.32979e-19)
(1.45852 1.71759 2.69726e-19)
(2.5377 1.74896 1.45398e-19)
(2.96463 2.33798 -3.9032e-19)
(3.19354 2.54367 9.23e-19)
(3.52474 2.76295 3.92595e-19)
(3.80434 2.7437 5.20549e-19)
(-0.448049 2.76478 -2.53852e-19)
(-0.235717 2.37389 -4.67352e-19)
(0.0587339 2.43639 5.34211e-19)
(0.54493 2.51534 0)
(1.35806 2.57954 6.39738e-19)
(2.17045 2.93228 -7.83591e-19)
(2.71937 3.08844 0)
(2.96329 3.13258 0)
(3.03741 3.18476 0)
(3.10504 3.20136 7.44454e-19)
(3.23586 3.20575 -2.1251e-18)
(3.34395 3.19159 4.89228e-19)
(-0.339682 3.05984 1.64681e-19)
(0.123921 2.79012 0)
(0.781107 2.92208 0)
(1.54372 3.11637 -2.45365e-18)
(2.20651 3.24387 8.83017e-19)
(2.66249 3.29769 -1.89674e-18)
(2.92915 3.23372 2.0136e-18)
(3.09201 3.13568 0)
(3.15783 3.06856 0)
(3.23717 3.00004 -9.81292e-19)
(3.32739 2.93085 -9.38694e-19)
(3.41195 2.85469 3.13847e-18)
(-0.133686 3.33007 -1.56099e-18)
(0.457953 3.24097 -2.46632e-18)
(1.17004 3.39025 1.37537e-18)
(1.86216 3.46996 -1.37855e-18)
(2.37759 3.44488 3.48849e-18)
(2.68203 3.36315 -3.69805e-18)
(2.88255 3.2432 -1.95956e-18)
(2.99866 3.12856 -5.30168e-18)
(3.0607 3.03447 -1.42771e-19)
(3.12494 2.94689 2.67874e-18)
(3.18683 2.85945 3.05567e-18)
(3.25164 2.77383 -2.50896e-18)
(0.145123 3.48949 0)
(0.73867 3.52768 1.01164e-18)
(1.39244 3.61577 -1.92754e-18)
(1.98631 3.59417 2.95443e-18)
(2.38544 3.49498 5.15646e-19)
(2.63579 3.36053 1.81659e-18)
(2.77956 3.22042 1.96365e-18)
(2.86574 3.08595 1.77516e-18)
(2.92736 2.96878 -3.61369e-18)
(2.98838 2.8618 3.17034e-18)
(3.0504 2.76021 -4.31789e-18)
(3.11488 2.66294 5.8146e-18)
(0.372453 3.62871 -2.65835e-18)
(0.931563 3.73784 1.27671e-18)
(1.5087 3.75602 3.79626e-18)
(2.00625 3.66637 0)
(2.33556 3.51764 -5.26078e-18)
(2.53017 3.35557 5.77639e-18)
(2.64925 3.19226 0)
(2.73143 3.04084 -4.37717e-18)
(2.79556 2.90618 3.80093e-18)
(2.85608 2.78432 0)
(2.91626 2.67172 2.16799e-19)
(2.97751 2.5664 3.53246e-18)
(0.543407 3.78365 0)
(1.05326 3.94165 -3.12118e-18)
(1.54618 3.89344 2.87457e-18)
(1.95792 3.75534 0)
(2.23133 3.56501 -3.63262e-18)
(2.39834 3.36866 5.43448e-19)
(2.50925 3.18047 5.22421e-18)
(2.59117 3.00894 4.74004e-18)
(2.65847 2.85562 -4.18564e-18)
(2.72066 2.71787 4.11198e-18)
(2.781 2.59274 -3.58062e-18)
(2.84091 2.47805 -1.00676e-17)
(0.671724 3.96738 0)
(1.11842 4.16106 2.90813e-18)
(1.52566 4.05448 -4.81076e-18)
(1.86379 3.87319 4.76088e-18)
(2.09651 3.64147 0)
(2.25108 3.40742 -6.03744e-18)
(2.36111 3.18904 5.7319e-18)
(2.44663 2.99203 8.03164e-20)
(2.51844 2.81679 -9.21855e-18)
(2.58344 2.66095 -4.25683e-18)
(2.64471 2.52159 -2.20018e-19)
(2.70396 2.39612 7.59309e-18)
(0.73061 4.1543 0)
(1.14018 4.40257 -3.82964e-18)
(1.46116 4.23363 -5.71235e-18)
(1.73048 4.00556 -4.09806e-18)
(1.93328 3.7329 7.96948e-18)
(2.08424 3.46064 0)
(2.20019 3.20893 0)
(2.29333 2.98336 0)
(2.37162 2.78403 0)
(2.44065 2.60853 4.44994e-18)
(2.50352 2.45376 -4.4075e-18)
(2.56247 2.31656 4.1994e-18)
(0.806915 4.45108 0)
(1.11766 4.66027 3.52214e-18)
(1.32771 4.38469 -6.52895e-19)
(1.54784 4.09232 4.7222e-18)
(1.73372 3.78135 4.48684e-18)
(1.88794 3.47841 -7.07551e-18)
(2.01442 3.20067 0)
(2.11857 2.95265 -1.9873e-19)
(2.20601 2.7341 -1.65534e-17)
(2.28135 2.54272 0)
(2.3476 2.37551 1.00142e-17)
(2.40767 2.22883 -4.66288e-18)
(0.957352 4.57633 0)
(0.978039 4.68295 3.77803e-18)
(1.08923 4.32883 9.82622e-18)
(1.28414 3.98215 -8.27176e-18)
(1.47213 3.667 -1.13743e-17)
(1.63893 3.36548 1.77512e-17)
(1.78196 3.08988 -1.94055e-19)
(1.90251 2.84282 -6.73227e-18)
(2.00382 2.62376 5.46547e-18)
(2.09001 2.43115 -1.14027e-17)
(2.16364 2.26289 -1.56753e-17)
(2.22842 2.11552 1.56735e-17)
(0.38911 4.18372 -1.91859e-18)
(0.592445 4.12046 -1.2606e-17)
(0.735649 3.7917 2.39151e-18)
(0.937685 3.49743 0)
(1.14504 3.2582 0)
(1.33438 3.0249 3.29948e-19)
(1.49892 2.80365 1.81609e-17)
(1.63976 2.59822 1.1111e-17)
(1.75887 2.4102 0)
(1.86029 2.24121 1.02546e-17)
(1.94583 2.09148 0)
(2.02003 1.95875 4.23576e-19)
(4.07073 2.72929 1.04748e-18)
(4.25433 2.59017 -7.30313e-19)
(4.39658 2.44649 -6.05444e-20)
(4.44625 2.24659 -4.89974e-19)
(4.45544 2.03919 -2.31186e-19)
(4.37279 1.80735 0)
(4.22784 1.57839 0)
(3.99074 1.34638 8.34622e-19)
(3.68172 1.12067 -9.82596e-19)
(3.24884 0.864499 0)
(2.78676 0.469584 0)
(2.65109 -0.0899661 -8.0456e-19)
(3.46952 3.13826 1.28298e-18)
(3.59056 3.0452 0)
(3.70945 2.91835 -8.9986e-19)
(3.81576 2.7523 3.56462e-19)
(3.89013 2.57239 2.41921e-19)
(3.91984 2.38722 2.54528e-18)
(3.89902 2.20575 -4.13823e-18)
(3.82243 2.04451 6.74074e-19)
(3.68983 1.91563 0)
(3.39798 1.79676 0)
(3.11498 1.67719 0)
(3.21337 1.27315 7.11587e-19)
(3.50163 2.76851 1.21658e-18)
(3.59163 2.66898 -3.33317e-18)
(3.67316 2.55932 9.26149e-19)
(3.73741 2.4452 2.28358e-18)
(3.77632 2.32937 -2.38701e-18)
(3.78488 2.22195 0)
(3.75994 2.13191 0)
(3.70099 2.06789 -1.93262e-19)
(3.61373 2.03827 1.06358e-18)
(3.45553 2.0299 0)
(3.21221 2.02731 0)
(3.39645 1.93111 -4.66708e-19)
(3.32336 2.6857 2.74711e-19)
(3.39577 2.59174 3.39048e-18)
(3.46285 2.49352 2.41199e-18)
(3.51841 2.39534 -2.43003e-18)
(3.55791 2.30299 0)
(3.57893 2.22346 1.48624e-18)
(3.57914 2.16413 0)
(3.56022 2.13242 2.5342e-18)
(3.52511 2.13578 -8.06351e-19)
(3.4487 2.19193 0)
(3.26111 2.28575 -5.23709e-19)
(3.55022 2.39114 6.23425e-19)
(3.1813 2.56751 -2.41017e-18)
(3.24652 2.47279 0)
(3.30723 2.38024 0)
(3.36025 2.29329 0)
(3.40385 2.21639 0)
(3.43736 2.15517 -2.6732e-18)
(3.45965 2.11881 -1.16659e-19)
(3.472 2.11142 -1.25836e-18)
(3.47962 2.14446 0)
(3.46895 2.23174 -9.91203e-19)
(3.34796 2.38407 4.84402e-19)
(3.75132 2.60801 -1.62363e-19)
(3.03941 2.46656 -1.92844e-19)
(3.10046 2.3715 -5.95952e-18)
(3.15908 2.28222 2.85018e-18)
(3.21398 2.20128 4.24278e-21)
(3.2649 2.13229 1.88295e-19)
(3.31223 2.08004 4.25338e-18)
(3.35765 2.05057 -1.29538e-19)
(3.40367 2.05036 -4.85404e-18)
(3.45276 2.09058 -1.96479e-18)
(3.50818 2.18796 1.00776e-18)
(3.46089 2.38224 -1.26611e-18)
(3.92001 2.72526 -5.18823e-19)
(2.90062 2.37209 9.66913e-18)
(2.95988 2.27399 3.18341e-18)
(3.01845 2.18413 0)
(3.07652 2.10417 0)
(3.13516 2.03674 1.82471e-19)
(3.19621 1.98553 -3.13513e-18)
(3.26255 1.95539 4.97147e-18)
(3.33816 1.95219 -1.13953e-19)
(3.42673 1.98628 1.71369e-18)
(3.53574 2.07626 0)
(3.56904 2.26536 -2.29224e-19)
(4.0678 2.6799 -7.862e-20)
(2.76209 2.2825 -3.64508e-18)
(2.81988 2.17926 -3.37359e-18)
(2.87827 2.08602 3.6319e-18)
(2.93868 2.00342 -3.4423e-18)
(3.00338 1.93297 -4.7893e-21)
(3.07549 1.87721 6.99466e-18)
(3.15936 1.83954 -3.26182e-18)
(3.26092 1.82476 1.85814e-18)
(3.386 1.84182 0)
(3.54767 1.91042 1.13871e-18)
(3.66636 2.08458 5.89287e-19)
(4.17398 2.53523 -8.99277e-19)
(2.61906 2.19428 4.05878e-18)
(2.67501 2.08456 -3.94239e-18)
(2.73227 1.98616 -3.7097e-18)
(2.79322 1.89858 -7.7711e-18)
(2.86112 1.82201 7.56655e-18)
(2.94023 1.7577 -7.36273e-18)
(3.03621 1.7073 0)
(3.15718 1.67376 -1.8059e-18)
(3.31173 1.66332 0)
(3.51968 1.694 0)
(3.72256 1.82802 0)
(4.22752 2.23926 4.34265e-19)
(2.46356 2.09965 4.50733e-18)
(2.51795 1.98456 -9.03953e-18)
(2.57359 1.88149 8.85429e-18)
(2.63353 1.78875 8.56476e-18)
(2.70174 1.70527 4.17731e-18)
(2.783 1.63068 0)
(2.8844 1.56464 0)
(3.01538 1.50745 4.25379e-18)
(3.18833 1.46117 0)
(3.43352 1.44071 -1.2137e-18)
(3.70176 1.49749 7.92305e-19)
(4.21128 1.78955 -1.27631e-18)
(2.28643 1.98634 -1.02152e-17)
(2.34119 1.87095 9.44857e-18)
(2.39608 1.76701 -9.259e-18)
(2.45444 1.67187 -2.33984e-17)
(2.52082 1.5834 -2.14688e-19)
(2.59956 1.49969 1.25341e-19)
(2.69887 1.41824 -4.62899e-18)
(2.82806 1.33616 -4.32286e-18)
(3.00296 1.24899 0)
(3.26337 1.16604 3.72301e-18)
(3.56967 1.09327 9.17775e-19)
(4.07158 1.04365 -1.80435e-18)
(2.08404 1.84184 -4.20792e-19)
(2.14215 1.73527 0)
(2.19803 1.6375 0)
(2.25489 1.54545 4.47904e-18)
(2.31751 1.45638 1.38271e-17)
(2.38951 1.36775 -4.55536e-18)
(2.4789 1.27508 -1.93111e-19)
(2.59291 1.17291 -2.42866e-18)
(2.74944 1.04799 -2.33441e-18)
(2.977 0.899951 -2.36707e-18)
(3.29321 0.66735 0)
(3.664 -0.0641719 2.41082e-18)
(2.22496 -0.189307 -4.74735e-22)
(1.93178 -0.209194 0)
(1.76734 -0.307001 -1.43871e-19)
(1.65265 -0.408701 0)
(1.64425 -0.521221 -1.08306e-18)
(1.82224 -0.750213 9.39031e-19)
(1.71867 -1.45496 0)
(1.74622 -2.53486 1.16324e-19)
(2.33591 -2.96441 -3.77215e-19)
(2.54189 -3.19207 3.61064e-19)
(2.76138 -3.52381 -5.80259e-19)
(2.74226 -3.80296 -5.20766e-19)
(2.76457 0.449836 -2.70593e-19)
(2.3739 0.236727 -1.17288e-19)
(2.43674 -0.058238 5.2794e-19)
(2.51536 -0.544015 0)
(2.57896 -1.35601 -6.37651e-19)
(2.93085 -2.16872 3.42139e-19)
(3.0881 -2.71863 0)
(3.1316 -2.96321 1.07867e-18)
(3.18393 -3.03766 -3.09377e-18)
(3.20032 -3.10474 1.85377e-18)
(3.20472 -3.23563 1.06234e-18)
(3.19058 -3.34349 -3.3711e-18)
(3.05981 0.340241 -1.642e-19)
(2.79061 -0.123074 0)
(2.92249 -0.779765 -1.61993e-18)
(3.11618 -1.54181 0)
(3.24377 -2.20475 0)
(3.29751 -2.66127 -8.30417e-19)
(3.23389 -2.92842 4.38906e-18)
(3.13548 -3.09166 -3.17954e-18)
(3.06818 -3.15768 9.33708e-19)
(2.99954 -3.23686 0)
(2.93026 -3.32711 2.3869e-18)
(2.85407 -3.41161 -1.33375e-18)
(3.33016 0.134407 9.78742e-19)
(3.24124 -0.456629 1.37089e-18)
(3.39043 -1.16836 1.02408e-18)
(3.47006 -1.86034 2.07665e-18)
(3.44513 -2.37622 -1.62933e-18)
(3.36337 -2.6812 -1.34993e-18)
(3.2434 -2.88197 0)
(3.12853 -2.99837 0)
(3.03431 -3.0605 1.70855e-18)
(2.94663 -3.12473 0)
(2.85911 -3.18666 3.72006e-19)
(2.77341 -3.25142 1.07858e-18)
(3.48949 -0.144692 1.82842e-18)
(3.52781 -0.737524 -8.14839e-19)
(3.61592 -1.39089 -1.92917e-18)
(3.59449 -1.98478 0)
(3.49542 -2.38436 0)
(3.36088 -2.63507 2.39887e-18)
(3.22073 -2.77914 0)
(3.08613 -2.86547 -4.1255e-18)
(2.96884 -2.92718 -1.69759e-18)
(2.86176 -2.98822 3.17237e-18)
(2.76008 -3.05027 -4.32066e-18)
(2.66273 -3.11474 2.77059e-18)
(3.62867 -0.371966 -1.45773e-18)
(3.73796 -0.930553 -1.12866e-18)
(3.75629 -1.50736 1.66328e-18)
(3.66683 -2.00499 2.52683e-19)
(3.51819 -2.33466 2.6437e-18)
(3.35609 -2.52959 -5.56912e-18)
(3.19271 -2.64888 5.0474e-18)
(3.0412 -2.73121 4.42702e-19)
(2.90643 -2.79542 0)
(2.78447 -2.85599 0)
(2.67177 -2.91621 6.80212e-18)
(2.56637 -2.97747 3.20447e-20)
(3.78363 -0.543007 -5.39801e-20)
(3.94183 -1.05242 -1.7321e-18)
(3.89384 -1.54511 0)
(3.75596 -1.95694 -3.61392e-18)
(3.5657 -2.23065 3.84237e-18)
(3.36933 -2.39789 9.46872e-18)
(3.18107 -2.50897 5.70435e-18)
(3.00945 -2.59102 6.57936e-19)
(2.85603 -2.65839 -8.75741e-18)
(2.71818 -2.72065 3.85452e-18)
(2.59295 -2.78103 4.07984e-18)
(2.47818 -2.84097 2.04818e-19)
(3.96739 -0.671442 1.86809e-19)
(4.16133 -1.11779 2.90971e-18)
(4.05499 -1.52488 0)
(3.87391 -1.86308 -4.76322e-18)
(3.64229 -2.09599 -3.49304e-18)
(3.40822 -2.25074 5.29894e-19)
(3.18979 -2.36091 -1.09259e-17)
(2.99269 -2.44655 3.38228e-19)
(2.81735 -2.51844 -2.33443e-19)
(2.66141 -2.5835 4.47307e-18)
(2.52195 -2.64482 -3.61305e-18)
(2.39639 -2.70411 1.85629e-19)
(4.15433 -0.730509 -3.58257e-18)
(4.40286 -1.13981 1.55365e-18)
(4.23413 -1.46067 -8.31733e-18)
(4.0063 -1.73 4.09942e-18)
(3.73375 -1.93291 0)
(3.46151 -2.08399 0)
(3.20976 -2.20006 6.21881e-18)
(2.98412 -2.2933 1.10695e-17)
(2.7847 -2.37166 -4.97197e-18)
(2.6091 -2.44076 -4.4525e-18)
(2.45424 -2.50368 -4.21391e-18)
(2.31694 -2.56268 0)
(4.45109 -0.807014 6.88678e-20)
(4.6605 -1.11735 5.34074e-18)
(4.38507 -1.32737 1.0365e-17)
(4.09292 -1.5475 0)
(3.7821 -1.73345 7.91098e-18)
(3.47922 -1.88775 0)
(3.20148 -2.01431 2.91433e-19)
(2.95342 -2.11854 -5.50685e-18)
(2.7348 -2.20606 5.76923e-18)
(2.54334 -2.28147 0)
(2.37603 -2.34777 0)
(2.22927 -2.40789 -9.61041e-18)
(4.57615 -0.957406 -6.85075e-18)
(4.68295 -0.977994 3.77612e-18)
(4.32897 -1.08909 5.38141e-19)
(3.98249 -1.28394 -9.07528e-18)
(3.66749 -1.4719 -3.54296e-18)
(3.36607 -1.63872 -3.55377e-18)
(3.09052 -1.7818 -6.79615e-18)
(2.84346 -1.90243 -1.88778e-17)
(2.62437 -2.00381 -5.46731e-18)
(2.43172 -2.09007 -1.14073e-17)
(2.26339 -2.16376 1.0928e-17)
(2.11594 -2.22859 9.98772e-18)
(4.1835 -0.389028 3.66913e-18)
(4.12028 -0.592383 -1.45109e-18)
(3.79159 -0.735539 3.47861e-19)
(3.49744 -0.937494 7.46086e-18)
(3.25836 -1.1448 0)
(3.02519 -1.33415 -6.5997e-18)
(2.80404 -1.49873 5.86597e-18)
(2.59865 -1.63962 5.18825e-18)
(2.41065 -1.75879 -1.65634e-17)
(2.24165 -1.86028 1.02566e-17)
(2.09189 -1.94587 -9.96051e-18)
(1.9591 -2.02011 0)
(2.72802 -4.06965 -7.68167e-19)
(2.58901 -4.25306 1.886e-18)
(2.44548 -4.3955 -1.1625e-18)
(2.24569 -4.4451 -5.54221e-19)
(2.03842 -4.45444 1.81445e-19)
(1.8067 -4.37177 4.81547e-20)
(1.57785 -4.22699 -1.00408e-19)
(1.34595 -3.98993 -2.76895e-19)
(1.12029 -3.68109 -9.82212e-19)
(0.864195 -3.24835 0)
(0.469202 -2.78641 0)
(-0.0898567 -2.65088 -8.02713e-19)
(3.13732 -3.46903 -2.75459e-20)
(3.04431 -3.58996 1.8621e-18)
(2.91754 -3.70883 -8.99857e-19)
(2.75157 -3.81507 0)
(2.57171 -3.88944 1.54337e-18)
(2.3866 -3.91918 0)
(2.20519 -3.8984 1.23131e-18)
(2.04399 -3.82187 2.23774e-18)
(1.91516 -3.68935 -1.92201e-18)
(1.79632 -3.39762 0)
(1.67671 -3.1147 0)
(1.27236 -3.21327 -1.34165e-20)
(2.76785 -3.50125 8.51534e-19)
(2.66833 -3.59119 -8.05277e-19)
(2.55868 -3.67271 9.26597e-19)
(2.44459 -3.73694 0)
(2.32877 -3.77587 -1.05944e-18)
(2.22137 -3.78445 2.76646e-18)
(2.13136 -3.75955 -3.985e-18)
(2.06735 -3.70065 -4.74627e-18)
(2.03773 -3.61346 3.00362e-18)
(2.02934 -3.45535 0)
(2.02671 -3.21211 5.74525e-19)
(1.93045 -3.39648 1.54099e-19)
(2.68524 -3.32312 1.03298e-18)
(2.59126 -3.39551 -2.35432e-18)
(2.49303 -3.46257 2.41316e-18)
(2.39484 -3.51812 -2.43112e-18)
(2.30248 -3.55764 0)
(2.22294 -3.57867 1.48683e-18)
(2.16359 -3.57891 1.16498e-18)
(2.13188 -3.56003 7.13367e-19)
(2.13521 -3.52496 -1.63103e-18)
(2.19133 -3.44859 0)
(2.2851 -3.26103 -3.49126e-19)
(2.39029 -3.55021 5.63913e-19)
(2.56725 -3.18116 2.69294e-18)
(2.47248 -3.24638 -1.42339e-18)
(2.37989 -3.30709 0)
(2.29291 -3.36012 0)
(2.21597 -3.40373 1.44283e-18)
(2.15471 -3.43726 -1.22637e-18)
(2.11831 -3.45956 -2.13431e-19)
(2.11089 -3.47193 0)
(2.1439 -3.47958 -8.1867e-19)
(2.23114 -3.46891 9.9148e-19)
(2.38342 -3.34796 -1.05504e-18)
(2.60722 -3.75138 -2.57612e-19)
(2.46647 -3.03938 -5.93195e-18)
(2.37134 -3.10045 2.87989e-18)
(2.282 -3.15907 5.8882e-18)
(2.20101 -3.21399 4.23221e-21)
(2.13197 -3.26492 -7.23332e-18)
(2.07965 -3.31226 -3.10721e-18)
(2.05013 -3.35768 -2.10645e-19)
(2.04987 -3.4037 0)
(2.09005 -3.4528 0)
(2.18738 -3.50822 -1.00803e-18)
(2.38157 -3.46092 -7.35591e-19)
(2.72449 -3.92007 2.27397e-19)
(2.37214 -2.90071 3.30061e-18)
(2.27396 -2.95999 -6.56558e-18)
(2.18403 -3.01857 -2.95516e-18)
(2.104 -3.07665 -1.65273e-19)
(2.0365 -3.1353 2.92562e-18)
(1.98522 -3.19635 2.93763e-18)
(1.95502 -3.26269 1.67867e-18)
(1.95176 -3.33829 1.65794e-18)
(1.98579 -3.42685 -1.85451e-18)
(2.07571 -3.53585 0)
(2.26476 -3.56912 1.19421e-18)
(2.67919 -4.0679 -3.50475e-19)
(2.28268 -2.76227 0)
(2.17935 -2.82008 3.37575e-18)
(2.08602 -2.87849 0)
(2.00334 -2.93891 -1.71992e-19)
(1.93282 -3.0036 -4.76876e-21)
(1.87697 -3.07572 6.99879e-18)
(1.83923 -3.15958 -6.8765e-18)
(1.82438 -3.26112 0)
(1.84137 -3.38619 -2.0089e-18)
(1.90991 -3.54783 1.13909e-18)
(2.08402 -3.66647 -2.23451e-18)
(2.53462 -4.17407 1.14669e-18)
(2.19456 -2.6193 4.0614e-18)
(2.08475 -2.67527 -3.94498e-18)
(1.98626 -2.73255 -4.00812e-18)
(1.89858 -2.7935 3.95366e-18)
(1.82193 -2.86141 3.79221e-18)
(1.75754 -2.94051 -1.12766e-17)
(1.70705 -3.03649 3.59448e-18)
(1.67344 -3.15744 0)
(1.66292 -3.31196 1.88016e-18)
(1.69355 -3.51988 0)
(1.82753 -3.7227 2.76435e-18)
(2.23875 -4.22763 -2.06293e-18)
(2.09998 -2.46381 0)
(1.9848 -2.51822 -9.04518e-18)
(1.88164 -2.57388 -4.70266e-18)
(1.78881 -2.63382 -8.33766e-18)
(1.70525 -2.70204 4.1799e-18)
(1.63057 -2.78331 4.00985e-18)
(1.56444 -2.8847 0)
(1.50716 -3.01567 0)
(1.46082 -3.18859 0)
(1.4403 -3.43375 0)
(1.49707 -3.70194 -7.91655e-19)
(1.78916 -4.21138 -9.98122e-20)
(1.98668 -2.28663 4.99006e-18)
(1.8712 -2.34142 4.58968e-18)
(1.76717 -2.39633 1.90278e-17)
(1.67195 -2.45471 4.90343e-18)
(1.5834 -2.52111 1.87079e-17)
(1.49961 -2.59985 -4.54686e-18)
(1.41807 -2.69916 -4.63152e-18)
(1.33591 -2.82835 0)
(1.24867 -3.00323 -4.56684e-18)
(1.16567 -3.26362 -2.47245e-18)
(1.09291 -3.56986 -1.85562e-18)
(1.0434 -4.07169 -1.12474e-25)
(1.84213 -2.08415 0)
(1.73549 -2.1423 0)
(1.63765 -2.19821 -1.8974e-17)
(1.54553 -2.2551 -1.392e-17)
(1.45637 -2.31774 -4.47808e-18)
(1.36767 -2.38977 0)
(1.27492 -2.47917 4.58472e-18)
(1.17268 -2.59319 0)
(1.0477 -2.74971 -1.83385e-19)
(0.899616 -2.97725 2.36772e-18)
(0.667068 -3.29341 6.785e-19)
(-0.0642426 -3.66417 4.78059e-18)
(-0.189247 -2.22489 9.46742e-20)
(-0.208894 -1.93201 2.20863e-19)
(-0.307181 -1.7678 -2.22054e-19)
(-0.408895 -1.65284 5.41258e-20)
(-0.521349 -1.64568 0)
(-0.75377 -1.82438 1.33385e-19)
(-1.46502 -1.71626 0)
(-2.542 -1.75367 4.93289e-19)
(-2.96442 -2.34118 1.12704e-18)
(-3.19486 -2.54601 -1.40867e-19)
(-3.52515 -2.76468 -5.38837e-19)
(-3.80511 -2.74507 1.09378e-18)
(0.449816 -2.76473 4.28523e-19)
(0.236497 -2.374 -4.61267e-19)
(-0.0588635 -2.43772 5.27533e-19)
(-0.547329 -2.51609 -7.18891e-20)
(-1.3633 -2.58199 -6.33056e-19)
(-2.17331 -2.93587 -1.33756e-19)
(-2.72002 -3.08982 -7.74598e-19)
(-2.96251 -3.13461 -2.08443e-18)
(-3.03612 -3.18613 3.20995e-18)
(-3.10462 -3.20273 -7.15566e-19)
(-3.23537 -3.20682 7.65364e-19)
(-3.34378 -3.19242 5.21775e-19)
(0.339383 -3.06012 -3.27925e-19)
(-0.125777 -2.79124 0)
(-0.784477 -2.92425 0)
(-1.54724 -3.11927 -1.00625e-18)
(-2.20788 -3.24579 0)
(-2.66238 -3.29917 -1.06543e-18)
(-2.92854 -3.2343 7.69773e-19)
(-3.09107 -3.13649 2.49923e-18)
(-3.15682 -3.0694 -1.16864e-18)
(-3.23652 -3.00086 -1.80907e-18)
(-3.32681 -2.93162 -3.32051e-18)
(-3.41151 -2.85536 3.13269e-18)
(0.132351 -3.3302 -1.96073e-18)
(-0.460162 -3.24225 -1.36925e-18)
(-1.17207 -3.39164 1.78056e-18)
(-1.86322 -3.47104 6.96396e-19)
(-2.37733 -3.44541 0)
(-2.68112 -3.36361 -4.35995e-18)
(-2.88159 -3.24361 3.18473e-18)
(-2.99755 -3.12908 0)
(-3.0597 -3.03504 2.58708e-18)
(-3.12417 -2.94745 -3.83254e-18)
(-3.18616 -2.85997 2.68083e-18)
(-3.25116 -2.77432 3.5049e-19)
(-0.147306 -3.48896 2.69113e-18)
(-0.740904 -3.52824 2.43144e-18)
(-1.3939 -3.61611 5.72702e-19)
(-1.98658 -3.59424 0)
(-2.38474 -3.49496 -2.84968e-18)
(-2.63481 -3.36069 3.84943e-18)
(-2.77845 -3.22058 0)
(-2.86471 -3.08623 -2.23676e-18)
(-2.92648 -2.96912 -2.03628e-18)
(-2.98767 -2.86217 3.16615e-18)
(-3.04981 -2.76058 0)
(-3.11443 -2.6633 -2.501e-18)
(-0.374679 -3.62794 1.19704e-18)
(-0.933492 -3.73786 4.89897e-19)
(-1.50977 -3.75573 -1.65993e-18)
(-2.00622 -3.66602 -7.22756e-18)
(-2.33486 -3.5174 -1.87291e-19)
(-2.52921 -3.3555 5.77115e-18)
(-2.64832 -3.19228 0)
(-2.73059 -3.04098 6.62882e-18)
(-2.79482 -2.90639 -3.89133e-18)
(-2.85546 -2.78456 3.47755e-18)
(-2.91575 -2.67197 2.16605e-19)
(-2.97708 -2.56665 -3.19461e-20)
(-0.545508 -3.78272 -1.35755e-18)
(-1.05487 -3.94133 -1.16688e-18)
(-1.54693 -3.89279 0)
(-1.95778 -3.75474 7.72162e-18)
(-2.23072 -3.5646 -1.0895e-17)
(-2.39759 -3.36845 -1.75968e-19)
(-2.50853 -3.18041 -1.09104e-17)
(-2.59051 -3.00899 3.90856e-19)
(-2.65788 -2.85573 -4.18138e-18)
(-2.72015 -2.71801 -4.108e-18)
(-2.78055 -2.5929 4.07308e-18)
(-2.84052 -2.47822 -3.4121e-18)
(-0.673252 -3.96644 -1.1916e-19)
(-1.11966 -4.16048 -1.5412e-18)
(-1.52618 -4.05361 0)
(-1.86369 -3.87241 4.75443e-18)
(-2.09608 -3.64094 3.29949e-18)
(-2.25055 -3.40711 2.8546e-18)
(-2.36057 -3.18891 -4.15601e-19)
(-2.44613 -2.992 -8.02405e-20)
(-2.51798 -2.81683 -4.89497e-18)
(-2.58302 -2.66103 -4.71823e-19)
(-2.64432 -2.52169 1.97373e-19)
(-2.7036 -2.39623 0)
(-0.731532 -4.15341 2.22043e-18)
(-1.14094 -4.40177 0)
(-1.46152 -4.23266 0)
(-1.73048 -4.00467 -4.09494e-18)
(-1.93304 -3.73225 3.5305e-18)
(-2.0839 -3.46023 -6.96067e-18)
(-2.1998 -3.2087 0)
(-2.29294 -2.98325 5.41868e-18)
(-2.37124 -2.78399 -2.16557e-19)
(-2.44029 -2.60854 4.44691e-18)
(-2.50317 -2.4538 -4.56674e-18)
(-2.56215 -2.31662 8.71271e-18)
(-0.807147 -4.45011 4.79823e-18)
(-1.11833 -4.65945 -1.82541e-18)
(-1.32809 -4.38376 -5.50848e-18)
(-1.54796 -4.09143 -9.08767e-18)
(-1.73364 -3.78065 0)
(-1.88775 -3.47792 6.45434e-18)
(-2.01416 -3.20036 -1.26788e-17)
(-2.11828 -2.95247 5.5475e-18)
(-2.2057 -2.734 5.76284e-18)
(-2.28105 -2.54268 0)
(-2.3473 -2.37551 -5.32829e-18)
(-2.40738 -2.22887 -8.98968e-18)
(-0.957164 -4.57598 -6.80667e-18)
(-0.978291 -4.6825 1.71849e-18)
(-1.08954 -4.32821 4.64374e-18)
(-1.28434 -3.98146 3.8844e-18)
(-1.4722 -3.66642 -4.13452e-20)
(-1.63887 -3.36505 -1.09318e-17)
(-1.78182 -3.08958 1.29528e-17)
(-1.90233 -2.84264 2.48312e-17)
(-2.00361 -2.62366 -1.71541e-17)
(-2.08978 -2.43112 -1.13957e-17)
(-2.16341 -2.2629 1.03401e-17)
(-2.2282 -2.11556 0)
(-0.388841 -4.1836 5.67832e-18)
(-0.592612 -4.12049 1.90593e-18)
(-0.735982 -3.79156 2.04346e-18)
(-0.937973 -3.49718 7.98852e-18)
(-1.14522 -3.25794 0)
(-1.33447 -3.02469 6.26723e-18)
(-1.49893 -2.80353 -1.22916e-17)
(-1.6397 -2.59817 -5.418e-18)
(-1.75878 -2.41021 -5.46138e-18)
(-1.86018 -2.24127 1.02508e-17)
(-1.94571 -2.09157 5.28994e-18)
(-2.0199 -1.95886 1.51263e-17)
(-4.07104 -2.73031 2.55096e-19)
(-4.25474 -2.59097 4.69734e-19)
(-4.39673 -2.44708 5.01885e-19)
(-4.44643 -2.24705 -1.25814e-18)
(-4.45551 -2.03949 4.14183e-19)
(-4.37287 -1.80757 0)
(-4.22786 -1.57851 -5.00697e-19)
(-3.99077 -1.34644 3.7848e-19)
(-3.68172 -1.12068 0)
(-3.24888 -0.864481 1.01963e-19)
(-2.7868 -0.469588 0)
(-2.65113 0.0899969 0)
(-3.46936 -3.13888 -3.64569e-18)
(-3.5905 -3.04565 2.7481e-18)
(-3.70941 -2.91867 2.0274e-18)
(-3.81576 -2.75252 -8.15055e-19)
(-3.89011 -2.57255 0)
(-3.91982 -2.38733 0)
(-3.899 -2.20583 1.4329e-18)
(-3.82242 -2.04455 -1.57275e-18)
(-3.68982 -1.91563 0)
(-3.398 -1.79675 5.90494e-19)
(-3.11499 -1.67719 -6.81652e-20)
(-3.21331 -1.27329 -1.08518e-18)
(-3.5013 -2.76909 1.27533e-18)
(-3.59138 -2.66947 -2.16387e-18)
(-3.67297 -2.55972 0)
(-3.73727 -2.44552 -2.29854e-18)
(-3.77621 -2.32961 -2.47279e-18)
(-3.7848 -2.22213 5.43106e-18)
(-3.75989 -2.13203 -4.86579e-18)
(-3.70096 -2.06795 0)
(-3.6137 -2.03828 0)
(-3.45551 -2.02989 0)
(-3.21222 -2.02729 -5.23652e-19)
(-3.39637 -1.93112 1.58411e-19)
(-3.32299 -2.68613 -1.03087e-18)
(-3.39551 -2.59211 -3.21627e-19)
(-3.46266 -2.49383 0)
(-3.51827 -2.39559 -3.02841e-19)
(-3.55781 -2.30318 0)
(-3.57885 -2.2236 0)
(-3.57908 -2.16422 1.30764e-18)
(-3.56017 -2.13248 -1.6189e-18)
(-3.52507 -2.13579 1.77989e-18)
(-3.44867 -2.19191 0)
(-3.26111 -2.28573 -5.2358e-19)
(-3.55016 -2.39119 -6.23265e-19)
(-3.18093 -2.56785 5.60098e-18)
(-3.24624 -2.47308 -1.42119e-18)
(-3.30701 -2.3805 2.59873e-18)
(-3.36008 -2.29351 1.19548e-18)
(-3.40371 -2.21657 -4.09981e-18)
(-3.43725 -2.1553 0)
(-3.45955 -2.11889 -1.4259e-18)
(-3.47192 -2.11146 0)
(-3.47956 -2.14447 0)
(-3.4689 -2.23172 9.90696e-19)
(-3.34795 -2.38404 3.57461e-20)
(-3.75122 -2.60799 7.06067e-19)
(-3.03905 -2.46681 -2.75697e-18)
(-3.10016 -2.37173 -2.02965e-19)
(-3.15883 -2.28242 0)
(-3.21377 -2.20145 0)
(-3.26473 -2.13244 -4.57018e-18)
(-3.31209 -2.08014 2.91356e-18)
(-3.35753 -2.05064 3.01309e-18)
(-3.40358 -2.05039 1.5927e-18)
(-3.45269 -2.09058 -3.80985e-18)
(-3.50812 -2.18793 -1.00736e-18)
(-3.46089 -2.38219 0)
(-3.91994 -2.72524 8.10178e-19)
(-2.90028 -2.37227 -6.7629e-18)
(-2.95959 -2.27415 2.82405e-18)
(-3.01819 -2.18428 3.14104e-18)
(-3.0763 -2.1043 1.68442e-19)
(-3.13498 -2.03685 -3.52135e-19)
(-3.19605 -1.98561 -3.30345e-18)
(-3.26242 -1.95544 -4.8761e-18)
(-3.33807 -1.95221 -1.77227e-18)
(-3.42666 -1.98626 1.71252e-18)
(-3.53569 -2.07621 0)
(-3.56903 -2.2653 2.01811e-18)
(-4.06774 -2.67983 -5.20096e-19)
(-2.76176 -2.28262 7.11923e-18)
(-2.81959 -2.17938 -3.87145e-18)
(-2.87802 -2.08613 -3.62885e-18)
(-2.93846 -2.00352 -6.70699e-18)
(-3.00319 -1.93306 6.66352e-18)
(-3.07534 -1.87726 -1.74568e-19)
(-3.15924 -1.83956 1.03082e-17)
(-3.26083 -1.82475 1.66523e-18)
(-3.38595 -1.84177 2.00671e-18)
(-3.54763 -1.91035 0)
(-3.66636 -2.0845 -1.38976e-18)
(-4.17394 -2.53516 -6.77862e-19)
(-2.61875 -2.19435 0)
(-2.67473 -2.08464 3.78116e-18)
(-2.73202 -1.98624 3.70672e-18)
(-2.79301 -1.89865 -3.81689e-18)
(-2.86095 -1.82207 -1.43142e-19)
(-2.94009 -1.75774 -3.9039e-18)
(-3.03612 -1.70731 -3.58962e-18)
(-3.15712 -1.67374 0)
(-3.3117 -1.66327 -1.87809e-18)
(-3.51966 -1.69392 -1.17351e-18)
(-3.72256 -1.82794 4.51444e-18)
(-4.2275 -2.23918 -9.85973e-19)
(-2.46329 -2.09969 0)
(-2.5177 -1.98462 0)
(-2.57337 -1.88155 0)
(-2.63335 -1.78881 -1.29501e-17)
(-2.70161 -1.70532 8.32277e-18)
(-2.78292 -1.63071 8.14361e-18)
(-2.88436 -1.56465 0)
(-3.01537 -1.50742 -4.25053e-18)
(-3.18835 -1.46111 0)
(-3.43354 -1.44063 -2.46682e-18)
(-3.70178 -1.49741 -7.91226e-19)
(-4.21128 -1.78949 -1.27626e-18)
(-2.28622 -1.9864 0)
(-2.341 -1.87101 0)
(-2.39593 -1.76707 9.75082e-18)
(-2.45434 -1.67193 1.37914e-17)
(-2.52076 -1.58344 3.62472e-19)
(-2.59954 -1.49972 4.66599e-18)
(-2.69889 -1.41824 -2.27644e-18)
(-2.82811 -1.33613 6.53286e-18)
(-3.00303 -1.24894 4.56148e-18)
(-3.26343 -1.16597 2.31268e-18)
(-3.56972 -1.09319 -1.85466e-18)
(-4.07161 -1.04363 -1.97627e-18)
(-2.08392 -1.84195 0)
(-2.14206 -1.73537 0)
(-2.19797 -1.63759 -9.27534e-18)
(-2.25488 -1.54553 4.88085e-18)
(-2.31753 -1.45644 -4.47477e-18)
(-2.38957 -1.36779 -4.55323e-18)
(-2.479 -1.27509 4.77444e-18)
(-2.59304 -1.17289 0)
(-2.74958 -1.04795 -4.60538e-18)
(-2.97712 -0.899907 -2.45014e-18)
(-3.29329 -0.667296 2.32911e-18)
(-3.66404 0.0641728 -4.78016e-18)
(-2.22495 0.189203 9.78846e-20)
(-1.93172 0.209088 0)
(-1.76721 0.306903 0)
(-1.65253 0.4086 7.59532e-19)
(-1.64417 0.521111 -1.08816e-18)
(-1.82227 0.750223 0)
(-1.7185 1.45555 0)
(-1.74661 2.53574 4.94765e-19)
(-2.33648 2.965 8.00728e-19)
(-2.54245 3.19284 4.48189e-19)
(-2.76202 3.52458 -1.11288e-18)
(-2.74286 3.80381 8.49921e-19)
(-2.76462 -0.449996 -5.83536e-19)
(-2.37378 -0.236843 0)
(-2.43658 0.0582018 0)
(-2.51529 0.544105 -9.97868e-19)
(-2.57907 1.35636 1.25243e-18)
(-2.93118 2.1694 -1.42502e-18)
(-3.08844 2.71932 7.35518e-19)
(-3.13204 2.96382 8.80268e-19)
(-3.18443 3.03818 -4.53648e-19)
(-3.20088 3.10527 7.44292e-19)
(-3.20533 3.23614 0)
(-3.19122 3.344 -1.29747e-18)
(-3.05991 -0.340514 3.28044e-19)
(-2.79052 0.122887 0)
(-2.92238 0.779831 0)
(-3.11619 1.54221 -6.24237e-19)
(-3.24392 2.20551 4.29499e-19)
(-3.29773 2.66213 -1.39172e-18)
(-3.23409 2.92921 0)
(-3.13575 3.09235 -3.46666e-18)
(-3.0685 3.15828 3.41588e-18)
(-2.99989 3.23744 -9.8074e-19)
(-2.93064 3.32765 -2.3286e-18)
(-2.85447 3.41212 3.14e-18)
(-3.33032 -0.13463 -9.78059e-19)
(-3.24124 0.456587 1.3704e-18)
(-3.39043 1.16865 0)
(-3.47019 1.86102 6.96689e-19)
(-3.44528 2.3771 -6.51371e-19)
(-3.36351 2.68199 1.34934e-18)
(-3.24356 2.8827 0)
(-3.12873 2.99899 -1.90876e-18)
(-3.03455 3.06104 -4.30122e-18)
(-2.9469 3.1252 2.68035e-18)
(-2.8594 3.18707 2.6851e-18)
(-2.77374 3.25178 -5.37276e-18)
(-3.48966 0.144495 1.3492e-18)
(-3.52786 0.737575 -1.01234e-18)
(-3.616 1.39128 1.92843e-18)
(-3.59458 1.9855 0)
(-3.49549 2.38514 -5.98543e-18)
(-3.36095 2.63582 4.43574e-18)
(-3.2208 2.77977 2.53038e-18)
(-3.08622 2.86599 1.77663e-18)
(-2.96895 2.9276 0)
(-2.86191 2.98857 0)
(-2.76025 3.05055 0)
(-2.66294 3.11498 -5.42251e-19)
(-3.6288 0.371804 2.91638e-18)
(-3.738 0.930664 0)
(-3.75635 1.50781 -1.66283e-18)
(-3.66683 2.0057 3.74527e-18)
(-3.51816 2.33541 2.63095e-18)
(-3.35603 2.53024 -5.52492e-18)
(-3.19266 2.64941 2.60006e-18)
(-3.04115 2.73162 -9.06346e-18)
(-2.90641 2.79573 -9.52157e-20)
(-2.78448 2.85623 -3.01848e-19)
(-2.67182 2.91638 2.17063e-19)
(-2.56646 2.9776 9.23419e-18)
(-3.78374 0.542876 -4.79915e-18)
(-3.94184 1.05255 3.12354e-18)
(-3.89384 1.54556 -4.88322e-18)
(-3.75586 1.95759 -3.61346e-18)
(-3.56554 2.2313 -6.86523e-18)
(-3.36914 2.39843 -3.63409e-18)
(-3.18088 2.50938 -5.39908e-18)
(-3.00927 2.59132 8.98773e-18)
(-2.85588 2.6586 0)
(-2.71806 2.72078 7.73983e-18)
(-2.59289 2.7811 -1.08605e-17)
(-2.47816 2.84099 3.644e-18)
(-3.96747 0.671368 -2.80324e-18)
(-4.16133 1.11793 -4.632e-18)
(-4.05494 1.52528 7.36684e-18)
(-3.87375 1.86362 0)
(-3.64203 2.09652 -4.0307e-18)
(-3.40791 2.25116 6.04326e-18)
(-3.18946 2.36122 -2.75884e-19)
(-2.99238 2.44675 8.04258e-20)
(-2.81707 2.51855 -4.58791e-18)
(-2.66118 2.58354 -8.50874e-18)
(-2.52177 2.6448 3.7905e-18)
(-2.39625 2.70404 -3.8077e-18)
(-4.1544 0.730441 2.22315e-18)
(-4.40289 1.13997 0)
(-4.23409 1.461 0)
(-4.00612 1.73042 0)
(-3.73345 1.93331 3.53551e-18)
(-3.46114 2.08431 0)
(-3.20936 2.20027 -3.48992e-19)
(-2.98372 2.29342 1.08024e-17)
(-2.78433 2.3717 2.25143e-19)
(-2.60877 2.44073 4.45342e-18)
(-2.45396 2.50359 -4.41103e-18)
(-2.31672 2.56254 1.29291e-17)
(-4.4512 0.807037 6.88633e-20)
(-4.66057 1.11747 9.69593e-18)
(-4.38504 1.32761 -2.53638e-18)
(-4.09276 1.5478 0)
(-3.78181 1.73374 0)
(-3.47884 1.88797 0)
(-3.20105 2.01446 0)
(-2.95298 2.11861 5.77318e-18)
(-2.73438 2.20605 -2.17555e-17)
(-2.54295 2.28139 -1.05336e-17)
(-2.37569 2.34764 1.00213e-17)
(-2.22898 2.4077 5.27548e-18)
(-4.57621 0.95748 -6.80668e-18)
(-4.68295 0.978099 -5.24173e-18)
(-4.32891 1.08923 -2.76102e-18)
(-3.98234 1.28412 0)
(-3.66723 1.4721 0)
(-3.36572 1.63888 7.35722e-18)
(-3.09011 1.78191 -1.33982e-17)
(-2.84303 1.90247 2.50638e-17)
(-2.62395 2.00378 1.74586e-17)
(-2.43132 2.08997 1.07921e-17)
(-2.26302 2.16361 -1.03523e-17)
(-2.11563 2.22839 5.48039e-19)
(-4.18349 0.38908 -1.91805e-18)
(-4.12024 0.592435 0)
(-3.7915 0.735636 3.92416e-18)
(-3.4973 0.937632 -1.18795e-17)
(-3.25814 1.14495 1.06903e-17)
(-3.0249 1.33427 3.29903e-19)
(-2.80369 1.4988 5.86507e-18)
(-2.59827 1.63964 -5.41986e-18)
(-2.41026 1.75875 -2.71935e-17)
(-2.24127 1.86018 0)
(-2.09153 1.94573 0)
(-1.95879 2.01992 4.23628e-19)
(-2.72862 4.0705 -4.84414e-19)
(-2.58956 4.25392 -2.24888e-19)
(-2.44601 4.39634 2.34034e-19)
(-2.24617 4.4459 -1.11102e-18)
(-2.03887 4.45521 3.53829e-19)
(-1.8071 4.37248 4.79535e-20)
(-1.57819 4.22764 -5.00627e-19)
(-1.34625 3.99049 1.38781e-18)
(-1.12057 3.68156 -6.97377e-19)
(-0.864454 3.24867 -1.0198e-19)
(-0.469491 2.78664 0)
(0.0899192 2.65101 0)
(-3.13797 3.46954 3.12086e-18)
(-3.04494 3.59048 -1.64299e-18)
(-2.91814 3.70936 -8.99896e-19)
(-2.75211 3.81562 0)
(-2.57222 3.88998 -1.30093e-18)
(-2.38706 3.91969 0)
(-2.20561 3.89887 -6.42827e-19)
(-2.04439 3.82228 1.57274e-18)
(-1.91553 3.6897 0)
(-1.79668 3.39786 1.45478e-18)
(-1.6771 3.11489 -1.9715e-18)
(-1.27286 3.21339 2.41577e-19)
(-2.76827 3.50174 1.21733e-18)
(-2.66874 3.59167 -3.33513e-18)
(-2.5591 3.67316 9.26617e-19)
(-2.445 3.73737 0)
(-2.32919 3.77625 1.05953e-18)
(-2.22179 3.78479 2.76683e-18)
(-2.13178 3.75984 -3.79513e-18)
(-2.06778 3.70089 1.86582e-18)
(-2.03817 3.61365 -8.76535e-19)
(-2.02979 3.45548 0)
(-2.02719 3.21217 0)
(-1.93095 3.39652 -1.54072e-19)
(-2.68559 3.32344 -2.45967e-18)
(-2.59163 3.39581 2.05426e-18)
(-2.49341 3.46285 2.41356e-18)
(-2.39523 3.51837 -1.32705e-18)
(-2.30288 3.55786 -2.53549e-18)
(-2.22336 3.57886 0)
(-2.16403 3.57907 1.44201e-19)
(-2.13232 3.56016 3.27202e-18)
(-2.13567 3.52506 -2.58752e-18)
(-2.19182 3.44866 8.0417e-19)
(-2.28561 3.26107 -5.98076e-20)
(-2.39089 3.55026 -5.63785e-19)
(-2.56748 3.18137 2.69345e-18)
(-2.47274 3.24656 -1.42368e-18)
(-2.38019 3.30724 2.60323e-18)
(-2.29323 3.36024 -1.41803e-18)
(-2.21632 3.40383 0)
(-2.15509 3.43734 0)
(-2.11872 3.45962 -1.21427e-18)
(-2.11133 3.47197 -3.06713e-18)
(-2.14436 3.47961 1.80219e-18)
(-2.23163 3.46893 9.91468e-19)
(-2.38393 3.34793 -1.05502e-18)
(-2.60781 3.7514 0)
(-2.4666 3.03947 -1.9306e-19)
(-2.37151 3.1005 -5.96429e-18)
(-2.28221 3.1591 0)
(-2.20126 3.214 2.83965e-18)
(-2.13226 3.26491 -2.85975e-18)
(-2.07999 3.31224 0)
(-2.05051 3.35766 -1.13834e-19)
(-2.05028 3.40367 -1.27391e-19)
(-2.0905 3.45277 0)
(-2.18786 3.50819 -2.19326e-18)
(-2.38209 3.46088 1.04056e-18)
(-2.72506 3.92007 -5.86605e-19)
(-2.37217 2.90069 -3.49421e-18)
(-2.27404 2.95994 9.57437e-18)
(-2.18416 3.0185 0)
(-2.10418 3.07656 -3.11588e-18)
(-2.03673 3.1352 3.11208e-18)
(-1.9855 3.19624 3.12851e-18)
(-1.95534 3.26258 -3.49475e-18)
(-1.95213 3.33819 -1.67838e-18)
(-1.98621 3.42676 0)
(-2.07616 3.53577 -1.39872e-18)
(-2.26523 3.56905 1.42335e-18)
(-2.67972 4.06788 0)
(-2.2826 2.76216 7.30794e-18)
(-2.17934 2.81994 -6.92357e-18)
(-2.08607 2.87833 7.12188e-18)
(-2.00345 2.93873 -6.88416e-18)
(-1.93298 3.00342 -4.79592e-21)
(-1.87719 3.07554 3.42056e-18)
(-1.8395 3.1594 3.26418e-18)
(-1.8247 3.26097 0)
(-1.84174 3.38605 -2.00918e-18)
(-1.91033 3.54771 4.57254e-18)
(-2.08446 3.66638 -1.39017e-18)
(-2.53509 4.17402 0)
(-2.1944 2.61912 4.06209e-18)
(-2.08465 2.67507 1.45053e-19)
(-1.98623 2.73232 -3.71269e-18)
(-1.89862 2.79326 0)
(-1.82203 2.86117 0)
(-1.75769 2.94027 0)
(-1.70727 3.03626 0)
(-1.67371 3.15723 -3.95981e-18)
(-1.66325 3.31178 1.88043e-18)
(-1.69391 3.51973 2.71516e-19)
(-1.82792 3.72259 0)
(-2.23913 4.22756 0)
(-2.09976 2.46359 -4.51071e-18)
(-1.98465 2.51797 -1.32899e-17)
(-1.88155 2.57361 0)
(-1.78879 2.63354 4.4783e-18)
(-1.70529 2.70175 8.49324e-18)
(-1.63067 2.78303 0)
(-1.56461 2.88443 0)
(-1.50739 3.01542 1.7739e-18)
(-1.46109 3.18837 -6.43478e-18)
(-1.44062 3.43357 2.20099e-19)
(-1.49739 3.7018 0)
(-1.78944 4.21129 0)
(-1.98642 2.2864 -5.23095e-18)
(-1.871 2.34115 -5.3762e-18)
(-1.76704 2.39605 9.76453e-18)
(-1.67189 2.45441 -1.3811e-17)
(-1.5834 2.5208 4.94674e-18)
(-1.49967 2.59955 9.22011e-18)
(-1.4182 2.69887 -2.35234e-18)
(-1.33609 2.82807 2.10915e-18)
(-1.2489 3.00298 4.30295e-18)
(-1.16594 3.2634 -4.78801e-18)
(-1.09317 3.5697 -1.85582e-18)
(-1.04356 4.07158 0)
(-1.84187 2.08393 -4.20852e-19)
(-1.73529 2.14205 9.39512e-18)
(-1.63751 2.19794 -9.28162e-18)
(-1.54545 2.25482 0)
(-1.45636 2.31745 -9.15446e-18)
(-1.36772 2.38947 -1.40611e-17)
(-1.27503 2.47888 -1.9318e-19)
(-1.17283 2.59291 0)
(-1.0479 2.74944 0)
(-0.899838 2.977 1.17954e-18)
(-0.667264 3.29321 1.68355e-20)
(0.0642117 3.66401 2.41106e-18)
(0.162922 2.50528 5.75349e-19)
(0.244667 2.61844 2.28882e-18)
(0.439213 2.66508 1.15488e-19)
(0.64788 2.6446 0)
(0.856523 2.58064 5.56024e-18)
(1.04811 2.47916 -5.19684e-18)
(1.21841 2.35662 -1.52629e-17)
(1.3685 2.2261 -1.00481e-17)
(1.49934 2.09625 -1.99801e-20)
(1.61392 1.97333 -4.74773e-18)
(1.71174 1.86092 9.46579e-18)
(1.79753 1.75834 -9.06316e-18)
(0.18625 2.06469 0)
(0.307198 2.05487 0)
(0.433983 2.05762 -2.241e-18)
(0.565342 2.04429 4.51295e-18)
(0.70964 2.01647 -1.11208e-17)
(0.857895 1.96842 -6.64275e-18)
(1.00321 1.9042 8.6334e-18)
(1.1423 1.83056 2.15426e-17)
(1.27205 1.75341 -4.29603e-18)
(1.39238 1.67839 0)
(1.49797 1.60829 2.00488e-19)
(1.59319 1.54208 0)
(0.146847 1.7823 -4.49463e-19)
(0.247779 1.74306 4.60841e-19)
(0.360796 1.71071 3.74347e-18)
(0.474959 1.67536 2.05839e-20)
(0.597026 1.64019 3.77932e-18)
(0.724749 1.60087 -3.09361e-20)
(0.854761 1.55768 0)
(0.985048 1.51303 -3.79973e-18)
(1.11246 1.46877 -3.86686e-18)
(1.23532 1.42804 1.17616e-17)
(1.3434 1.39074 -1.17623e-17)
(1.44039 1.3548 8.0862e-18)
(0.10509 1.53027 -8.0824e-19)
(0.19918 1.49374 1.64046e-18)
(0.300902 1.4603 1.50028e-20)
(0.404468 1.42911 -3.35592e-18)
(0.516283 1.40206 -6.81975e-18)
(0.637225 1.37694 -2.14423e-20)
(0.766007 1.35288 -6.98624e-18)
(0.900504 1.32916 3.5358e-18)
(1.03626 1.30378 -3.58527e-18)
(1.16743 1.27761 -7.2805e-18)
(1.27837 1.24784 0)
(1.36627 1.21311 7.70102e-18)
(1.86931 1.66671 8.97654e-18)
(1.9318 1.57848 9.21644e-18)
(1.98838 1.49427 0)
(2.0419 1.41102 0)
(2.09695 1.32629 4.45045e-18)
(2.15684 1.23767 -4.38957e-18)
(2.2294 1.14005 2.10671e-18)
(2.31718 1.02707 6.54813e-18)
(2.43722 0.882516 0)
(2.57428 0.692953 0)
(2.79274 0.391894 6.1093e-19)
(2.64909 -0.286456 -1.57203e-18)
(1.66908 1.48179 -8.67073e-18)
(1.73097 1.41535 2.52272e-19)
(1.78196 1.34763 0)
(1.8248 1.2754 -4.21118e-18)
(1.86471 1.19772 -1.38436e-20)
(1.90504 1.11247 4.11727e-18)
(1.95523 1.01559 0)
(2.01412 0.900126 -4.1125e-18)
(2.10209 0.755628 0)
(2.18333 0.562675 -4.0609e-18)
(2.32776 0.325408 -1.96202e-18)
(2.24069 -0.133657 -1.52212e-26)
(1.50566 1.32004 -2.23826e-19)
(1.551 1.26771 -7.91042e-18)
(1.58092 1.21116 0)
(1.59928 1.14642 7.98124e-18)
(1.61366 1.07507 3.88607e-18)
(1.6285 0.994511 8.44366e-21)
(1.65511 0.902019 -9.46123e-18)
(1.69068 0.788866 1.12053e-17)
(1.75764 0.651337 -1.83581e-18)
(1.81442 0.46596 8.24013e-18)
(1.91927 0.27763 2.59266e-18)
(1.89182 -0.0370417 -4.48105e-19)
(1.38688 1.17223 2.38014e-17)
(1.3825 1.11445 0)
(1.368 1.05801 0)
(1.34684 0.997437 -7.20583e-18)
(1.32983 0.935845 -7.20137e-18)
(1.32206 0.867968 7.05361e-18)
(1.33451 0.790543 1.37146e-17)
(1.36404 0.691395 -6.72407e-18)
(1.42712 0.569671 3.32679e-18)
(1.48589 0.401339 -3.30816e-18)
(1.57233 0.233481 -1.60433e-18)
(1.58896 0.00513575 -3.97473e-19)
(2.50519 -0.16279 -1.1506e-18)
(2.61835 -0.244636 0)
(2.66493 -0.439154 1.15488e-19)
(2.6445 -0.647745 0)
(2.58064 -0.856331 0)
(2.47926 -1.0479 5.19684e-18)
(2.35681 -1.21821 0)
(2.22636 -1.36833 9.74212e-18)
(2.09655 -1.49921 9.50354e-18)
(1.97364 -1.61384 9.59709e-18)
(1.86121 -1.7117 -4.6696e-18)
(1.75861 -1.79752 -4.75238e-18)
(2.06475 -0.18614 -5.43192e-19)
(2.0549 -0.307155 -5.52166e-19)
(2.05761 -0.433921 -1.11519e-18)
(2.04429 -0.565233 0)
(2.01649 -0.709491 -2.2231e-18)
(1.9685 -0.857723 1.10631e-17)
(1.90433 -1.00304 0)
(1.83074 -1.14214 4.31154e-18)
(1.75362 -1.27191 -4.29623e-18)
(1.67861 -1.39225 -8.44071e-18)
(1.60849 -1.49786 -8.62889e-18)
(1.54226 -1.5931 8.43024e-18)
(1.78239 -0.146758 -9.01573e-19)
(1.74319 -0.247747 1.37802e-18)
(1.71081 -0.360733 -2.79899e-18)
(1.67546 -0.47486 1.89174e-18)
(1.6403 -0.5969 0)
(1.601 -0.724605 -1.52071e-17)
(1.55784 -0.854614 0)
(1.5132 -0.984901 7.68913e-18)
(1.46895 -1.11232 -3.8845e-18)
(1.42822 -1.23517 7.86298e-18)
(1.3909 -1.34324 3.88035e-18)
(1.35493 -1.44023 -8.08632e-18)
(1.53038 -0.105035 1.21024e-18)
(1.49388 -0.199178 1.64033e-18)
(1.46044 -0.300842 0)
(1.42925 -0.404376 0)
(1.40222 -0.516169 0)
(1.37711 -0.6371 1.37816e-17)
(1.35306 -0.765877 6.98635e-18)
(1.32935 -0.900369 -1.05997e-17)
(1.30397 -1.03612 1.07725e-17)
(1.27778 -1.16725 -7.28064e-18)
(1.24799 -1.27816 0)
(1.21322 -1.36604 7.48354e-18)
(1.66692 -1.86933 -9.29656e-18)
(1.57863 -1.93186 -9.21779e-18)
(1.49437 -1.98847 8.82351e-18)
(1.41106 -2.04203 -9.07014e-18)
(1.32627 -2.09713 0)
(1.23758 -2.15707 -8.93496e-18)
(1.13989 -2.22967 1.11336e-17)
(1.02685 -2.31747 -2.19683e-18)
(0.88224 -2.43751 4.3815e-18)
(0.692649 -2.57456 -1.13516e-18)
(0.391636 -2.793 1.16458e-18)
(-0.286539 -2.64941 -8.17676e-19)
(1.48193 -1.669 8.42429e-18)
(1.41544 -1.73093 8.39238e-18)
(1.34767 -1.78197 0)
(1.2754 -1.82487 4.06853e-18)
(1.19766 -1.86485 8.34533e-18)
(1.11236 -1.90526 4.01663e-18)
(1.01543 -1.95551 -1.63433e-17)
(0.899909 -2.01444 -4.11264e-18)
(0.755368 -2.10243 -4.08022e-18)
(0.562391 -2.18366 -1.01869e-18)
(0.325153 -2.32807 9.77797e-19)
(-0.13382 -2.24102 5.2094e-19)
(1.32013 -1.50551 0)
(1.26773 -1.5509 -1.2148e-17)
(1.21115 -1.58089 3.97859e-18)
(1.14637 -1.59935 4.04225e-18)
(1.07498 -1.61383 7.76735e-18)
(0.99438 -1.62876 -3.82228e-18)
(0.901846 -1.65546 9.35643e-18)
(0.788653 -1.69108 9.33113e-18)
(0.651094 -1.75806 1.84281e-18)
(0.465713 -1.81483 -1.82271e-18)
(0.277389 -1.91964 -4.34282e-19)
(-0.0372256 -1.89218 -5.301e-21)
(1.17233 -1.38668 0)
(1.11448 -1.38236 -1.40469e-19)
(1.05803 -1.368 0)
(0.997419 -1.34699 -1.45519e-17)
(0.935789 -1.33012 3.57204e-18)
(0.867865 -1.32248 -1.05614e-17)
(0.790389 -1.335 0)
(0.691197 -1.36458 -6.72254e-18)
(0.569442 -1.42766 3.31808e-18)
(0.401111 -1.48639 -3.29522e-18)
(0.233264 -1.57277 -1.19372e-18)
(0.00495578 -1.58936 -4.00155e-19)
(-0.16289 -2.50564 -1.15058e-18)
(-0.244841 -2.61893 1.12324e-19)
(-0.439517 -2.66542 0)
(-0.648185 -2.64482 -2.65828e-18)
(-0.856774 -2.5808 5.51338e-18)
(-1.0483 -2.47931 -8.0764e-18)
(-1.21854 -2.35679 -1.91773e-19)
(-1.36858 -2.2263 9.91892e-18)
(-1.49939 -2.09648 -4.8469e-18)
(-1.61395 -1.97359 0)
(-1.71175 -1.86117 -1.86306e-17)
(-1.79753 -1.75858 3.06727e-19)
(-0.186267 -2.06518 1.09136e-18)
(-0.307373 -2.05542 -5.43043e-19)
(-0.434245 -2.05812 4.52209e-18)
(-0.565628 -2.04476 -8.97219e-18)
(-0.709919 -2.01691 4.4756e-18)
(-0.858154 -1.96886 -1.15162e-19)
(-1.00345 -1.90465 0)
(-1.14251 -1.83103 1.29918e-17)
(-1.27223 -1.75389 -4.29505e-18)
(-1.39252 -1.67886 0)
(-1.4981 -1.60872 8.42558e-18)
(-1.5933 -1.54247 -8.42718e-18)
(-0.146934 -1.7828 -4.48818e-19)
(-0.247998 -1.74365 1.62404e-20)
(-0.36107 -1.71128 -3.71872e-18)
(-0.475266 -1.67594 3.75545e-18)
(-0.597345 -1.64078 -3.77856e-18)
(-0.725064 -1.60149 1.14052e-17)
(-0.855065 -1.55832 1.14763e-17)
(-0.985328 -1.51368 -3.79899e-18)
(-1.11271 -1.46942 3.88644e-18)
(-1.23551 -1.42865 0)
(-1.34356 -1.3913 -7.968e-18)
(-1.44049 -1.35527 0)
(-0.105225 -1.53078 -1.61598e-18)
(-0.199439 -1.49433 -3.27006e-18)
(-0.301196 -1.46091 3.32711e-18)
(-0.404805 -1.42975 -1.6737e-18)
(-0.516642 -1.40271 3.39912e-18)
(-0.637586 -1.37761 -1.20359e-17)
(-0.766345 -1.35354 -6.95189e-18)
(-0.900786 -1.32982 7.0682e-18)
(-1.03646 -1.30441 -1.0742e-17)
(-1.16752 -1.27818 0)
(-1.27838 -1.24834 7.40025e-18)
(-1.36616 -1.21351 -1.51805e-17)
(-1.86931 -1.66692 1.38673e-17)
(-1.93182 -1.57865 -4.53196e-18)
(-1.98843 -1.49442 0)
(-2.04198 -1.41114 -8.75118e-18)
(-2.09707 -1.32638 0)
(-2.157 -1.23772 0)
(-2.22959 -1.14007 -4.3212e-18)
(-2.31739 -1.02707 0)
(-2.43743 -0.882495 0)
(-2.57449 -0.692939 -3.36247e-20)
(-2.7929 -0.391878 2.35182e-18)
(-2.64926 0.286446 1.63509e-18)
(-1.66917 -1.4821 -8.42102e-18)
(-1.73107 -1.4156 0)
(-1.78209 -1.34783 0)
(-1.82495 -1.27556 -4.20963e-18)
(-1.8649 -1.19783 4.16392e-18)
(-1.90527 -1.11254 0)
(-1.95549 -1.01563 -6.20202e-18)
(-2.0144 -0.900143 -2.03014e-18)
(-2.10236 -0.755626 0)
(-2.18361 -0.562685 -1.02505e-18)
(-2.32799 -0.325413 -2.45317e-18)
(-2.24089 0.13363 -5.20007e-19)
(-1.50574 -1.3204 8.15467e-18)
(-1.5511 -1.26797 -4.01184e-18)
(-1.58105 -1.21137 -8.08215e-18)
(-1.59947 -1.14657 3.9346e-18)
(-1.61389 -1.07518 -7.85669e-18)
(-1.62878 -0.994591 0)
(-1.65543 -0.902069 1.50507e-17)
(-1.69102 -0.788897 0)
(-1.75797 -0.651352 1.85521e-18)
(-1.81472 -0.465993 9.22778e-19)
(-1.91952 -0.277665 1.2983e-18)
(-1.89203 0.0369966 -1.16388e-21)
(-1.38679 -1.17258 -7.82672e-18)
(-1.38248 -1.11469 0)
(-1.36809 -1.05821 7.32365e-18)
(-1.34703 -0.997596 -1.0993e-17)
(-1.3301 -0.935966 1.78485e-17)
(-1.32239 -0.868054 -7.05154e-18)
(-1.33486 -0.790596 -1.37109e-17)
(-1.36439 -0.691428 0)
(-1.42744 -0.56969 0)
(-1.48617 -0.401376 0)
(-1.57256 -0.233537 -1.59356e-18)
(-1.58913 -0.00520685 -1.20471e-18)
(-2.50535 0.162814 -5.50143e-20)
(-2.61848 0.244696 5.94608e-19)
(-2.665 0.439252 0)
(-2.6445 0.647869 5.57503e-18)
(-2.58054 0.856457 -2.6416e-18)
(-2.47908 1.04801 -7.85588e-18)
(-2.35656 1.21828 -5.09584e-18)
(-2.22607 1.36836 4.97413e-18)
(-2.09623 1.49919 9.50191e-18)
(-1.97333 1.61377 9.59563e-18)
(-1.86091 1.71159 -9.46575e-18)
(-1.75834 1.79738 -9.06346e-18)
(-2.06493 0.186148 -1.6742e-26)
(-2.05505 0.307181 2.23327e-18)
(-2.05771 0.433967 4.52151e-18)
(-2.04434 0.565304 0)
(-2.01648 0.709573 4.47528e-18)
(-1.96842 0.857805 0)
(-1.9042 1.00311 4.34684e-18)
(-1.83057 1.14219 -1.78522e-20)
(-1.75342 1.27192 -1.2929e-17)
(-1.67839 1.39224 -8.43933e-18)
(-1.60829 1.49782 8.42719e-18)
(-1.54207 1.59304 8.65407e-18)
(-1.78257 0.146734 4.52063e-19)
(-1.74332 0.247747 -4.58495e-18)
(-1.71089 0.360755 -6.52537e-18)
(-1.67551 0.474906 -1.88119e-18)
(-1.64031 0.596963 -1.13584e-17)
(-1.60098 0.724678 5.72773e-18)
(-1.55779 0.854687 1.56574e-20)
(-1.51313 0.984971 3.84529e-18)
(-1.46886 1.11238 -7.40864e-20)
(-1.42811 1.23521 0)
(-1.39079 1.34327 0)
(-1.35482 1.44025 1.90615e-19)
(-1.5305 0.104977 4.06018e-19)
(-1.49398 0.199143 1.63009e-18)
(-1.4605 0.300832 3.31204e-18)
(-1.42929 0.404396 -3.36881e-18)
(-1.40223 0.516215 1.36133e-17)
(-1.37712 0.637166 -6.87884e-18)
(-1.35305 0.765956 0)
(-1.32932 0.900452 7.08127e-18)
(-1.30392 1.03619 7.15786e-18)
(-1.27773 1.16732 0)
(-1.24793 1.27823 0)
(-1.21316 1.36611 -2.26663e-17)
(-1.66669 1.86916 8.97709e-18)
(-1.57846 1.93167 -9.2172e-18)
(-1.49425 1.98826 -1.36462e-17)
(-1.411 2.0418 -1.26335e-20)
(-1.32626 2.09689 8.99109e-18)
(-1.23762 2.15681 2.19711e-17)
(-1.13999 2.22939 4.32376e-18)
(-1.02699 2.31718 -4.47609e-18)
(-0.882427 2.43722 0)
(-0.692846 2.57426 -3.36583e-20)
(-0.3918 2.79271 0)
(0.286546 2.64909 -8.17757e-19)
(-1.48177 1.66892 0)
(-1.41533 1.73083 -2.52244e-19)
(-1.3476 1.78185 8.34396e-18)
(-1.27537 1.82471 -1.27366e-17)
(-1.19768 1.86466 -1.24949e-17)
(-1.11242 1.90503 -8.13433e-18)
(-1.01553 1.95525 1.03214e-17)
(-0.900057 2.01413 6.12078e-18)
(-0.755554 2.1021 -4.08075e-18)
(-0.562583 2.1833 2.01713e-18)
(-0.32533 2.32769 0)
(0.13379 2.24065 0)
(-1.32004 1.50552 -8.1566e-18)
(-1.26769 1.55088 3.89701e-18)
(-1.21114 1.58082 -4.10095e-18)
(-1.14639 1.59923 3.83152e-18)
(-1.07503 1.61365 1.15515e-17)
(-0.994463 1.62852 0)
(-0.901964 1.65515 1.21486e-19)
(-0.788807 1.6907 -3.70545e-18)
(-0.651282 1.75764 -1.27365e-20)
(-0.465902 1.81437 -3.6558e-18)
(-0.277566 1.91916 4.34393e-19)
(0.0371773 1.89179 -4.49318e-19)
(-1.17228 1.38674 -8.13126e-18)
(-1.11446 1.38239 0)
(-1.05801 1.36793 7.32547e-18)
(-0.997417 1.34682 -1.09958e-17)
(-0.935809 1.32984 3.58182e-18)
(-0.867917 1.32209 0)
(-0.790485 1.33453 8.6648e-20)
(-0.69134 1.36403 6.77733e-18)
(-0.569633 1.42707 3.31905e-18)
(-0.401322 1.48579 1.21917e-20)
(-0.233443 1.5722 0)
(-0.00499007 1.58899 8.0133e-19)
(0.0821042 1.2876 1.16634e-18)
(0.171562 1.27655 1.41731e-20)
(0.273837 1.27066 -5.04083e-18)
(0.384348 1.27293 0)
(0.508953 1.28097 8.14163e-18)
(0.646198 1.29044 1.97226e-17)
(0.79102 1.29653 2.84287e-17)
(0.935393 1.29351 0)
(1.06751 1.27505 0)
(1.17172 1.2408 -5.53972e-18)
(1.22767 1.19217 5.67986e-18)
(1.22461 1.13135 -2.27928e-17)
(0.0705567 1.09394 -5.85964e-19)
(0.161605 1.10442 1.83841e-18)
(0.265221 1.12113 -6.35118e-18)
(0.380893 1.14714 0)
(0.511583 1.1778 1.10387e-17)
(0.653753 1.20685 -1.1395e-17)
(0.798312 1.2268 -5.74477e-18)
(0.932693 1.22924 -4.66582e-21)
(1.04272 1.20801 -5.64398e-18)
(1.10786 1.16215 0)
(1.11223 1.09763 0)
(1.05788 1.02975 2.40153e-17)
(0.0733031 0.937758 0)
(0.166309 0.961869 -2.42084e-18)
(0.272692 0.991895 5.02531e-18)
(0.392215 1.02955 2.62263e-18)
(0.524637 1.06925 -1.65241e-17)
(0.663343 1.10419 8.68774e-18)
(0.795119 1.12606 -1.78681e-17)
(0.905006 1.12488 5.92144e-18)
(0.976192 1.09798 5.74032e-21)
(0.996623 1.04754 2.77441e-20)
(0.954581 0.983687 -3.34659e-17)
(0.872159 0.929829 -2.80156e-17)
(0.0832093 0.807854 0)
(0.177408 0.837865 4.81874e-18)
(0.284923 0.87206 0)
(0.404334 0.910735 1.04274e-17)
(0.53235 0.948548 0)
(0.659124 0.979393 5.8761e-18)
(0.768467 0.994414 2.39329e-17)
(0.841483 0.985474 -6.55585e-18)
(0.873333 0.951486 0)
(0.844588 0.893478 0)
(0.756402 0.814674 -8.59448e-18)
(0.656811 0.776569 8.73588e-18)
(1.13833 1.05744 -2.29405e-17)
(1.08142 0.965372 -5.73629e-18)
(1.03866 0.912159 2.86248e-17)
(1.00489 0.857016 -1.67393e-17)
(0.993463 0.80662 2.15557e-17)
(1.00553 0.75019 -2.08756e-17)
(1.04512 0.680897 -2.51572e-17)
(1.10712 0.58685 0)
(1.18793 0.466189 -4.6832e-18)
(1.25943 0.311317 0)
(1.32114 0.159438 0)
(1.32532 -0.00198578 -1.12808e-18)
(0.915616 0.947818 0)
(0.850296 0.826843 0)
(0.80953 0.778187 -2.20008e-17)
(0.780079 0.731714 5.34645e-18)
(0.777613 0.691185 5.19189e-18)
(0.800306 0.64554 -4.18321e-20)
(0.848597 0.587098 1.21177e-17)
(0.915508 0.506293 7.09733e-18)
(0.991747 0.401299 0)
(1.05586 0.270205 0)
(1.10028 0.141283 -5.60857e-19)
(1.10673 0.0114247 2.83619e-18)
(0.683845 0.874644 0)
(0.639878 0.722167 -5.74953e-18)
(0.619027 0.679482 -1.63965e-17)
(0.604131 0.642264 2.10854e-17)
(0.613527 0.606962 2.04291e-17)
(0.644856 0.564896 4.92624e-18)
(0.69683 0.509493 -7.20279e-18)
(0.761887 0.434206 -6.97011e-18)
(0.829891 0.338935 9.1396e-18)
(0.884662 0.225661 0)
(0.920391 0.115261 5.61845e-19)
(0.932385 0.00775589 1.71054e-18)
(0.45091 0.799471 -3.72935e-17)
(0.450066 0.617012 -2.51254e-17)
(0.460839 0.587043 2.22511e-17)
(0.46503 0.564341 -2.63402e-17)
(0.485495 0.535671 5.13068e-18)
(0.522667 0.496967 0)
(0.575042 0.444223 -2.4157e-18)
(0.635647 0.37389 2.15704e-21)
(0.695446 0.287404 -6.82275e-18)
(0.742745 0.188343 0)
(0.774505 0.0917287 -3.94576e-18)
(0.791717 -0.0023447 -5.1244e-18)
(1.28773 -0.0821265 -2.33785e-18)
(1.27664 -0.17155 -2.42385e-18)
(1.27079 -0.273753 0)
(1.27308 -0.384237 0)
(1.28116 -0.508827 8.22053e-18)
(1.29064 -0.646066 -8.39455e-18)
(1.29674 -0.790879 8.36548e-20)
(1.29369 -0.935229 1.69952e-17)
(1.27521 -1.06731 -5.46052e-18)
(1.24094 -1.17147 5.54094e-18)
(1.19228 -1.22741 -2.85179e-17)
(1.13145 -1.22438 0)
(1.09404 -0.0706188 1.75718e-18)
(1.10447 -0.161612 1.83216e-18)
(1.12125 -0.265156 -5.08104e-18)
(1.14729 -0.380795 -2.63273e-18)
(1.17799 -0.511466 -8.20361e-18)
(1.20707 -0.653618 0)
(1.22701 -0.798153 -1.73093e-17)
(1.22943 -0.932494 -5.82434e-18)
(1.20817 -1.04247 -1.12568e-17)
(1.16228 -1.10759 0)
(1.09777 -1.11198 2.3668e-17)
(1.0299 -1.05773 0)
(0.937844 -0.0734168 1.17423e-18)
(0.961902 -0.166335 -4.85089e-18)
(0.991994 -0.272645 5.02598e-18)
(1.02969 -0.392127 2.62305e-18)
(1.06945 -0.524523 -5.51945e-18)
(1.10441 -0.6632 2.90631e-18)
(1.12627 -0.794936 0)
(1.12507 -0.904774 5.89685e-18)
(1.09814 -0.975941 6.31838e-18)
(1.04769 -0.996372 6.41079e-18)
(0.983849 -0.954419 -3.34596e-17)
(0.93002 -0.872138 0)
(0.807945 -0.0833484 -2.33405e-18)
(0.837889 -0.177446 7.22243e-18)
(0.872142 -0.28489 0)
(0.91086 -0.404255 -1.04295e-17)
(0.948719 -0.532236 0)
(0.979584 -0.658966 -5.87745e-18)
(0.994599 -0.768255 -6.00341e-18)
(0.985645 -0.841233 3.2712e-17)
(0.951642 -0.873073 6.13674e-22)
(0.893625 -0.844379 -7.47129e-18)
(0.814845 -0.756335 3.45759e-17)
(0.776779 -0.656882 -3.47529e-17)
(1.05755 -1.13822 0)
(0.96546 -1.08152 -1.14983e-17)
(0.912241 -1.03898 0)
(0.857076 -1.00538 5.51092e-18)
(0.806631 -0.994064 5.40805e-18)
(0.750144 -1.00619 2.60507e-17)
(0.68079 -1.04579 7.56541e-18)
(0.586703 -1.10775 -2.43268e-18)
(0.46602 -1.18849 4.717e-18)
(0.311159 -1.25991 -2.22437e-20)
(0.159298 -1.32156 2.22427e-18)
(-0.00214336 -1.32573 0)
(0.947967 -0.915656 6.04188e-18)
(0.826982 -0.850593 -1.13576e-17)
(0.778331 -0.810036 5.48303e-18)
(0.731842 -0.780723 0)
(0.691265 -0.778326 1.03848e-17)
(0.645555 -0.801029 -1.00137e-17)
(0.587047 -0.849282 -1.94129e-17)
(0.506191 -0.916122 0)
(0.401166 -0.992277 -4.56959e-18)
(0.270071 -1.05631 -3.04208e-20)
(0.141145 -1.10069 -5.60403e-19)
(0.0112696 -1.10715 5.67968e-19)
(0.874798 -0.684033 0)
(0.722307 -0.640321 -7.26056e-20)
(0.679622 -0.619639 -2.18083e-17)
(0.642396 -0.604832 2.10567e-17)
(0.60706 -0.614252 -1.01719e-17)
(0.564939 -0.645556 -4.93415e-18)
(0.509479 -0.697468 1.19508e-17)
(0.434144 -0.762445 9.3344e-18)
(0.338842 -0.830364 2.28005e-18)
(0.225556 -0.885072 4.49671e-18)
(0.115145 -0.920768 0)
(0.00760888 -0.932757 1.13929e-18)
(0.799613 -0.451226 -3.72592e-17)
(0.617117 -0.450575 1.8665e-17)
(0.587155 -0.461481 5.00601e-17)
(0.564452 -0.46571 -2.62992e-17)
(0.535764 -0.486165 -1.52442e-17)
(0.49702 -0.52329 -1.4772e-17)
(0.44423 -0.575594 -4.77463e-18)
(0.373855 -0.63612 -9.28185e-18)
(0.287338 -0.695844 0)
(0.18826 -0.743084 1.1256e-18)
(0.0916272 -0.774814 -1.12625e-18)
(-0.0024711 -0.792015 -2.27516e-18)
(-0.0823356 -1.28819 2.33066e-18)
(-0.171852 -1.27713 2.42219e-18)
(-0.274129 -1.27128 -5.0371e-18)
(-0.384656 -1.27352 0)
(-0.509237 -1.28154 2.71263e-18)
(-0.646422 -1.29096 8.47255e-18)
(-0.791139 -1.29699 0)
(-0.935375 -1.29388 1.13875e-17)
(-1.06735 -1.27537 0)
(-1.17143 -1.24107 2.76324e-17)
(-1.22733 -1.19237 -1.14181e-17)
(-1.22427 -1.13151 2.8457e-17)
(-0.0708301 -1.09448 -5.85434e-19)
(-0.161895 -1.10492 3.05119e-18)
(-0.265489 -1.12165 -5.07702e-18)
(-0.381134 -1.14761 -7.94954e-18)
(-0.511758 -1.1782 -1.53732e-20)
(-0.653817 -1.20717 -1.42552e-17)
(-0.798222 -1.22701 -1.73822e-17)
(-0.932423 -1.22935 -1.73739e-17)
(-1.04228 -1.20806 -2.26305e-17)
(-1.10734 -1.16215 -2.3043e-17)
(-1.1117 -1.09764 0)
(-1.05747 -1.02975 0)
(-0.0736099 -0.93822 2.34641e-18)
(-0.166576 -0.962248 -3.62818e-18)
(-0.272901 -0.992266 6.28286e-18)
(-0.392353 -1.02985 -4.71702e-20)
(-0.524665 -1.06946 1.10508e-17)
(-0.66322 -1.1043 5.82586e-18)
(-0.794814 -1.12605 1.78095e-17)
(-0.904521 -1.12479 4.14505e-17)
(-0.975591 -1.09786 1.88951e-17)
(-0.995976 -1.04743 -2.55689e-17)
(-0.954023 -0.983583 0)
(-0.87178 -0.929724 0)
(-0.083508 -0.808223 -4.6639e-18)
(-0.177627 -0.838116 1.19984e-18)
(-0.285054 -0.872272 -1.24754e-18)
(-0.404356 -0.910858 1.29835e-17)
(-0.532228 -0.948572 -1.37353e-17)
(-0.658828 -0.979307 -5.80032e-18)
(-0.767982 -0.994233 2.64786e-20)
(-0.840865 -0.98525 6.57427e-18)
(-0.872632 -0.951266 -2.72713e-17)
(-0.843917 -0.893311 2.99052e-17)
(-0.755905 -0.814551 -3.45025e-17)
(-0.65655 -0.776416 0)
(-1.13821 -1.05761 -2.30274e-17)
(-1.0815 -0.965558 -5.73349e-18)
(-1.03888 -0.912326 5.71351e-18)
(-1.0052 -0.857163 -5.64679e-18)
(-0.99381 -0.806734 -5.32938e-18)
(-1.00588 -0.750271 -8.84745e-20)
(-1.04544 -0.680951 1.25182e-17)
(-1.1074 -0.586893 -2.43342e-18)
(-1.18814 -0.466236 0)
(-1.25958 -0.31139 0)
(-1.32124 -0.159537 2.22476e-18)
(-1.32539 0.00189133 2.25437e-18)
(-0.915519 -0.947858 4.83178e-17)
(-0.850401 -0.826963 0)
(-0.809751 -0.77832 0)
(-0.780357 -0.731843 1.06912e-17)
(-0.777903 -0.691291 -5.20705e-18)
(-0.800578 -0.645618 4.99512e-18)
(-0.848828 -0.587153 0)
(-0.915686 -0.506339 -7.09778e-18)
(-0.991869 -0.40135 -2.29861e-18)
(-1.05594 -0.270279 4.53244e-18)
(-1.10032 -0.141379 -2.80874e-18)
(-1.10677 -0.0115235 -5.65283e-19)
(-0.683823 -0.874546 -2.7495e-17)
(-0.640003 -0.72219 1.72443e-17)
(-0.619223 -0.679551 5.43754e-18)
(-0.604353 -0.642349 5.26278e-18)
(-0.613744 -0.607041 5.08372e-18)
(-0.645045 -0.564962 0)
(-0.696979 -0.509548 2.39499e-18)
(-0.76199 -0.434259 4.63817e-18)
(-0.82995 -0.338997 2.28167e-18)
(-0.884688 -0.225742 -4.49969e-18)
(-0.920403 -0.115359 2.24362e-18)
(-0.932397 -0.00785322 -1.13998e-18)
(-0.450984 -0.799273 3.72772e-17)
(-0.450206 -0.616958 -2.49355e-17)
(-0.461004 -0.587058 -5.5708e-18)
(-0.465194 -0.564385 -3.14267e-21)
(-0.485642 -0.535725 -1.52625e-17)
(-0.522786 -0.497021 -4.9202e-18)
(-0.575125 -0.444275 1.43471e-17)
(-0.635695 -0.373946 0)
(-0.695463 -0.287471 9.1265e-18)
(-0.742742 -0.188426 0)
(-0.774499 -0.0918249 -4.50731e-18)
(-0.791718 0.00225101 2.27677e-18)
(-1.2878 0.0820557 1.17688e-18)
(-1.27669 0.171508 0)
(-1.27082 0.273741 5.06949e-18)
(-1.27309 0.384256 5.23243e-18)
(-1.28116 0.508871 -1.08524e-17)
(-1.29063 0.646125 5.68481e-18)
(-1.29671 0.790942 1.14251e-17)
(-1.29365 0.935291 4.34513e-20)
(-1.27516 1.06736 5.57376e-18)
(-1.24087 1.17153 -1.65466e-17)
(-1.19221 1.22747 -5.67859e-18)
(-1.13138 1.22442 2.27907e-17)
(-1.09407 0.0705388 -1.75607e-18)
(-1.1045 0.161558 -6.1054e-19)
(-1.12126 0.265131 -5.05155e-18)
(-1.1473 0.380799 0)
(-1.17798 0.511494 -1.37802e-17)
(-1.20704 0.653661 -8.52443e-18)
(-1.22697 0.798199 8.22064e-20)
(-1.22937 0.932537 5.80343e-18)
(-1.20809 1.04251 -1.69008e-17)
(-1.16219 1.10762 2.30451e-17)
(-1.09765 1.11198 0)
(-1.02976 1.05767 2.40138e-17)
(-0.93786 0.0733363 -2.93285e-18)
(-0.961916 0.166279 6.07515e-19)
(-0.992001 0.272617 0)
(-1.02969 0.392125 -1.05362e-17)
(-1.06942 0.524543 1.37562e-17)
(-1.10437 0.663231 1.44867e-17)
(-1.12621 0.794967 -1.78156e-17)
(-1.12499 0.904797 -2.37211e-17)
(-1.09805 0.975946 -2.52768e-17)
(-1.04757 0.996342 3.19846e-17)
(-0.983683 0.954326 -6.67512e-18)
(-0.929821 0.871952 -5.59903e-17)
(-0.807953 0.08327 4.0847e-18)
(-0.837899 0.177389 6.02666e-19)
(-0.872147 0.284858 0)
(-0.910853 0.404247 1.29918e-17)
(-0.948696 0.532248 -1.49836e-20)
(-0.979546 0.658987 -2.90227e-18)
(-0.994547 0.768272 0)
(-0.985577 0.841237 6.5166e-18)
(-0.951547 0.873046 2.04533e-17)
(-0.893499 0.844283 -3.97206e-20)
(-0.814668 0.756154 3.45068e-17)
(-0.776547 0.656597 6.98529e-17)
(-1.05747 1.13819 2.29385e-17)
(-0.965382 1.08133 5.73579e-18)
(-0.91215 1.03861 -5.71653e-18)
(-0.856987 1.00487 1.10883e-17)
(-0.80657 0.993443 0)
(-0.750128 1.00549 1.56882e-17)
(-0.680832 1.04506 -2.26463e-17)
(-0.586799 1.10703 -1.21152e-17)
(-0.466155 1.18782 0)
(-0.311283 1.25932 4.5821e-18)
(-0.159323 1.32112 0)
(0.00209697 1.32537 -1.12759e-18)
(-0.947827 0.915475 0)
(-0.826851 0.850197 0)
(-0.778176 0.809458 0)
(-0.73168 0.780011 -5.34981e-18)
(-0.691128 0.777532 4.91472e-21)
(-0.645466 0.800199 -4.99751e-18)
(-0.587021 0.848463 9.69039e-18)
(-0.506227 0.915356 -9.45951e-18)
(-0.401246 0.991609 0)
(-0.270151 1.05577 3.40572e-18)
(-0.141178 1.10027 1.68467e-18)
(-0.0113236 1.10682 -5.6864e-19)
(-0.874627 0.683709 0)
(-0.722163 0.639763 1.72503e-17)
(-0.679463 0.618922 -1.4621e-20)
(-0.642225 0.604019 -3.18893e-21)
(-0.606903 0.613394 5.09981e-18)
(-0.56482 0.644695 4.95986e-18)
(-0.509412 0.696646 7.19249e-18)
(-0.434126 0.761699 4.64075e-18)
(-0.338856 0.82973 2.28321e-18)
(-0.225564 0.88456 -4.50309e-18)
(-0.115129 0.920369 -2.25337e-18)
(-0.00768649 0.93245 0)
(-0.799422 0.450768 9.20191e-18)
(-0.617007 0.449941 -6.08618e-18)
(-0.587024 0.460709 0)
(-0.564307 0.464889 0)
(-0.53562 0.485331 -5.08043e-18)
(-0.496899 0.522478 1.39632e-20)
(-0.444142 0.574836 -1.43527e-17)
(-0.373799 0.635443 0)
(-0.287299 0.695273 -9.13227e-18)
(-0.188212 0.742621 0)
(-0.0915707 0.774443 -2.26031e-18)
(0.00239879 0.791725 0)
(0.0954605 0.69585 -1.16104e-18)
(0.189381 0.72505 -4.76777e-18)
(0.295328 0.755739 0)
(0.410177 0.786941 -1.02604e-17)
(0.528035 0.814496 -2.72028e-18)
(0.636412 0.833164 -1.40755e-17)
(0.712331 0.833384 5.52952e-18)
(0.74428 0.816514 0)
(0.722598 0.772647 0)
(0.621074 0.701779 9.33048e-18)
(0.416149 0.574776 4.00969e-17)
(0.154198 0.429872 0)
(0.106673 0.596632 1.15142e-18)
(0.198361 0.619635 0)
(0.299804 0.640991 -9.73464e-18)
(0.406041 0.658779 2.51968e-18)
(0.509115 0.670212 -2.65595e-18)
(0.590789 0.670211 1.58616e-17)
(0.629866 0.656803 1.17926e-17)
(0.621114 0.628784 -7.42404e-18)
(0.537826 0.58302 0)
(0.362071 0.520931 0)
(0.0573065 0.413207 0)
(-0.257361 0.386411 0)
(0.114594 0.507276 -1.14806e-18)
(0.20194 0.520424 -5.86515e-18)
(0.296132 0.528495 1.08261e-17)
(0.390394 0.529495 0)
(0.474399 0.521239 0)
(0.526764 0.502921 -5.00479e-17)
(0.534942 0.475756 3.19391e-17)
(0.48334 0.444802 0)
(0.354473 0.408491 -9.01719e-18)
(0.144793 0.38096 2.39405e-17)
(-0.121628 0.352342 -2.10029e-17)
(-0.333262 0.371964 0)
(0.118 0.426049 1.15043e-18)
(0.199006 0.427483 4.67235e-18)
(0.283686 0.420274 -9.55131e-18)
(0.363666 0.403269 7.35403e-18)
(0.426569 0.375516 -7.7434e-18)
(0.454121 0.3401 -5.5356e-18)
(0.431866 0.304137 -4.35279e-17)
(0.349417 0.27503 -7.17548e-18)
(0.197858 0.258865 8.71143e-18)
(-0.00624833 0.274271 4.44421e-17)
(-0.215762 0.317905 0)
(-0.372658 0.375255 0)
(0.11649 0.352061 0)
(0.189457 0.34131 0)
(0.262995 0.318573 9.54168e-18)
(0.327653 0.283992 -9.72129e-18)
(0.370613 0.238604 -1.27007e-17)
(0.375157 0.189258 5.18351e-17)
(0.330053 0.14687 1.20884e-17)
(0.22847 0.123431 3.46427e-17)
(0.0721142 0.129458 0)
(-0.112171 0.180815 -4.17555e-17)
(-0.283246 0.267474 -6.60329e-17)
(-0.403455 0.347004 0)
(0.110229 0.2849 0)
(0.17386 0.262459 1.1927e-18)
(0.235254 0.225212 -1.20938e-18)
(0.284475 0.174615 2.43288e-18)
(0.309116 0.114019 3.79834e-17)
(0.294758 0.053084 -2.69213e-17)
(0.233581 0.0060821 5.94054e-18)
(0.122609 -0.0113067 -2.69206e-17)
(-0.0286502 0.0129495 -7.99141e-18)
(-0.190897 0.0912429 1.01608e-17)
(-0.33306 0.206273 6.2108e-17)
(-0.405033 0.310258 0)
(0.099736 0.224354 0)
(0.153138 0.191345 1.24146e-18)
(0.201918 0.141342 -1.24899e-18)
(0.236233 0.0768312 0)
(0.244659 0.00335208 -2.3169e-17)
(0.215339 -0.067416 -2.67878e-18)
(0.14383 -0.118532 -1.18366e-17)
(0.0302656 -0.131958 -3.35563e-17)
(-0.111029 -0.0957276 3.1947e-17)
(-0.250973 0.00102556 0)
(-0.365564 0.136798 1.25515e-16)
(-0.391471 0.258967 0)
(0.0856931 0.170205 0)
(0.128315 0.128141 1.33818e-18)
(0.164389 0.0674701 9.32291e-18)
(0.184615 -0.00867881 2.64959e-18)
(0.178945 -0.0930088 1.89954e-17)
(0.137992 -0.172497 -5.6583e-18)
(0.0606151 -0.228287 3.08139e-17)
(-0.0512634 -0.240937 5.57443e-17)
(-0.179913 -0.199079 3.35004e-17)
(-0.296906 -0.0910997 1.09872e-17)
(-0.381989 0.0608793 -1.6603e-17)
(-0.358615 0.201121 0)
(0.0687707 0.122059 0)
(0.100305 0.0726546 0)
(0.123758 0.00349713 -1.21088e-17)
(0.130752 -0.0820883 0)
(0.112744 -0.175537 2.29662e-20)
(0.0628239 -0.263244 -6.32174e-18)
(-0.0172503 -0.324747 6.87437e-18)
(-0.124837 -0.340138 -3.09876e-17)
(-0.238924 -0.29833 -9.31683e-18)
(-0.331354 -0.185526 1.12505e-16)
(-0.383359 -0.0200879 -1.55393e-16)
(-0.312015 0.137075 2.48341e-16)
(0.0499829 0.0790313 0)
(0.0703496 0.0240319 8.00198e-18)
(0.081389 -0.0515577 -1.56388e-17)
(0.0758311 -0.144641 3.84078e-18)
(0.0466978 -0.245839 -3.88989e-17)
(-0.010486 -0.341727 2.83966e-17)
(-0.091193 -0.410038 -3.46306e-17)
(-0.193149 -0.431697 9.52163e-18)
(-0.291195 -0.394264 -9.01449e-17)
(-0.356664 -0.281313 -1.05483e-16)
(-0.371689 -0.104091 -2.48507e-17)
(-0.252589 0.0693529 -3.18724e-16)
(0.032183 0.0383901 0)
(0.0420496 -0.0206905 -4.18908e-17)
(0.0413263 -0.101002 2.70923e-17)
(0.0237435 -0.20019 0)
(-0.0159914 -0.308205 -6.4917e-18)
(-0.0802678 -0.412452 -3.18297e-17)
(-0.162023 -0.488407 -5.168e-17)
(-0.256772 -0.520276 -2.72388e-17)
(-0.338993 -0.486425 1.57371e-16)
(-0.372536 -0.375355 1.42933e-16)
(-0.342088 -0.197953 0)
(-0.191727 -0.000117172 0)
(0.0173707 -0.0100477 -2.56264e-17)
(0.0180565 -0.0707714 -5.05798e-20)
(0.00725835 -0.152642 0)
(-0.0200414 -0.255498 1.68669e-17)
(-0.0670408 -0.368845 -1.4815e-17)
(-0.135505 -0.481126 -1.3313e-16)
(-0.211446 -0.569742 4.24415e-16)
(-0.308506 -0.607383 0)
(-0.34756 -0.561699 -2.06035e-16)
(-0.341074 -0.451227 -2.41292e-16)
(-0.292126 -0.283778 -3.45023e-16)
(-0.135407 -0.0734534 1.25986e-15)
(0.187754 0.49567 9.30441e-17)
(0.299877 0.474196 2.80119e-17)
(0.330603 0.489119 -2.23992e-17)
(0.353909 0.490269 0)
(0.383296 0.472018 -2.55442e-17)
(0.424286 0.43812 -1.48517e-17)
(0.475777 0.388834 1.19868e-17)
(0.531729 0.323587 7.01655e-18)
(0.584697 0.24511 0)
(0.626394 0.157381 1.12887e-18)
(0.65571 0.0709384 3.37586e-18)
(0.675598 -0.0147652 2.27212e-18)
(0.214944 0.164862 1.60435e-16)
(0.217409 0.333985 -8.28547e-18)
(0.237099 0.397243 2.94302e-17)
(0.266099 0.420051 0)
(0.30083 0.414093 0)
(0.343777 0.386283 2.50122e-17)
(0.394011 0.341272 1.45658e-17)
(0.445984 0.281208 -1.17878e-17)
(0.493631 0.2099 2.30779e-18)
(0.531005 0.131256 1.02299e-17)
(0.557929 0.0525882 -1.1313e-18)
(0.577571 -0.0271355 1.13564e-18)
(0.234798 0.0122703 -1.86554e-16)
(0.163937 0.214153 0)
(0.169965 0.315955 0)
(0.196821 0.355451 0)
(0.233261 0.360911 0)
(0.276863 0.339853 2.55764e-17)
(0.325853 0.299715 -4.69565e-17)
(0.374715 0.244919 1.19973e-17)
(0.418268 0.180135 0)
(0.452032 0.1091 -9.18715e-18)
(0.476109 0.0369084 -3.98505e-18)
(0.493105 -0.0376635 -1.70649e-18)
(0.241916 -0.0834223 1.71602e-16)
(0.125468 0.123034 5.05557e-17)
(0.119078 0.244837 -3.37318e-17)
(0.140467 0.296414 2.34623e-17)
(0.176537 0.311634 0)
(0.220158 0.297453 5.29901e-18)
(0.268161 0.262596 1.77959e-17)
(0.314748 0.213197 -1.47599e-17)
(0.355151 0.154584 2.39392e-18)
(0.385698 0.0903385 -1.1692e-18)
(0.406399 0.0241091 5.77159e-18)
(0.419031 -0.0452577 0)
(0.238227 -0.145126 -3.08228e-19)
(0.0929567 0.052982 -4.43884e-17)
(0.0768493 0.181939 3.64482e-17)
(0.0923337 0.241807 -5.61353e-17)
(0.127409 0.265245 2.32712e-17)
(0.17098 0.257871 1.48495e-20)
(0.218423 0.22861 -2.65302e-18)
(0.263486 0.1848 2.557e-17)
(0.301467 0.132268 -2.47703e-18)
(0.329057 0.0745008 0)
(0.346006 0.0142311 5.90917e-19)
(0.353292 -0.0494259 -2.92606e-18)
(0.223744 -0.183211 -1.56383e-16)
(0.0613622 -0.00323049 0)
(0.0383251 0.124822 0)
(0.0489162 0.19018 3.37369e-17)
(0.0833549 0.220622 -5.61803e-17)
(0.127267 0.220033 -2.95645e-17)
(0.174709 0.196693 2.82584e-18)
(0.218918 0.158745 -2.16148e-17)
(0.255047 0.112417 2.60553e-18)
(0.279908 0.0611539 -1.26045e-18)
(0.29297 0.00714177 1.84811e-18)
(0.294559 -0.0501223 -6.06517e-19)
(0.198636 -0.204677 -3.22749e-16)
(0.0276922 -0.0501154 -1.26961e-16)
(0.000213027 0.0713023 1.78925e-17)
(0.00772117 0.140033 2.24319e-17)
(0.0424822 0.176629 5.5024e-17)
(0.0874825 0.182978 6.48571e-18)
(0.135587 0.165978 -6.15652e-18)
(0.179553 0.134269 0)
(0.214289 0.0944225 0)
(0.236651 0.0498993 9.46177e-18)
(0.245917 0.00257427 1.31264e-18)
(0.241946 -0.0476056 2.56002e-18)
(0.159984 -0.210799 3.45549e-16)
(-0.00847049 -0.0900094 -6.20418e-20)
(-0.0396823 0.0196983 -8.27477e-17)
(-0.0329658 0.0899278 -1.02879e-16)
(0.00338231 0.132104 -3.15133e-17)
(0.0504896 0.14578 7.40172e-18)
(0.100022 0.135708 -1.04629e-17)
(0.144313 0.110749 3.29768e-18)
(0.178016 0.0777918 2.50668e-17)
(0.198107 0.040359 -2.55021e-17)
(0.203842 0.000183683 2.16998e-18)
(0.194792 -0.0423011 -3.5066e-18)
(0.111268 -0.206142 -3.46901e-16)
(-0.0474106 -0.122875 1.45689e-16)
(-0.0827532 -0.0308613 1.00812e-16)
(-0.0743769 0.0386947 -6.24177e-21)
(-0.0351551 0.0858894 0)
(0.015321 0.107461 3.61523e-17)
(0.0671949 0.105125 4.21827e-18)
(0.112359 0.087628 -6.59345e-21)
(0.145276 0.0620868 -6.3391e-17)
(0.163288 0.0321686 1.41761e-17)
(0.165876 -0.000412075 0)
(0.15244 -0.0346865 3.2656e-18)
(0.0485418 -0.189668 1.00458e-15)
(-0.08826 -0.148653 0)
(-0.12943 -0.0801828 1.70366e-17)
(-0.118069 -0.0142445 2.16305e-16)
(-0.0751992 0.0370411 1.21412e-16)
(-0.0197468 0.0671101 -2.84223e-20)
(0.0358353 0.0735714 -1.74874e-17)
(0.0825975 0.0644727 4.85331e-17)
(0.114907 0.0469457 4.02762e-17)
(0.131021 0.0249028 1.65979e-17)
(0.130927 0.000244049 2.25577e-18)
(0.113908 -0.0255065 0)
(-0.0127212 -0.160779 -7.04906e-16)
(-0.131437 -0.165997 0)
(-0.178702 -0.127277 0)
(-0.166869 -0.0692452 -2.07881e-16)
(-0.121954 -0.0159728 -1.96073e-16)
(-0.0595802 0.0237549 -9.15289e-17)
(0.00231848 0.040884 -8.41004e-17)
(0.0521375 0.0414742 -1.46449e-16)
(0.0840428 0.0322447 -8.94415e-18)
(0.0985125 0.0180039 -3.77569e-17)
(0.0963637 0.000905652 4.00351e-18)
(0.0765417 -0.0167543 0)
(-0.0351567 -0.111685 -9.07411e-16)
(-0.163867 -0.176365 0)
(-0.226157 -0.167108 0)
(-0.216238 -0.126491 5.28185e-17)
(-0.178622 -0.0764487 -5.4529e-17)
(-0.109466 -0.0220147 6.90776e-17)
(-0.0397219 0.00877104 -7.09373e-17)
(0.011361 0.0180847 2.70877e-16)
(0.0425429 0.0167623 0)
(0.0552854 0.00999525 -1.28166e-16)
(0.0516194 -7.1185e-05 -9.91143e-17)
(0.029759 -0.0101687 2.68966e-17)
(0.695943 -0.0956066 -2.05452e-21)
(0.725072 -0.189422 -4.76831e-18)
(0.755798 -0.295303 0)
(0.787036 -0.4101 7.70064e-18)
(0.814631 -0.527916 1.36592e-17)
(0.833317 -0.636235 5.65119e-18)
(0.833536 -0.712092 5.53012e-18)
(0.816664 -0.744006 -2.524e-17)
(0.772774 -0.722323 0)
(0.701879 -0.620891 -2.78188e-17)
(0.574876 -0.416129 3.98304e-17)
(0.430019 -0.154172 8.22991e-17)
(0.596713 -0.106805 2.30421e-18)
(0.619646 -0.198393 0)
(0.641019 -0.299777 9.73635e-18)
(0.658835 -0.405961 0)
(0.670301 -0.508987 6.7642e-21)
(0.670316 -0.590586 2.11283e-17)
(0.656918 -0.629608 5.8764e-18)
(0.628904 -0.620815 -3.69859e-17)
(0.583119 -0.537551 0)
(0.52099 -0.36191 3.39449e-17)
(0.413221 -0.0572995 -5.56132e-17)
(0.386476 0.257442 0)
(0.507328 -0.1147 -1.14714e-18)
(0.520418 -0.201956 4.69478e-18)
(0.528486 -0.296095 -9.62205e-18)
(0.529504 -0.390307 1.24182e-17)
(0.521273 -0.474257 -5.14136e-18)
(0.502976 -0.526546 -1.39329e-17)
(0.475836 -0.534666 -3.83083e-17)
(0.444899 -0.483034 3.7059e-17)
(0.408579 -0.354214 0)
(0.381006 -0.144666 -3.57935e-17)
(0.352308 0.121621 -2.10065e-17)
(0.371962 0.333272 0)
(0.42606 -0.11807 -5.74452e-19)
(0.427449 -0.199001 -5.25365e-18)
(0.420224 -0.283635 1.19648e-18)
(0.403233 -0.363569 7.04396e-23)
(0.375499 -0.426414 -1.03436e-17)
(0.34011 -0.453894 0)
(0.304187 -0.431585 3.11085e-17)
(0.275113 -0.349121 -7.22314e-18)
(0.258955 -0.19763 0)
(0.274316 0.0063352 8.89539e-17)
(0.317863 0.215706 0)
(0.375237 0.372636 0)
(0.35202 -0.116522 -2.33137e-18)
(0.341244 -0.189431 0)
(0.318481 -0.262928 7.16475e-18)
(0.28391 -0.327544 -9.70722e-18)
(0.238541 -0.370451 2.00836e-20)
(0.18923 -0.374927 2.45661e-17)
(0.146897 -0.329779 -6.01386e-18)
(0.123505 -0.228195 -2.07373e-17)
(0.12955 -0.0719216 8.26357e-18)
(0.180862 0.112222 -4.17392e-17)
(0.267429 0.283149 -3.30141e-17)
(0.346958 0.403419 2.30442e-17)
(0.284801 -0.110224 2.39487e-18)
(0.262356 -0.173816 0)
(0.225082 -0.235172 -9.65437e-18)
(0.174494 -0.284359 2.43317e-18)
(0.113918 -0.30895 -2.54243e-18)
(0.053026 -0.294532 -2.69244e-17)
(0.00608888 -0.23332 2.37005e-17)
(-0.0112413 -0.122359 3.36778e-17)
(0.0130403 0.0288107 0)
(0.0912901 0.190918 1.01836e-17)
(0.206229 0.33294 -1.5498e-17)
(0.310186 0.404989 0)
(0.224197 -0.0996984 6.2762e-19)
(0.191209 -0.153079 -5.60139e-18)
(0.141179 -0.201824 0)
(0.0766766 -0.236112 0)
(0.00322193 -0.244492 0)
(-0.067499 -0.215125 -5.40831e-18)
(-0.118542 -0.143589 -1.77342e-17)
(-0.131905 -0.0300434 -2.68274e-17)
(-0.0956442 0.11116 7.98559e-18)
(0.00107252 0.250968 2.9185e-20)
(0.136765 0.365431 -1.41129e-16)
(0.258887 0.391427 -1.92167e-16)
(0.169995 -0.0856304 2.73429e-18)
(0.127975 -0.128253 6.70297e-18)
(0.0672809 -0.16429 -1.33508e-18)
(-0.00885924 -0.184494 2.64986e-18)
(-0.0931612 -0.178784 1.62951e-17)
(-0.1726 -0.137796 1.9946e-17)
(-0.228314 -0.0604001 -2.45903e-17)
(-0.240898 0.0514544 6.27438e-17)
(-0.199007 0.180014 0)
(-0.0910511 0.296879 0)
(0.0608634 0.381855 1.18359e-16)
(0.201033 0.358568 2.5891e-17)
(0.121803 -0.0686979 -3.15874e-18)
(0.0724703 -0.10024 -1.53433e-18)
(0.00329284 -0.123662 1.51752e-18)
(-0.0822872 -0.130634 0)
(-0.175706 -0.112596 -4.87795e-17)
(-0.263363 -0.0626496 -3.17212e-17)
(-0.324789 0.0174342 2.74193e-17)
(-0.340112 0.124994 -3.09496e-17)
(-0.298269 0.238994 9.42628e-18)
(-0.185471 0.331309 1.2533e-17)
(-0.0200829 0.383228 -1.93824e-17)
(0.136995 0.311968 2.47884e-16)
(0.0787507 -0.0499128 -4.13858e-18)
(0.0238467 -0.0702848 0)
(-0.0517682 -0.0813111 -1.56407e-17)
(-0.144851 -0.0757231 3.8412e-18)
(-0.246019 -0.0465701 2.33381e-17)
(-0.341857 0.0106316 -3.98829e-18)
(-0.410094 0.0913399 -1.73628e-17)
(-0.431684 0.193268 6.6458e-17)
(-0.394211 0.291232 -7.89881e-17)
(-0.281247 0.356606 5.98131e-20)
(-0.104068 0.371568 -2.48468e-17)
(0.0693045 0.252553 0)
(0.0380999 -0.0321146 5.4452e-18)
(-0.0208571 -0.0419984 -2.27091e-17)
(-0.101208 -0.0412784 5.08411e-17)
(-0.200406 -0.0236603 0)
(-0.308394 0.0160924 -6.49193e-18)
(-0.41259 0.0803759 6.40026e-18)
(-0.488477 0.16213 3.85224e-17)
(-0.520269 0.256842 -2.04091e-16)
(-0.486371 0.338995 1.2572e-16)
(-0.375278 0.37247 0)
(-0.197906 0.341996 0)
(-0.000115748 0.19171 0)
(-0.0103468 -0.0173126 5.12556e-17)
(-0.0708995 -0.0180214 9.29644e-17)
(-0.152837 -0.00724709 -1.58267e-16)
(-0.255714 0.0200906 1.6864e-17)
(-0.369038 0.0671076 -2.95138e-17)
(-0.481259 0.135565 -6.66916e-17)
(-0.56983 0.211513 -4.99646e-17)
(-0.607365 0.308512 3.32192e-17)
(-0.561627 0.347525 -1.80431e-16)
(-0.451152 0.341022 -3.01672e-17)
(-0.28372 0.292068 0)
(-0.0734281 0.135392 -1.26042e-15)
(0.495817 -0.188194 9.29746e-17)
(0.474255 -0.300414 2.81714e-17)
(0.489188 -0.331214 -2.22982e-17)
(0.490344 -0.354517 -2.67353e-17)
(0.472091 -0.383871 2.5502e-17)
(0.43817 -0.424801 2.46634e-17)
(0.38885 -0.47622 -2.39866e-18)
(0.323568 -0.532097 -4.66701e-18)
(0.24506 -0.584997 2.28639e-18)
(0.157311 -0.626644 0)
(0.070854 -0.655929 0)
(-0.0148688 -0.675795 -1.58039e-21)
(0.164806 -0.215453 0)
(0.333973 -0.21793 6.95928e-20)
(0.397258 -0.237642 0)
(0.420078 -0.266604 2.14671e-17)
(0.414136 -0.301288 -5.18218e-18)
(0.386319 -0.344168 9.99506e-18)
(0.341287 -0.394331 -2.6657e-17)
(0.281193 -0.446235 2.35734e-18)
(0.209859 -0.493823 0)
(0.131196 -0.53115 -9.08562e-18)
(0.0525155 -0.558041 0)
(-0.0272132 -0.577658 2.26817e-18)
(0.0120637 -0.235331 0)
(0.214056 -0.164412 -4.61033e-17)
(0.315912 -0.170413 6.28693e-18)
(0.35543 -0.197211 0)
(0.360918 -0.233591 2.12667e-17)
(0.339868 -0.277123 5.1031e-18)
(0.299721 -0.326045 1.72591e-17)
(0.244903 -0.374846 -1.43747e-17)
(0.180097 -0.418347 2.33806e-18)
(0.109045 -0.452069 1.83625e-17)
(0.0368488 -0.476114 4.54929e-18)
(-0.0377181 -0.493083 -1.1361e-18)
(-0.0837354 -0.242443 -1.71208e-16)
(0.122859 -0.125874 0)
(0.244735 -0.119421 0)
(0.296344 -0.140737 2.92671e-17)
(0.311601 -0.17674 -2.75535e-17)
(0.297444 -0.220289 5.27093e-18)
(0.262589 -0.268228 -5.08182e-18)
(0.213175 -0.31476 9.82551e-18)
(0.154543 -0.355119 9.55946e-18)
(0.0902866 -0.385628 4.53679e-21)
(0.0240586 -0.406299 -4.612e-18)
(-0.0452917 -0.418909 1.14712e-18)
(-0.145509 -0.238726 1.58988e-16)
(0.0527426 -0.0932803 0)
(0.18178 -0.077084 7.27515e-18)
(0.241689 -0.092484 -5.60207e-17)
(0.265172 -0.127487 0)
(0.257835 -0.170989 -2.76343e-17)
(0.228587 -0.218373 2.91592e-17)
(0.184769 -0.263387 -2.29835e-17)
(0.132223 -0.301331 -7.41651e-18)
(0.074449 -0.328889 -2.16852e-17)
(0.014188 -0.345813 0)
(-0.0494443 -0.353081 -2.33825e-18)
(-0.183634 -0.224199 3.89102e-17)
(-0.00352084 -0.0615972 -6.16019e-17)
(0.124613 -0.0384519 0)
(0.190017 -0.0489501 -1.28075e-20)
(0.22051 -0.0833149 0)
(0.219968 -0.127163 5.88908e-18)
(0.196654 -0.174551 -2.81642e-17)
(0.158704 -0.218719 1.88918e-17)
(0.112366 -0.254819 1.30047e-17)
(0.0611006 -0.279655 1.00842e-17)
(0.00710298 -0.292696 -4.92317e-18)
(-0.0501301 -0.294274 1.20943e-18)
(-0.205109 -0.199023 0)
(-0.0504425 -0.0278374 1.68958e-16)
(0.0710497 -0.000234959 8.03681e-17)
(0.139827 -0.00764438 2.2373e-17)
(0.176478 -0.042333 0)
(0.182885 -0.0872758 3.23725e-17)
(0.165921 -0.135334 -3.07677e-18)
(0.134216 -0.179269 -4.67238e-21)
(0.0943646 -0.213984 -1.40063e-17)
(0.0498428 -0.236327 0)
(0.00253808 -0.245578 -8.57283e-22)
(-0.0476064 -0.241602 3.80703e-26)
(-0.211218 -0.160286 -3.44877e-16)
(-0.0903569 0.00841328 -2.83209e-16)
(0.0194099 0.0397607 -7.22369e-17)
(0.0896837 0.0331456 -6.84402e-17)
(0.131915 -0.0031339 0)
(0.145657 -0.050192 7.38717e-18)
(0.135632 -0.0996882 -1.04453e-17)
(0.110684 -0.143958 5.42916e-21)
(0.0777263 -0.177649 3.13258e-18)
(0.0402987 -0.197726 0)
(0.000147571 -0.203453 5.78005e-18)
(-0.0422978 -0.194404 2.80296e-18)
(-0.206534 -0.111475 -1.44266e-19)
(-0.123228 0.0474375 1.662e-16)
(-0.0311769 0.0829253 0)
(0.0384185 0.0746513 1.04121e-17)
(0.0856632 0.0354918 -2.57365e-21)
(0.107309 -0.0149435 -3.60889e-17)
(0.105029 -0.0667959 2.94909e-17)
(0.0875502 -0.111951 -3.55314e-17)
(0.0620137 -0.144866 0)
(0.0321036 -0.162869 -1.41641e-17)
(-0.00044844 -0.165453 0)
(-0.0346808 -0.152024 -6.52845e-18)
(-0.190008 -0.0486315 5.0122e-16)
(-0.148998 0.0883657 -2.78326e-17)
(-0.0805159 0.129687 1.70073e-16)
(-0.0145453 0.118429 1.00719e-16)
(0.0367801 0.075614 -9.42261e-17)
(0.0669269 0.0201968 5.03756e-17)
(0.0734527 -0.0353845 -1.16617e-17)
(0.0643826 -0.0821525 3.77104e-17)
(0.0468656 -0.114473 5.03325e-18)
(0.0248333 -0.13058 3.55336e-17)
(0.000206548 -0.130486 -6.75508e-18)
(-0.0255023 -0.113477 4.30519e-18)
(-0.161031 0.0127016 0)
(-0.166318 0.131627 0)
(-0.127617 0.179037 -2.27537e-16)
(-0.0695609 0.167302 0)
(-0.016259 0.122438 2.20109e-16)
(0.0235364 0.0601042 -2.28302e-16)
(0.0407424 -0.00182447 -5.25188e-17)
(0.041373 -0.0516719 6.82349e-17)
(0.0321596 -0.0836043 0)
(0.0179308 -0.0980667 -5.12741e-22)
(0.00086834 -0.0959189 4.79727e-17)
(-0.0167575 -0.0761097 0)
(-0.111837 0.035202 -7.92824e-16)
(-0.176649 0.164099 -7.13038e-16)
(-0.167452 0.226569 7.01291e-17)
(-0.126811 0.216715 0)
(-0.076775 0.179155 -5.43373e-17)
(-0.0223 0.110068 6.89004e-16)
(0.00860561 0.0402348 -7.09185e-17)
(0.0179802 -0.0108989 -3.04551e-16)
(0.0166822 -0.0421425 2.96695e-17)
(0.00992485 -0.0548708 -1.13906e-16)
(-0.000103761 -0.0512017 -2.26442e-16)
(-0.0101772 -0.0293583 2.68863e-17)
(-0.0957228 -0.696109 1.15586e-18)
(-0.189535 -0.725176 -1.18994e-18)
(-0.295369 -0.755798 1.23249e-18)
(-0.410083 -0.786909 1.02733e-17)
(-0.527776 -0.814366 1.09129e-17)
(-0.635973 -0.832933 -1.12707e-17)
(-0.711728 -0.833092 -5.49549e-18)
(-0.743592 -0.816208 -1.89038e-17)
(-0.721877 -0.772382 6.1841e-17)
(-0.620478 -0.701604 0)
(-0.415846 -0.574734 5.33752e-17)
(-0.154169 -0.429897 0)
(-0.106878 -0.596763 1.15045e-18)
(-0.19844 -0.619638 0)
(-0.299755 -0.640915 0)
(-0.405844 -0.65862 1.03221e-20)
(-0.508745 -0.669968 -1.05806e-17)
(-0.590253 -0.669894 -2.6373e-17)
(-0.629215 -0.656458 -1.76326e-17)
(-0.620405 -0.628448 0)
(-0.537169 -0.582746 -3.47868e-17)
(-0.361627 -0.520758 1.13079e-17)
(-0.0572249 -0.41319 3.68058e-17)
(0.257346 -0.386382 2.08798e-16)
(-0.114733 -0.50727 -1.14717e-18)
(-0.201946 -0.520311 1.17006e-18)
(-0.296002 -0.528304 8.4156e-18)
(-0.390114 -0.52924 -1.73861e-17)
(-0.47395 -0.520925 -1.54128e-17)
(-0.526192 -0.50257 -2.72527e-18)
(-0.534271 -0.475408 3.83205e-17)
(-0.482676 -0.444481 2.21174e-17)
(-0.353922 -0.408246 -3.60211e-17)
(-0.144495 -0.380793 0)
(0.121642 -0.352268 -8.42742e-17)
(0.333294 -0.371929 -1.27534e-19)
(-0.118071 -0.425907 2.29981e-18)
(-0.198947 -0.427262 0)
(-0.28349 -0.419987 -9.5423e-18)
(-0.36333 -0.402948 2.43927e-18)
(-0.426078 -0.375169 1.03168e-17)
(-0.453541 -0.339752 4.74115e-17)
(-0.431222 -0.303819 -3.10999e-17)
(-0.348833 -0.27475 -3.59564e-17)
(-0.197412 -0.258664 7.81887e-17)
(0.00646139 -0.274097 -4.4409e-17)
(0.215775 -0.317756 0)
(0.372688 -0.375166 -9.65148e-17)
(-0.116499 -0.351787 -2.3294e-18)
(-0.189347 -0.340992 0)
(-0.262752 -0.318206 0)
(-0.327285 -0.283624 7.29586e-18)
(-0.370109 -0.238245 2.54195e-17)
(-0.374603 -0.188932 -2.45678e-17)
(-0.329458 -0.146601 2.41539e-17)
(-0.227978 -0.123201 -2.7672e-17)
(-0.0717554 -0.129298 -6.60968e-17)
(0.112331 -0.180645 1.58385e-20)
(0.283234 -0.267293 6.59805e-17)
(0.403473 -0.346886 0)
(-0.110184 -0.284504 1.1967e-18)
(-0.173715 -0.262056 -4.77947e-18)
(-0.234982 -0.22478 0)
(-0.284103 -0.174218 0)
(-0.308618 -0.113661 -2.27781e-17)
(-0.294256 -0.0527888 -1.8834e-17)
(-0.233041 -0.00587124 0)
(-0.122211 0.01149 2.69064e-17)
(0.0289385 -0.0128411 2.39663e-17)
(0.191012 -0.0910856 5.0772e-17)
(0.333014 -0.206088 -1.24192e-16)
(0.405017 -0.310117 1.84067e-16)
(-0.099649 -0.223847 -3.751e-26)
(-0.152975 -0.190872 6.21545e-18)
(-0.201638 -0.140859 -1.2485e-18)
(-0.235874 -0.076418 -2.49446e-18)
(-0.24419 -0.00300084 5.14738e-18)
(-0.214898 0.0676758 1.90006e-17)
(-0.143358 0.118687 0)
(-0.0299504 0.132097 0)
(0.11125 0.0957803 3.19332e-17)
(0.251043 -0.000892786 0)
(0.365487 -0.136636 4.68858e-17)
(0.391431 -0.25881 -1.67843e-16)
(-0.0855766 -0.169606 2.7329e-18)
(-0.128152 -0.127613 5.36405e-18)
(-0.164115 -0.0669478 1.06544e-17)
(-0.184292 0.00910083 0)
(-0.17851 0.0933472 2.70144e-18)
(-0.137636 0.172728 -8.51125e-18)
(-0.0601994 0.228381 1.23179e-17)
(0.0514873 0.241041 -4.18176e-17)
(0.180077 0.199065 -2.50401e-17)
(0.296938 0.0911919 0)
(0.381871 -0.0607442 1.35546e-16)
(0.358548 -0.200986 2.11664e-16)
(-0.0686483 -0.121387 -6.31601e-18)
(-0.100145 -0.0720906 -6.14733e-18)
(-0.12352 -0.00294148 -1.21059e-17)
(-0.13045 0.0824998 2.99252e-18)
(-0.112395 0.175879 -2.50963e-20)
(-0.0625039 0.263428 -3.18892e-18)
(0.0175464 0.324803 0)
(0.125023 0.340193 -3.7807e-20)
(0.238993 0.298249 -9.41443e-18)
(0.331355 0.185583 1.12471e-16)
(0.38323 0.020166 -1.55276e-16)
(0.311888 -0.136956 -2.47912e-16)
(-0.0498758 -0.078317 4.13381e-18)
(-0.0702013 -0.0234493 -8.00007e-18)
(-0.0812087 0.0521293 1.56361e-17)
(-0.0755432 0.145043 0)
(-0.0464711 0.246181 0)
(0.0107971 0.341861 -2.43327e-17)
(0.0913301 0.410082 2.59945e-17)
(0.193314 0.431675 1.13882e-16)
(0.291157 0.394152 9.02563e-17)
(0.356618 0.281305 1.52807e-17)
(0.371571 0.1041 -2.48365e-17)
(0.252465 -0.0692517 0)
(-0.0320894 -0.0376561 0)
(-0.0419352 0.0212653 1.395e-17)
(-0.0411827 0.101581 -2.70901e-17)
(-0.023517 0.20058 6.63538e-18)
(0.0161486 0.308536 -6.54306e-18)
(0.0804978 0.412568 5.09091e-17)
(0.162071 0.488406 -5.13146e-17)
(0.256857 0.520206 -1.08763e-16)
(0.338878 0.486254 -1.25711e-16)
(0.372449 0.375274 -1.63149e-16)
(0.34197 0.197904 2.92611e-16)
(0.191632 0.000113887 -6.34407e-17)
(-0.0173022 0.0107768 5.12414e-17)
(-0.0179723 0.0712883 -9.29398e-17)
(-0.00715826 0.153224 0)
(0.0202103 0.25585 -1.3534e-16)
(0.0671171 0.369163 -1.18083e-16)
(0.135661 0.481213 0)
(0.211414 0.569687 2.48699e-17)
(0.308484 0.607236 -6.67071e-17)
(0.347433 0.561486 4.5827e-20)
(0.340969 0.45107 3.01729e-17)
(0.292032 0.283683 -6.89896e-16)
(0.135366 0.073392 0)
(-0.188021 -0.495564 -9.30097e-17)
(-0.300021 -0.474111 -3.52142e-17)
(-0.330736 -0.489098 2.79908e-17)
(-0.354019 -0.49028 0)
(-0.383385 -0.472051 2.04255e-17)
(-0.424348 -0.438163 4.94259e-18)
(-0.47581 -0.388883 -1.43857e-17)
(-0.531735 -0.323644 -7.01759e-18)
(-0.584683 -0.245178 -1.14275e-17)
(-0.626371 -0.157463 0)
(-0.655691 -0.0710293 4.50366e-18)
(-0.675591 0.0146773 -1.13592e-18)
(-0.215177 -0.164702 0)
(-0.217527 -0.333882 4.14429e-17)
(-0.237198 -0.397198 -2.94194e-17)
(-0.26616 -0.420034 0)
(-0.30087 -0.414107 1.55873e-17)
(-0.343791 -0.386315 5.0058e-18)
(-0.394003 -0.341316 -1.94154e-17)
(-0.445957 -0.281262 -1.28441e-20)
(-0.493592 -0.209966 0)
(-0.530964 -0.131333 0)
(-0.557898 -0.0526717 0)
(-0.577554 0.0270551 -1.13557e-18)
(-0.235005 -0.0120869 0)
(-0.164028 -0.214027 2.77198e-17)
(-0.170026 -0.315888 3.14468e-17)
(-0.196842 -0.355414 0)
(-0.233259 -0.360908 -1.59545e-17)
(-0.276838 -0.339874 1.0236e-17)
(-0.32581 -0.299752 2.71712e-17)
(-0.374659 -0.244968 -4.80512e-18)
(-0.418207 -0.180195 -7.01843e-18)
(-0.451975 -0.109169 0)
(-0.476064 -0.0369829 -4.55333e-18)
(-0.493076 0.0375914 1.13704e-18)
(-0.242095 0.0836155 0)
(-0.125529 -0.122889 -4.04743e-17)
(-0.119103 -0.244749 -5.39298e-17)
(-0.14045 -0.296358 0)
(-0.176498 -0.311614 -5.52147e-18)
(-0.220098 -0.297462 -1.58328e-17)
(-0.268086 -0.262624 2.03569e-17)
(-0.314665 -0.213239 9.83832e-18)
(-0.355068 -0.154635 -5.51067e-21)
(-0.385622 -0.0903984 1.16923e-18)
(-0.406337 -0.0241736 4.03695e-18)
(-0.418986 0.0451945 -5.74649e-19)
(-0.238374 0.145318 3.96608e-17)
(-0.0929851 -0.0528254 -2.22058e-17)
(-0.0768397 -0.181832 2.91608e-17)
(-0.0922818 -0.241733 6.23817e-18)
(-0.127335 -0.265207 2.90806e-17)
(-0.170888 -0.257867 -5.53662e-18)
(-0.218319 -0.228628 -3.98159e-17)
(-0.263377 -0.184832 -3.65228e-21)
(-0.30136 -0.13231 9.89356e-18)
(-0.32896 -0.0745501 -1.20622e-17)
(-0.345925 -0.0142851 0)
(-0.353229 0.0493717 2.34056e-18)
(-0.223858 0.183399 0)
(-0.0613567 0.00339653 -1.23369e-17)
(-0.0382806 -0.124697 7.9926e-18)
(-0.0488299 -0.190088 0)
(-0.0832474 -0.220567 -1.8718e-17)
(-0.127144 -0.220014 -2.36649e-17)
(-0.174576 -0.1967 1.69192e-17)
(-0.218782 -0.158767 -2.70055e-18)
(-0.254917 -0.112448 2.60563e-18)
(-0.27979 -0.061192 1.00946e-17)
(-0.292868 -0.00718506 0)
(-0.294475 0.0500772 -2.42085e-18)
(-0.198705 0.204846 3.22552e-16)
(-0.0276572 0.0502884 9.87569e-17)
(-0.000134285 -0.0711598 1.32314e-21)
(-0.00760095 -0.139922 7.47639e-18)
(-0.0423419 -0.176554 2.75124e-17)
(-0.0873294 -0.182943 3.24319e-17)
(-0.135426 -0.165972 -6.15616e-18)
(-0.179392 -0.134279 0)
(-0.214136 -0.0944418 0)
(-0.236511 -0.0499257 0)
(-0.245793 -0.00260687 4.59093e-18)
(-0.241841 0.0475694 6.40972e-19)
(-0.160011 0.210948 -3.02259e-16)
(0.00853077 0.0901808 -1.5024e-16)
(0.0397947 -0.0195415 0)
(0.0331188 -0.0897984 0)
(-0.00321005 -0.132009 -5.51461e-17)
(-0.0503068 -0.145728 2.96151e-17)
(-0.0998334 -0.135688 -3.13914e-17)
(-0.144127 -0.110747 -3.29521e-17)
(-0.177841 -0.0777992 3.13637e-18)
(-0.197946 -0.0403736 -1.49876e-18)
(-0.203699 -0.000205823 -4.33719e-18)
(-0.194666 0.0422734 -2.80512e-18)
(-0.11126 0.206268 0)
(0.04749 0.123038 -2.08245e-17)
(0.0828969 0.0310269 1.26058e-17)
(0.0745601 -0.0385496 1.04402e-17)
(0.0353578 -0.0857734 3.85703e-17)
(-0.015109 -0.10739 -3.61579e-17)
(-0.066981 -0.10509 2.53233e-17)
(-0.112151 -0.0876124 6.32521e-17)
(-0.145082 -0.0620821 0)
(-0.163109 -0.0321716 1.7704e-18)
(-0.165715 0.000399909 -1.6985e-18)
(-0.152296 0.0346669 3.26613e-18)
(-0.0484874 0.189761 0)
(0.0883507 0.148802 -2.78989e-17)
(0.129598 0.0803497 1.38713e-20)
(0.118276 0.0144002 1.29761e-16)
(0.0754282 -0.0369069 -1.21393e-16)
(0.0199874 -0.0670196 7.56907e-17)
(-0.0355984 -0.0735209 -5.83933e-18)
(-0.0823714 -0.0644434 -5.39366e-17)
(-0.1147 -0.0469291 5.03903e-18)
(-0.13083 -0.0248948 1.89686e-17)
(-0.130754 -0.000246753 0)
(-0.113752 0.0254946 4.31011e-18)
(0.0127276 0.160829 0)
(0.131552 0.166123 0)
(0.178878 0.127438 0)
(0.167084 0.0694022 -2.07847e-16)
(0.122199 0.016119 4.16505e-16)
(0.0598484 -0.0236419 -1.14407e-16)
(-0.00206322 -0.0408157 1.05083e-17)
(-0.0519008 -0.0414308 -9.77039e-18)
(-0.0838328 -0.0322171 0)
(-0.0983179 -0.0179856 -7.1328e-17)
(-0.0961856 -0.000899849 3.80104e-17)
(-0.0763811 0.0167493 -9.50847e-18)
(0.0351787 0.111706 9.07094e-16)
(0.163929 0.176448 0)
(0.226306 0.16724 -7.01387e-17)
(0.21642 0.126625 4.75191e-16)
(0.178849 0.0766031 -3.81347e-16)
(0.109749 0.0221597 -1.38068e-16)
(0.0399685 -0.00869108 3.90378e-16)
(-0.0111364 -0.0180353 -6.77298e-17)
(-0.0423595 -0.0167318 2.96829e-17)
(-0.0551131 -0.00997197 2.27934e-16)
(-0.0514615 8.11149e-05 -1.13288e-16)
(-0.029616 0.0101681 -5.37997e-17)
(-0.695945 0.0955321 -1.15673e-18)
(-0.72508 0.189367 -1.19086e-18)
(-0.755802 0.295268 1.23344e-18)
(-0.78703 0.410087 0)
(-0.814611 0.527921 -1.3641e-17)
(-0.833283 0.636249 -8.44709e-18)
(-0.833491 0.7121 2.75405e-17)
(-0.81661 0.744001 1.89132e-17)
(-0.772709 0.722281 0)
(-0.701801 0.620775 -1.52049e-19)
(-0.574783 0.415954 -5.33851e-17)
(-0.429904 0.154026 -8.23169e-17)
(-0.596709 0.106735 -2.30408e-18)
(-0.619649 0.198339 -1.1805e-18)
(-0.641023 0.299741 -8.51657e-18)
(-0.658831 0.405944 2.5199e-18)
(-0.670284 0.508987 7.93191e-18)
(-0.670288 0.590595 -2.63888e-17)
(-0.656883 0.629614 -1.76764e-17)
(-0.628868 0.620805 0)
(-0.583085 0.537508 0)
(-0.520968 0.361816 -3.39481e-17)
(-0.413214 0.0572116 -1.8427e-17)
(-0.386451 -0.25739 -1.67036e-16)
(-0.507314 0.114636 5.74225e-19)
(-0.520413 0.201905 5.28236e-18)
(-0.528485 0.296059 9.62168e-18)
(-0.529499 0.390287 0)
(-0.521258 0.474254 -7.72074e-18)
(-0.502952 0.526553 3.61749e-17)
(-0.475807 0.53467 -1.91125e-17)
(-0.444875 0.483023 0)
(-0.408566 0.354177 0)
(-0.381016 0.144606 0)
(-0.35235 -0.121638 0)
(-0.371989 -0.333218 1.07163e-16)
(-0.426031 0.118013 0)
(-0.427432 0.198953 -3.50686e-18)
(-0.420213 0.283599 -1.1965e-18)
(-0.403221 0.363546 2.44111e-18)
(-0.37548 0.426406 5.17463e-18)
(-0.340084 0.453896 -2.51133e-17)
(-0.304159 0.431587 6.28754e-18)
(-0.275091 0.349109 0)
(-0.258949 0.197598 -3.47369e-17)
(-0.274336 -0.00637215 3.33111e-17)
(-0.317906 -0.215708 -5.54246e-17)
(-0.375261 -0.372624 -9.64784e-17)
(-0.351973 0.116472 1.74978e-18)
(-0.34121 0.189387 5.87883e-19)
(-0.318455 0.262892 0)
(-0.283886 0.327519 -2.42201e-18)
(-0.238514 0.370438 -1.5263e-17)
(-0.189197 0.374924 -2.74097e-18)
(-0.146861 0.329776 2.59614e-20)
(-0.123477 0.228179 -2.76915e-17)
(-0.129539 0.0718913 2.48232e-17)
(-0.180876 -0.112253 -3.13229e-17)
(-0.267462 -0.283156 6.60416e-17)
(-0.346994 -0.403418 -5.25073e-20)
(-0.284734 0.11018 -2.99304e-18)
(-0.262302 0.173775 1.79179e-18)
(-0.225037 0.235136 -1.20964e-18)
(-0.174455 0.284331 2.43336e-18)
(-0.113878 0.308932 2.02491e-17)
(-0.052981 0.294523 2.65683e-18)
(-0.00604204 0.23331 1.77207e-17)
(0.0112816 0.122338 4.71243e-17)
(-0.0130179 -0.0288433 8.01034e-18)
(-0.0912903 -0.190949 0)
(-0.206247 -0.332953 0)
(-0.310223 -0.40501 9.19007e-17)
(-0.224108 0.0996609 -1.87685e-26)
(-0.191133 0.153043 -3.73709e-18)
(-0.141115 0.201789 -1.12221e-17)
(-0.07662 0.236081 0)
(-0.00316676 0.244469 0)
(0.0675577 0.215108 -5.40868e-18)
(0.118603 0.143571 5.9483e-18)
(0.131959 0.0300164 -5.36504e-17)
(0.0956817 -0.111197 -3.99379e-17)
(-0.00105618 -0.251003 2.06025e-17)
(-0.136768 -0.365452 1.09883e-16)
(-0.258921 -0.391455 1.92144e-16)
(-0.169885 0.0855991 2.05239e-18)
(-0.127879 0.12822 7.376e-18)
(-0.0671974 0.164256 1.99818e-17)
(0.00893319 0.184462 -2.12881e-17)
(0.0932313 0.178757 -1.90219e-17)
(0.172672 0.137773 -8.51515e-18)
(0.228387 0.0603754 6.18774e-18)
(0.240966 -0.0514876 2.78656e-17)
(0.199059 -0.180055 1.00366e-16)
(0.0910835 -0.296918 8.77323e-17)
(-0.0608517 -0.381881 2.87194e-19)
(-0.201057 -0.358607 4.65456e-19)
(-0.121676 0.0686727 -3.15926e-18)
(-0.0723576 0.100211 -6.15439e-18)
(-0.00319289 0.12363 -1.21117e-17)
(0.0823759 0.130601 4.50984e-17)
(0.175788 0.112565 2.44058e-17)
(0.263446 0.0626211 3.19036e-18)
(0.324871 -0.0174648 -2.73934e-17)
(0.34019 -0.125033 0)
(0.298334 -0.23904 9.91275e-20)
(0.185518 -0.331352 -1.99909e-16)
(0.0201075 -0.38326 -1.74873e-16)
(-0.137007 -0.312016 3.14354e-17)
(-0.0786116 0.0498938 0)
(-0.0237218 0.0702602 9.99069e-18)
(0.05188 0.0812823 -1.76004e-17)
(0.14495 0.075691 -3.08294e-17)
(0.24611 0.0465382 -2.73052e-17)
(0.341946 -0.0106637 -1.21124e-17)
(0.410182 -0.0913745 1.0587e-20)
(0.431768 -0.19331 -6.64586e-17)
(0.394285 -0.291282 -1.91719e-16)
(0.281305 -0.356652 1.3571e-16)
(0.104104 -0.371606 0)
(-0.0693024 -0.252607 -6.37953e-16)
(-0.0379558 0.0321014 0)
(0.0209874 0.0419781 -2.44601e-17)
(0.101325 0.0412525 2.37024e-17)
(0.200509 0.0236296 -6.63725e-18)
(0.308487 -0.0161242 1.10874e-16)
(0.41268 -0.0804104 5.10452e-17)
(0.488565 -0.162167 5.13178e-17)
(0.520355 -0.256887 1.08771e-16)
(0.486449 -0.339047 1.25715e-16)
(0.375342 -0.372518 0)
(0.19795 -0.342039 0)
(0.000119354 -0.191772 5.09201e-16)
(0.0104761 0.0173042 -2.56309e-17)
(0.0710178 0.018005 1.97568e-16)
(0.152947 0.00722498 6.92454e-17)
(0.255812 -0.0201177 1.35358e-16)
(0.369126 -0.0671353 -1.17952e-16)
(0.481341 -0.135597 -2.63798e-17)
(0.569911 -0.211545 2.5092e-17)
(0.607443 -0.308555 -3.3242e-17)
(0.561698 -0.34757 2.5832e-17)
(0.45121 -0.341061 0)
(0.283762 -0.292106 0)
(0.0735007 -0.135374 1.25682e-15)
(-0.49566 0.187657 0)
(-0.474207 0.29975 -3.50302e-17)
(-0.489113 0.330465 5.60318e-18)
(-0.490251 0.353759 0)
(-0.471985 0.383127 0)
(-0.438069 0.424096 4.94364e-18)
(-0.388762 0.475574 7.18646e-18)
(-0.323494 0.53153 -2.33817e-18)
(-0.244989 0.584522 9.14405e-18)
(-0.157226 0.626256 0)
(-0.0707671 0.655612 4.50684e-18)
(0.0148151 0.675543 1.13814e-18)
(-0.164908 0.214817 0)
(-0.334022 0.217284 0)
(-0.397259 0.236971 -2.35689e-17)
(-0.420056 0.265961 0)
(-0.414087 0.300677 -5.19049e-18)
(-0.386257 0.343608 1.00106e-17)
(-0.341219 0.393833 -2.42724e-17)
(-0.281123 0.445809 -2.35827e-18)
(-0.209777 0.493473 2.30862e-18)
(-0.131093 0.530863 9.09955e-18)
(-0.0524082 0.557809 0)
(0.0271891 0.57747 -1.135e-18)
(-0.0123608 0.234654 0)
(-0.214222 0.163826 -9.21977e-18)
(-0.316 0.169859 3.76968e-17)
(-0.355488 0.196712 -5.58503e-18)
(-0.360938 0.233142 0)
(-0.339859 0.276734 -1.53497e-17)
(-0.299689 0.32572 3.45951e-17)
(-0.244852 0.374584 0)
(-0.180021 0.418145 0)
(-0.10894 0.451909 -8.04325e-18)
(-0.0367314 0.475992 3.4159e-18)
(0.0377267 0.492981 1.13835e-18)
(0.083295 0.241771 0)
(-0.123134 0.125383 0)
(-0.244912 0.119006 -2.69735e-17)
(-0.296485 0.1404 5.86137e-18)
(-0.311697 0.176467 -5.52227e-18)
(-0.297495 0.220084 4.7525e-17)
(-0.262602 0.268088 -5.07324e-18)
(-0.213156 0.314678 1.23049e-17)
(-0.154489 0.355083 -1.19671e-17)
(-0.0901948 0.385614 9.36962e-18)
(-0.0239414 0.406309 -4.61819e-18)
(0.0453341 0.418909 -1.14799e-18)
(0.144977 0.238093 0)
(-0.0531086 0.0929072 4.43527e-17)
(-0.182043 0.0768179 2.91495e-17)
(-0.241912 0.0923162 0)
(-0.265345 0.127396 -1.74502e-17)
(-0.25795 0.170971 -3.31986e-17)
(-0.228651 0.218422 -3.45017e-17)
(-0.18479 0.26349 7.67491e-18)
(-0.132201 0.30147 9.8992e-18)
(-0.0743811 0.329032 -9.64751e-18)
(-0.0140813 0.345967 0)
(0.0495158 0.353196 0)
(0.183049 0.223634 0)
(0.00308159 0.061351 -4.93489e-17)
(-0.124955 0.0383378 7.98731e-18)
(-0.190318 0.0489524 -6.74796e-18)
(-0.220758 0.0834031 2.49531e-17)
(-0.220147 0.127329 5.91023e-18)
(-0.196769 0.174786 1.69166e-17)
(-0.158768 0.219005 -4.59413e-17)
(-0.112383 0.255132 2.60573e-18)
(-0.0610646 0.279957 -1.26075e-18)
(-0.00701567 0.292998 1.23348e-18)
(0.0502235 0.294508 0)
(0.20452 0.198563 0)
(0.0499493 0.0277165 -1.12805e-16)
(-0.0714586 0.000270946 0)
(-0.140197 0.00781164 -2.98977e-17)
(-0.176796 0.0425928 2.06324e-17)
(-0.183125 0.0876163 3.89218e-17)
(-0.166087 0.135746 -3.08118e-18)
(-0.134325 0.179728 2.04949e-17)
(-0.0944225 0.214464 0)
(-0.0498439 0.236784 -1.35012e-18)
(-0.00247824 0.246024 1.31303e-18)
(0.0477131 0.241953 0)
(0.210654 0.159949 0)
(0.0898372 -0.00841479 -1.67429e-17)
(-0.019873 -0.0395799 1.03373e-17)
(-0.0901128 -0.0328231 -3.42906e-17)
(-0.132298 0.00355345 -6.30105e-17)
(-0.145954 0.0506946 -2.22096e-17)
(-0.135845 0.100261 -6.97655e-18)
(-0.110835 0.144576 -2.96503e-17)
(-0.0778254 0.178282 3.1362e-18)
(-0.0403388 0.198327 -1.3503e-17)
(-0.000121572 0.204036 1.44815e-18)
(0.0424083 0.194866 0)
(0.206016 0.111268 -3.96464e-16)
(0.122706 -0.0473306 1.66427e-16)
(0.0306771 -0.0826093 -8.81878e-17)
(-0.038894 -0.0741869 -1.04465e-17)
(-0.0861017 -0.0349272 3.85677e-17)
(-0.107658 0.0155943 9.03159e-18)
(-0.105284 0.067512 -8.44597e-18)
(-0.0877396 0.112708 2.55584e-21)
(-0.0621509 0.145631 0)
(-0.0321831 0.163596 1.41783e-17)
(0.00043479 0.166158 0)
(0.0347871 0.152582 0)
(0.189567 0.0485876 5.02212e-16)
(0.148495 -0.0881657 -2.51048e-16)
(0.0799974 -0.129252 1.53284e-16)
(0.0140381 -0.11784 1.15341e-16)
(-0.0372646 -0.07492 1.34875e-17)
(-0.0673246 -0.0194066 5.04419e-17)
(-0.0737482 0.0362286 -5.24478e-17)
(-0.0646074 0.0830285 3.23617e-17)
(-0.0470354 0.115344 5.03903e-18)
(-0.0249492 0.131413 1.89703e-17)
(-0.000259389 0.131298 -9.01821e-18)
(0.0255941 0.114126 0)
(0.160709 -0.0127101 0)
(0.165859 -0.131319 3.27785e-16)
(0.127093 -0.178506 -2.56523e-16)
(0.0690376 -0.166616 5.1958e-17)
(0.0157406 -0.121633 -4.89965e-17)
(-0.0239916 -0.0591666 -9.14947e-17)
(-0.0410815 0.00279388 1.15682e-16)
(-0.0416304 0.0526549 -9.76956e-18)
(-0.0323535 0.0845565 0)
(-0.0180714 0.0989859 -3.35792e-17)
(-0.000948408 0.0968326 4.80219e-17)
(0.0168295 0.0768416 0)
(0.111639 -0.0351299 -9.07619e-16)
(0.176264 -0.163795 5.716e-16)
(0.166932 -0.225965 5.6155e-16)
(0.126294 -0.215987 0)
(0.0761942 -0.178271 -4.36558e-16)
(0.0217136 -0.10894 -4.84664e-16)
(-0.00900938 -0.0391275 2.1286e-16)
(-0.0182678 0.0120114 -3.38032e-17)
(-0.0168818 0.043152 2.96302e-17)
(-0.0100755 0.0558525 0)
(1.52051e-05 0.0522321 1.07637e-20)
(0.0102298 0.0301716 2.69057e-17)
)
;

boundaryField
{
    rotor
    {
        type            noSlip;
    }
    stator
    {
        type            noSlip;
    }
    front
    {
        type            empty;
    }
    back
    {
        type            empty;
    }
}


// ************************************************************************* //
