/*--------------------------------*- C++ -*----------------------------------*\
| =========                 |                                                 |
| \\      /  F ield         | OpenFOAM: The Open Source CFD Toolbox           |
|  \\    /   O peration     | Version:  4.0                                   |
|   \\  /    A nd           | Web:      www.OpenFOAM.org                      |
|    \\/     M anipulation  |                                                 |
\*---------------------------------------------------------------------------*/
FoamFile
{
    version     2.0;
    format      ascii;
    class       surfaceScalarField;
    location    "200";
    object      phi;
}
// * * * * * * * * * * * * * * * * * * * * * * * * * * * * * * * * * * * * * //

dimensions      [0 3 -1 0 0 0 0];

internalField   nonuniform List<scalar> 
5952
(
6.12189e-06
-6.13314e-06
1.0474e-05
-4.35064e-06
1.34209e-05
-2.94661e-06
1.33138e-05
1.10267e-07
8.79679e-06
4.51612e-06
-1.29257e-07
8.92858e-06
-1.79014e-05
1.77706e-05
-3.68854e-05
1.8985e-05
-5.12494e-05
1.43629e-05
-6.28366e-05
1.15872e-05
-7.14523e-05
8.61487e-06
6.16585e-06
-7.76186e-05
2.7049e-06
-8.83734e-06
3.15054e-06
-4.79481e-06
-6.61193e-07
8.65723e-07
-9.85597e-06
9.30615e-06
-2.40773e-05
1.87376e-05
-3.9167e-05
2.40188e-05
-4.67509e-05
2.53543e-05
-5.07055e-05
2.294e-05
-5.50099e-05
1.8667e-05
-5.87338e-05
1.53112e-05
-6.1657e-05
1.15376e-05
8.205e-06
-6.36965e-05
-8.27141e-07
-8.00939e-06
-4.71132e-06
-9.09686e-07
-1.31629e-05
9.31761e-06
-2.40634e-05
2.02072e-05
-3.26599e-05
2.73341e-05
-3.78926e-05
2.92519e-05
-4.0624e-05
2.80857e-05
-4.25118e-05
2.4828e-05
-4.46049e-05
2.076e-05
-4.62027e-05
1.69089e-05
-4.76432e-05
1.29778e-05
9.35504e-06
-4.87935e-05
-4.54832e-06
-3.45996e-06
-1.08852e-05
5.428e-06
-1.79465e-05
1.63793e-05
-2.41255e-05
2.63867e-05
-2.80235e-05
3.12324e-05
-3.02995e-05
3.15282e-05
-3.15598e-05
2.9346e-05
-3.23802e-05
2.56486e-05
-3.31688e-05
2.15484e-05
-3.38772e-05
1.76173e-05
-3.46661e-05
1.37664e-05
1.00663e-05
-3.53776e-05
-5.5173e-06
2.05917e-06
-1.09846e-05
1.08962e-05
-1.55896e-05
2.09849e-05
-1.86665e-05
2.94643e-05
-2.02935e-05
3.28596e-05
-2.0884e-05
3.21191e-05
-2.08042e-05
2.92662e-05
-2.07721e-05
2.56166e-05
-2.09655e-05
2.17416e-05
-2.12969e-05
1.79486e-05
-2.17423e-05
1.42114e-05
1.05329e-05
-2.22091e-05
-4.84834e-06
6.90944e-06
-8.76102e-06
1.48098e-05
-1.12428e-05
2.34678e-05
-1.20682e-05
3.02902e-05
-1.17701e-05
3.25624e-05
-1.08326e-05
3.11818e-05
-9.9172e-06
2.83512e-05
-9.27586e-06
2.49749e-05
-8.97218e-06
2.14381e-05
-8.93831e-06
1.79143e-05
-9.11286e-06
1.43859e-05
1.08296e-05
-9.40999e-06
-3.72065e-06
1.06318e-05
-6.26034e-06
1.73513e-05
-6.79254e-06
2.40008e-05
-5.55061e-06
2.90497e-05
-3.36911e-06
3.03813e-05
-1.17321e-06
2.89868e-05
6.46982e-07
2.6531e-05
1.96403e-06
2.36582e-05
2.7826e-06
2.06191e-05
3.18897e-06
1.75079e-05
3.27052e-06
1.43038e-05
1.09766e-05
3.12325e-06
-3.44664e-06
1.40805e-05
-4.71138e-06
1.86174e-05
-3.37064e-06
2.26618e-05
5.07878e-08
2.56295e-05
4.10583e-06
2.63274e-05
7.73657e-06
2.53567e-05
1.06359e-05
2.36321e-05
1.27591e-05
2.15351e-05
1.41713e-05
1.92068e-05
1.49944e-05
1.66847e-05
1.53543e-05
1.39436e-05
1.09599e-05
1.53707e-05
-3.39259e-06
1.74765e-05
-3.6517e-06
1.88786e-05
-2.72273e-07
1.92841e-05
5.13431e-06
2.02244e-05
1.09144e-05
2.05486e-05
1.60022e-05
2.02699e-05
2.00673e-05
1.95675e-05
2.30887e-05
1.85141e-05
2.51677e-05
1.7128e-05
2.64579e-05
1.53945e-05
2.71299e-05
1.32714e-05
1.0753e-05
2.73366e-05
-4.57823e-06
2.20549e-05
-1.66926e-06
1.59708e-05
4.76331e-06
1.28525e-05
1.20005e-05
1.29884e-05
1.90193e-05
1.35307e-05
2.50935e-05
1.41964e-05
2.99735e-05
1.4688e-05
3.36535e-05
1.48344e-05
3.62409e-05
1.45407e-05
3.78922e-05
1.37432e-05
3.88044e-05
1.2359e-05
1.04027e-05
3.91545e-05
3.79585e-07
2.16768e-05
8.47342e-06
7.87752e-06
1.71774e-05
4.14936e-06
2.5184e-05
4.98263e-06
3.21512e-05
6.56429e-06
3.79738e-05
8.37457e-06
4.2619e-05
1.00433e-05
4.61219e-05
1.13319e-05
4.85829e-05
1.20799e-05
5.01242e-05
1.22019e-05
5.09389e-05
1.15441e-05
1.01519e-05
5.11895e-05
2.60669e-05
-4.39085e-06
3.64549e-05
-2.51084e-06
4.30381e-05
-2.43389e-06
4.85596e-05
-5.38942e-07
5.30653e-05
2.0587e-06
5.67551e-05
4.68487e-06
5.96796e-05
7.11892e-06
6.18275e-05
9.18404e-06
6.3223e-05
1.06844e-05
6.39137e-05
1.1511e-05
6.40649e-05
1.13928e-05
6.37853e-05
1.04311e-05
-8.14736e-05
3.85432e-06
-8.32349e-05
1.76059e-06
-8.30163e-05
-2.19192e-07
-8.09982e-05
-2.01894e-06
-7.71945e-05
-3.80445e-06
-7.14736e-05
-5.72168e-06
-6.37248e-05
-7.74954e-06
-5.3762e-05
-9.96361e-06
-4.14079e-05
-1.23548e-05
-2.67348e-05
-1.4674e-05
-1.10992e-05
-1.56377e-05
-1.10999e-05
-6.49334e-05
5.09066e-06
-6.54004e-05
2.22707e-06
-6.51322e-05
-4.8807e-07
-6.40156e-05
-3.13632e-06
-6.18848e-05
-5.93597e-06
-5.86379e-05
-8.9694e-06
-5.4081e-05
-1.23074e-05
-4.8024e-05
-1.60215e-05
-4.02033e-05
-2.01764e-05
-3.02844e-05
-2.45939e-05
-1.77493e-05
-2.81743e-05
-2.88497e-05
-4.96433e-05
5.94005e-06
-5.00864e-05
2.66976e-06
-4.99915e-05
-5.83477e-07
-4.91932e-05
-3.93526e-06
-4.76267e-05
-7.50309e-06
-4.52098e-05
-1.13871e-05
-4.18384e-05
-1.56796e-05
-3.73895e-05
-2.04713e-05
-3.17296e-05
-2.58372e-05
-2.4387e-05
-3.19374e-05
-1.44572e-05
-3.8105e-05
-4.33072e-05
-3.59107e-05
6.47285e-06
-3.61543e-05
2.91309e-06
-3.60167e-05
-7.21486e-07
-3.54246e-05
-4.52774e-06
-3.43276e-05
-8.60055e-06
-3.26657e-05
-1.30496e-05
-3.03784e-05
-1.79676e-05
-2.74084e-05
-2.34422e-05
-2.35659e-05
-2.96803e-05
-1.8521e-05
-3.69829e-05
-1.13607e-05
-4.52659e-05
-5.46685e-05
-2.26077e-05
6.87125e-06
-2.28526e-05
3.15773e-06
-2.28782e-05
-6.96269e-07
-2.26367e-05
-4.76959e-06
-2.20925e-05
-9.14523e-06
-2.12059e-05
-1.39367e-05
-1.99426e-05
-1.92315e-05
-1.82366e-05
-2.51488e-05
-1.59552e-05
-3.19624e-05
-1.292e-05
-4.0019e-05
-8.05194e-06
-5.01354e-05
-6.27209e-05
-9.74399e-06
7.20507e-06
-1.00432e-05
3.45649e-06
-1.02574e-05
-4.82547e-07
-1.03545e-05
-4.67314e-06
-1.03168e-05
-9.1836e-06
-1.01477e-05
-1.41067e-05
-9.83376e-06
-1.95463e-05
-9.33511e-06
-2.56486e-05
-8.61944e-06
-3.26795e-05
-7.54199e-06
-4.10977e-05
-5.40705e-06
-5.22717e-05
-6.81292e-05
2.83673e-06
7.49099e-06
2.48e-06
3.81276e-06
2.09394e-06
-9.72723e-08
1.69489e-06
-4.27487e-06
1.27518e-06
-8.76501e-06
8.11714e-07
-1.36442e-05
2.84858e-07
-1.90208e-05
-3.15313e-07
-2.50497e-05
-9.89249e-07
-3.20064e-05
-1.68092e-06
-4.04082e-05
-2.15384e-06
-5.18012e-05
-7.02837e-05
1.51511e-05
7.71023e-06
1.47709e-05
4.19236e-06
1.42696e-05
4.03402e-07
1.36516e-05
-3.65786e-06
1.2887e-05
-8.0013e-06
1.19211e-05
-1.26796e-05
1.06848e-05
-1.77855e-05
9.09936e-06
-2.34652e-05
7.07115e-06
-2.99801e-05
4.53089e-06
-3.78688e-05
1.63435e-06
-4.89062e-05
-6.8651e-05
2.72172e-05
7.82933e-06
2.68629e-05
4.54617e-06
2.63198e-05
9.4577e-07
2.55893e-05
-2.92827e-06
2.46257e-05
-7.03875e-06
2.33455e-05
-1.14005e-05
2.1627e-05
-1.6068e-05
1.93177e-05
-2.1157e-05
1.61945e-05
-2.6857e-05
1.19832e-05
-3.36592e-05
6.53597e-06
-4.34613e-05
-6.21153e-05
3.91219e-05
7.86148e-06
3.88136e-05
4.85402e-06
3.8285e-05
1.47362e-06
3.75416e-05
-2.18568e-06
3.65335e-05
-6.0316e-06
3.51601e-05
-1.00278e-05
3.32544e-05
-1.4163e-05
3.05943e-05
-1.84972e-05
2.67862e-05
-2.305e-05
2.13153e-05
-2.81887e-05
1.32251e-05
-3.53714e-05
-4.88912e-05
5.10899e-05
7.96071e-06
5.07482e-05
5.19512e-06
5.02223e-05
1.99875e-06
4.9523e-05
-1.48729e-06
4.86056e-05
-5.11505e-06
4.73708e-05
-8.79367e-06
4.56363e-05
-1.2429e-05
4.31351e-05
-1.59964e-05
3.9306e-05
-1.92207e-05
3.3343e-05
-2.22262e-05
2.25568e-05
-2.4586e-05
-2.63334e-05
6.3323e-05
8.42271e-06
6.27614e-05
5.75618e-06
6.21511e-05
2.60849e-06
6.15069e-05
-8.43751e-07
6.07928e-05
-4.40127e-06
5.99234e-05
-7.92461e-06
5.87426e-05
-1.12483e-05
5.70096e-05
-1.42633e-05
5.41643e-05
-1.63755e-05
4.90625e-05
-1.71241e-05
3.75656e-05
-1.30883e-05
1.12317e-05
6.13347e-06
-6.13154e-06
1.04665e-05
-4.33177e-06
1.34113e-05
-2.94468e-06
1.33344e-05
7.84529e-08
8.86789e-06
4.4656e-06
3.37488e-09
8.86604e-06
-1.76891e-05
1.76915e-05
-3.67035e-05
1.90154e-05
-5.10962e-05
1.4392e-05
-6.2706e-05
1.16103e-05
-7.13409e-05
8.63439e-06
6.18248e-06
-7.75232e-05
2.71118e-06
-8.8412e-06
3.21023e-06
-4.82894e-06
-5.40885e-07
8.07156e-07
-9.64623e-06
9.18451e-06
-2.38358e-05
1.86552e-05
-3.89744e-05
2.4005e-05
-4.66508e-05
2.53678e-05
-5.06167e-05
2.29817e-05
-5.49263e-05
1.87016e-05
-5.86567e-05
1.53409e-05
-6.15869e-05
1.15643e-05
8.22669e-06
-6.3631e-05
-7.76725e-07
-8.06238e-06
-4.59388e-06
-1.01001e-06
-1.29833e-05
9.19738e-06
-2.39141e-05
2.0116e-05
-3.25698e-05
2.73112e-05
-3.78268e-05
2.92626e-05
-4.05736e-05
2.81147e-05
-4.24589e-05
2.48674e-05
-4.45522e-05
2.07949e-05
-4.61523e-05
1.69412e-05
-4.75935e-05
1.30054e-05
9.37751e-06
-4.87443e-05
-4.50762e-06
-3.55181e-06
-1.08103e-05
5.29455e-06
-1.78752e-05
1.62632e-05
-2.40809e-05
2.63227e-05
-2.79889e-05
3.12196e-05
-3.02708e-05
3.15452e-05
-3.15346e-05
2.93787e-05
-3.23533e-05
2.56866e-05
-3.31402e-05
2.15817e-05
-3.38449e-05
1.76461e-05
-3.46303e-05
1.37906e-05
1.00872e-05
-3.53399e-05
-5.47817e-06
1.93012e-06
-1.09465e-05
1.07643e-05
-1.55598e-05
2.08779e-05
-1.86577e-05
2.94213e-05
-2.02919e-05
3.28552e-05
-2.0887e-05
3.21404e-05
-2.08024e-05
2.92953e-05
-2.07622e-05
2.5646e-05
-2.09487e-05
2.17689e-05
-2.12753e-05
1.79721e-05
-2.17166e-05
1.42322e-05
1.05513e-05
-2.21813e-05
-4.85196e-06
6.78392e-06
-8.77101e-06
1.46852e-05
-1.12638e-05
2.33715e-05
-1.20907e-05
3.02504e-05
-1.17948e-05
3.25594e-05
-1.085e-05
3.11977e-05
-9.9273e-06
2.83721e-05
-9.27672e-06
2.49969e-05
-8.96672e-06
2.1458e-05
-8.92679e-06
1.79329e-05
-9.09804e-06
1.44025e-05
1.08456e-05
-9.39204e-06
-3.74302e-06
1.05296e-05
-6.30113e-06
1.7245e-05
-6.84462e-06
2.39168e-05
-5.5977e-06
2.90048e-05
-3.40971e-06
3.03735e-05
-1.20377e-06
2.89925e-05
6.26826e-07
2.65428e-05
1.95209e-06
2.36716e-05
2.77805e-06
2.06326e-05
3.18935e-06
1.75212e-05
3.27488e-06
1.4317e-05
1.09898e-05
3.12998e-06
-3.48126e-06
1.40146e-05
-4.76982e-06
1.85359e-05
-3.44117e-06
2.2591e-05
-1.60981e-08
2.55818e-05
4.05186e-06
2.63071e-05
7.69496e-06
2.53508e-05
1.0605e-05
2.36336e-05
1.27368e-05
2.15403e-05
1.41558e-05
1.92138e-05
1.49839e-05
1.66932e-05
1.53474e-05
1.39532e-05
1.09707e-05
1.53662e-05
-3.43152e-06
1.74476e-05
-3.71474e-06
1.88218e-05
-3.46779e-07
1.92237e-05
5.0607e-06
2.01766e-05
1.08508e-05
2.05188e-05
1.595e-05
2.02531e-05
2.00255e-05
1.95592e-05
2.30553e-05
1.85114e-05
2.51408e-05
1.71287e-05
2.64361e-05
1.53981e-05
2.71118e-05
1.32775e-05
1.07614e-05
2.73209e-05
-4.60006e-06
2.20509e-05
-1.70978e-06
1.59322e-05
4.70636e-06
1.28112e-05
1.19357e-05
1.29483e-05
1.89563e-05
1.34997e-05
2.50366e-05
1.41739e-05
2.99239e-05
1.46728e-05
3.36108e-05
1.48252e-05
3.6204e-05
1.45359e-05
3.786e-05
1.37421e-05
3.87759e-05
1.23615e-05
1.04085e-05
3.91284e-05
3.77676e-07
2.1674e-05
8.45247e-06
7.85964e-06
1.7138e-05
4.12432e-06
2.51343e-05
4.95361e-06
3.20977e-05
6.53747e-06
3.7921e-05
8.35169e-06
4.25693e-05
1.00253e-05
4.60761e-05
1.1319e-05
4.85409e-05
1.20715e-05
5.00856e-05
1.21976e-05
5.09031e-05
1.1544e-05
1.01556e-05
5.11558e-05
2.60682e-05
-4.39376e-06
3.64443e-05
-2.51763e-06
4.30155e-05
-2.44457e-06
4.85268e-05
-5.57664e-07
5.30262e-05
2.03826e-06
5.67132e-05
4.66498e-06
5.96372e-05
7.10153e-06
6.17859e-05
9.17054e-06
6.31825e-05
1.06749e-05
6.38744e-05
1.15057e-05
6.40267e-05
1.13915e-05
6.37481e-05
1.04338e-05
-8.13911e-05
3.86743e-06
-8.31627e-05
1.77144e-06
-8.29517e-05
-2.11465e-07
-8.09397e-05
-2.01237e-06
-7.71417e-05
-3.79846e-06
-7.14263e-05
-5.71583e-06
-6.36835e-05
-7.74316e-06
-5.37274e-05
-9.95651e-06
-4.13813e-05
-1.23464e-05
-2.67185e-05
-1.46632e-05
-1.11069e-05
-1.56125e-05
-1.11073e-05
-6.48721e-05
5.10832e-06
-6.53421e-05
2.24127e-06
-6.50778e-05
-4.76094e-07
-6.39655e-05
-3.12499e-06
-6.18399e-05
-5.92456e-06
-5.85985e-05
-8.95751e-06
-5.40477e-05
-1.22945e-05
-4.79972e-05
-1.60074e-05
-4.01829e-05
-2.01611e-05
-3.02696e-05
-2.4577e-05
-1.77257e-05
-2.81571e-05
-2.88332e-05
-4.9595e-05
5.9588e-06
-5.00398e-05
2.68594e-06
-4.99477e-05
-5.68354e-07
-4.91528e-05
-3.92016e-06
-4.75903e-05
-7.48734e-06
-4.51779e-05
-1.13703e-05
-4.18113e-05
-1.56614e-05
-3.73674e-05
-2.04518e-05
-3.17129e-05
-2.58161e-05
-2.43754e-05
-3.19149e-05
-1.44511e-05
-3.80819e-05
-4.32844e-05
-3.58725e-05
6.49118e-06
-3.61168e-05
2.93015e-06
-3.59808e-05
-7.04653e-07
-3.5391e-05
-4.51013e-06
-3.4297e-05
-8.58163e-06
-3.26387e-05
-1.30289e-05
-3.03553e-05
-1.79452e-05
-2.73896e-05
-2.34178e-05
-2.3552e-05
-2.96542e-05
-1.85116e-05
-3.69557e-05
-1.1355e-05
-4.52388e-05
-5.464e-05
-2.25785e-05
6.88858e-06
-2.28235e-05
3.17456e-06
-2.28497e-05
-6.78534e-07
-2.26099e-05
-4.75043e-06
-2.20679e-05
-9.12398e-06
-2.11841e-05
-1.39132e-05
-1.9924e-05
-1.92056e-05
-1.82218e-05
-2.51207e-05
-1.59442e-05
-3.19322e-05
-1.29128e-05
-3.99877e-05
-8.04906e-06
-5.0104e-05
-6.26894e-05
-9.72491e-06
7.22057e-06
-1.00233e-05
3.47282e-06
-1.02379e-05
-4.64773e-07
-1.03359e-05
-4.653e-06
-1.02999e-05
-9.16087e-06
-1.01328e-05
-1.4081e-05
-9.82151e-06
-1.95179e-05
-9.32559e-06
-2.56173e-05
-8.61289e-06
-3.2646e-05
-7.53877e-06
-4.10637e-05
-5.40585e-06
-5.22376e-05
-6.80967e-05
2.84522e-06
7.50498e-06
2.48919e-06
3.82805e-06
2.10336e-06
-7.96827e-08
1.70379e-06
-4.2545e-06
1.28322e-06
-8.74135e-06
8.18294e-07
-1.36173e-05
2.89911e-07
-1.89906e-05
-3.12248e-07
-2.50165e-05
-9.88712e-07
-3.1971e-05
-1.68154e-06
-4.03715e-05
-2.15571e-06
-5.17669e-05
-7.02527e-05
1.51482e-05
7.72251e-06
1.4769e-05
4.20669e-06
1.4268e-05
4.2038e-07
1.36502e-05
-3.63753e-06
1.28851e-05
-7.97742e-06
1.19187e-05
-1.2652e-05
1.06816e-05
-1.77546e-05
9.0953e-06
-2.34311e-05
7.06695e-06
-2.99434e-05
4.52571e-06
-3.78326e-05
1.63102e-06
-4.88719e-05
-6.8623e-05
2.72031e-05
7.83996e-06
2.68498e-05
4.55939e-06
2.63073e-05
9.62059e-07
2.55773e-05
-2.90838e-06
2.46138e-05
-7.01494e-06
2.33337e-05
-1.13728e-05
2.16154e-05
-1.60371e-05
1.93065e-05
-2.11229e-05
1.61835e-05
-2.68211e-05
1.19741e-05
-3.36226e-05
6.52922e-06
-4.34293e-05
-6.20933e-05
3.90976e-05
7.87042e-06
3.87903e-05
4.86597e-06
3.82626e-05
1.48913e-06
3.75199e-05
-2.16649e-06
3.65125e-05
-6.00817e-06
3.51397e-05
-1.00006e-05
3.32349e-05
-1.41327e-05
3.05758e-05
-1.84641e-05
2.67702e-05
-2.30153e-05
2.13017e-05
-2.81549e-05
1.3216e-05
-3.53423e-05
-4.88768e-05
5.10576e-05
7.96816e-06
5.0717e-05
5.20597e-06
5.0192e-05
2.01346e-06
4.94936e-05
-1.46878e-06
4.85771e-05
-5.09226e-06
4.73433e-05
-8.76728e-06
4.56103e-05
-1.24e-05
4.31112e-05
-1.59651e-05
3.92851e-05
-1.91892e-05
3.3327e-05
-2.21958e-05
2.25469e-05
-2.45614e-05
-2.63296e-05
6.32865e-05
8.42933e-06
6.27257e-05
5.76634e-06
6.2116e-05
2.62268e-06
6.14726e-05
-8.25737e-07
6.07593e-05
-4.37929e-06
5.98914e-05
-7.89936e-06
5.87125e-05
-1.12211e-05
5.6982e-05
-1.42344e-05
5.41405e-05
-1.63471e-05
4.90442e-05
-1.70988e-05
3.75544e-05
-1.30712e-05
1.12268e-05
6.13623e-06
-6.13475e-06
1.04763e-05
-4.33852e-06
1.34211e-05
-2.94398e-06
1.33252e-05
9.88297e-08
8.82093e-06
4.50446e-06
-9.56415e-08
8.91974e-06
-1.78581e-05
1.7762e-05
-3.68635e-05
1.9007e-05
-5.12452e-05
1.43811e-05
-6.28463e-05
1.16017e-05
-7.1473e-05
8.62601e-06
6.17398e-06
-7.76471e-05
2.70511e-06
-8.83856e-06
3.17415e-06
-4.80598e-06
-6.15311e-07
8.46557e-07
-9.78554e-06
9.27036e-06
-2.40049e-05
1.87242e-05
-3.91188e-05
2.40344e-05
-4.67358e-05
2.53792e-05
-5.06991e-05
2.29709e-05
-5.50101e-05
1.86921e-05
-5.87398e-05
1.53317e-05
-6.1668e-05
1.1554e-05
8.21679e-06
-6.37109e-05
-8.03202e-07
-8.03421e-06
-4.65967e-06
-9.4832e-07
-1.309e-05
9.27749e-06
-2.40081e-05
2.01892e-05
-3.26337e-05
2.73502e-05
-3.78807e-05
2.92821e-05
-4.06212e-05
2.81199e-05
-4.25127e-05
2.4863e-05
-4.46097e-05
2.07891e-05
-4.62107e-05
1.69329e-05
-4.76536e-05
1.29968e-05
9.36897e-06
-4.88059e-05
-4.52694e-06
-3.50549e-06
-1.08482e-05
5.37417e-06
-1.79134e-05
1.63433e-05
-2.41068e-05
2.63833e-05
-2.80135e-05
3.12574e-05
-3.02958e-05
3.1565e-05
-3.15602e-05
2.93848e-05
-3.23821e-05
2.56853e-05
-3.31722e-05
2.15793e-05
-3.3882e-05
1.76429e-05
-3.46722e-05
1.37869e-05
1.00818e-05
-3.53851e-05
-5.49832e-06
1.99531e-06
-1.09659e-05
1.08432e-05
-1.55761e-05
2.09544e-05
-1.86593e-05
2.94676e-05
-2.02921e-05
3.28908e-05
-2.08861e-05
3.216e-05
-2.08064e-05
2.93057e-05
-2.07729e-05
2.56525e-05
-2.09661e-05
2.17727e-05
-2.12977e-05
1.79749e-05
-2.17437e-05
1.42329e-05
1.05496e-05
-2.22114e-05
-4.84757e-06
6.8459e-06
-8.76064e-06
1.47576e-05
-1.12449e-05
2.34403e-05
-1.20744e-05
3.02981e-05
-1.17757e-05
3.25935e-05
-1.08352e-05
3.12204e-05
-9.91721e-06
2.8389e-05
-9.27378e-06
2.50095e-05
-8.96899e-06
2.14686e-05
-8.9347e-06
1.79407e-05
-9.10943e-06
1.4408e-05
1.08471e-05
-9.40715e-06
-3.72791e-06
1.05767e-05
-6.27281e-06
1.73045e-05
-6.80705e-06
2.39761e-05
-5.56265e-06
2.90556e-05
-3.37662e-06
3.04089e-05
-1.1752e-06
2.90208e-05
6.49186e-07
2.65655e-05
1.96905e-06
2.36909e-05
2.78938e-06
2.06486e-05
3.19659e-06
1.75341e-05
3.27825e-06
1.43263e-05
1.09951e-05
3.13058e-06
-3.46034e-06
1.40386e-05
-4.73336e-06
1.85798e-05
-3.39495e-06
2.26395e-05
3.24271e-08
2.56303e-05
4.09646e-06
2.63466e-05
7.73469e-06
2.53841e-05
1.06393e-05
2.36621e-05
1.27661e-05
2.1565e-05
1.41805e-05
1.92349e-05
1.50048e-05
1.67103e-05
1.53651e-05
1.39663e-05
1.09791e-05
1.53811e-05
-3.41176e-06
1.74543e-05
-3.68001e-06
1.88503e-05
-3.01361e-07
1.92628e-05
5.11146e-06
2.02193e-05
1.0901e-05
2.05586e-05
1.59972e-05
2.02894e-05
2.00688e-05
1.95917e-05
2.30947e-05
1.85401e-05
2.51766e-05
1.71537e-05
2.64686e-05
1.54188e-05
2.71416e-05
1.32937e-05
1.07726e-05
2.73483e-05
-4.59049e-06
2.20458e-05
-1.68854e-06
1.59492e-05
4.7388e-06
1.28368e-05
1.1977e-05
1.2982e-05
1.90013e-05
1.35354e-05
2.50822e-05
1.42094e-05
2.99685e-05
1.47063e-05
3.36535e-05
1.48557e-05
3.62449e-05
1.45629e-05
3.78991e-05
1.37651e-05
3.88131e-05
1.23799e-05
1.04219e-05
3.9164e-05
3.78743e-07
2.16682e-05
8.46251e-06
7.86602e-06
1.71571e-05
4.14274e-06
2.51598e-05
4.98005e-06
3.21277e-05
6.5682e-06
3.79538e-05
8.38399e-06
4.26037e-05
1.0057e-05
4.61115e-05
1.13485e-05
4.8577e-05
1.20979e-05
5.01222e-05
1.22203e-05
5.09399e-05
1.15624e-05
1.01693e-05
5.11926e-05
2.60629e-05
-4.3955e-06
3.64404e-05
-2.51187e-06
4.30134e-05
-2.43076e-06
4.85286e-05
-5.35378e-07
5.30324e-05
2.06422e-06
5.67236e-05
4.69271e-06
5.96515e-05
7.12915e-06
6.18038e-05
9.19631e-06
6.3204e-05
1.06978e-05
6.38995e-05
1.15247e-05
6.40551e-05
1.14068e-05
6.37791e-05
1.04451e-05
-8.1507e-05
3.85928e-06
-8.32704e-05
1.76303e-06
-8.30517e-05
-2.19335e-07
-8.10314e-05
-2.02086e-06
-7.72242e-05
-3.80779e-06
-7.14987e-05
-5.7261e-06
-6.37445e-05
-7.75481e-06
-5.37756e-05
-9.96954e-06
-4.14152e-05
-1.23609e-05
-2.67387e-05
-1.46772e-05
-1.11405e-05
-1.55998e-05
-1.11411e-05
-6.49505e-05
5.09843e-06
-6.54192e-05
2.23135e-06
-6.51524e-05
-4.867e-07
-6.40364e-05
-3.13732e-06
-6.1906e-05
-5.93885e-06
-5.86591e-05
-8.97369e-06
-5.4102e-05
-1.23126e-05
-4.80448e-05
-1.60274e-05
-4.02234e-05
-2.0183e-05
-3.03007e-05
-2.46007e-05
-1.77189e-05
-2.81827e-05
-2.88603e-05
-4.96573e-05
5.94951e-06
-5.01016e-05
2.67543e-06
-5.00077e-05
-5.80967e-07
-4.92101e-05
-3.9354e-06
-4.76439e-05
-7.50554e-06
-4.52267e-05
-1.13915e-05
-4.18546e-05
-1.56855e-05
-3.7404e-05
-2.04787e-05
-3.17419e-05
-2.58458e-05
-2.43961e-05
-3.19472e-05
-1.44633e-05
-3.81163e-05
-4.33239e-05
-3.59196e-05
6.48381e-06
-3.61644e-05
2.92012e-06
-3.60278e-05
-7.17884e-07
-3.54363e-05
-4.52716e-06
-3.43396e-05
-8.60268e-06
-3.26773e-05
-1.30542e-05
-3.03892e-05
-1.79741e-05
-2.7418e-05
-2.34506e-05
-2.3574e-05
-2.96903e-05
-1.85273e-05
-3.69944e-05
-1.13646e-05
-4.52794e-05
-5.46889e-05
-2.26112e-05
6.88344e-06
-2.28571e-05
3.16595e-06
-2.28836e-05
-6.91632e-07
-2.26428e-05
-4.7682e-06
-2.2099e-05
-9.14687e-06
-2.12124e-05
-1.39412e-05
-1.99488e-05
-1.92382e-05
-1.82422e-05
-2.51576e-05
-1.59601e-05
-3.1973e-05
-1.29235e-05
-4.00317e-05
-8.05307e-06
-5.01511e-05
-6.27424e-05
-9.742e-06
7.2184e-06
-1.00422e-05
3.46588e-06
-1.02573e-05
-4.76749e-07
-1.03553e-05
-4.67072e-06
-1.03183e-05
-9.18438e-06
-1.01498e-05
-1.41105e-05
-9.83596e-06
-1.95527e-05
-9.33726e-06
-2.56573e-05
-8.62125e-06
-3.26903e-05
-7.54322e-06
-4.11108e-05
-5.40751e-06
-5.22879e-05
-6.8151e-05
2.84325e-06
7.50547e-06
2.48553e-06
3.82348e-06
2.09834e-06
-9.01276e-08
1.69818e-06
-4.27112e-06
1.27743e-06
-8.76459e-06
8.1309e-07
-1.3647e-05
2.85609e-07
-1.90265e-05
-3.14965e-07
-2.50579e-05
-9.89167e-07
-3.20168e-05
-1.68095e-06
-4.0421e-05
-2.15386e-06
-5.18172e-05
-7.03054e-05
1.51608e-05
7.72585e-06
1.47795e-05
4.20445e-06
1.4277e-05
4.1205e-07
1.36576e-05
-3.65258e-06
1.28916e-05
-7.99937e-06
1.19245e-05
-1.2681e-05
1.06874e-05
-1.77902e-05
9.10129e-06
-2.34727e-05
7.07267e-06
-2.999e-05
4.53217e-06
-3.78812e-05
1.63529e-06
-4.89216e-05
-6.86717e-05
2.72282e-05
7.84591e-06
2.68728e-05
4.55962e-06
2.63284e-05
9.55946e-07
2.55965e-05
-2.92138e-06
2.46314e-05
-7.03514e-06
2.33498e-05
-1.14003e-05
2.16302e-05
-1.60715e-05
1.93201e-05
-2.11636e-05
1.61965e-05
-2.68664e-05
1.19848e-05
-3.36711e-05
6.53678e-06
-4.34758e-05
-6.21351e-05
3.91314e-05
7.87839e-06
3.88224e-05
4.86839e-06
3.82928e-05
1.485e-06
3.75482e-05
-2.17744e-06
3.65388e-05
-6.02649e-06
3.5164e-05
-1.00263e-05
3.32573e-05
-1.41653e-05
3.05965e-05
-1.8503e-05
2.67883e-05
-2.30592e-05
2.13174e-05
-2.82004e-05
1.32264e-05
-3.5385e-05
-4.89095e-05
5.10941e-05
7.97677e-06
5.07527e-05
5.20945e-06
5.02268e-05
2.01044e-06
4.95271e-05
-1.47848e-06
4.8609e-05
-5.10912e-06
4.73734e-05
-8.79127e-06
4.56384e-05
-1.24307e-05
4.31369e-05
-1.60019e-05
3.93081e-05
-1.92301e-05
3.33458e-05
-2.22385e-05
2.25592e-05
-2.4599e-05
-2.63493e-05
6.33195e-05
8.43631e-06
6.27595e-05
5.7691e-06
6.21505e-05
2.61908e-06
6.15071e-05
-8.35646e-07
6.07934e-05
-4.39568e-06
5.99243e-05
-7.92242e-06
5.87438e-05
-1.12503e-05
5.70112e-05
-1.42691e-05
5.41667e-05
-1.63857e-05
4.90661e-05
-1.71376e-05
3.75694e-05
-1.31015e-05
1.12197e-05
6.1353e-06
-6.13316e-06
1.04712e-05
-4.33442e-06
1.34168e-05
-2.9454e-06
1.33366e-05
8.19813e-08
8.86372e-06
4.4721e-06
-9.40643e-09
8.87479e-06
-1.77154e-05
1.77052e-05
-3.67318e-05
1.90173e-05
-5.1125e-05
1.43927e-05
-6.27357e-05
1.16111e-05
-7.13708e-05
8.63465e-06
6.18251e-06
-7.75532e-05
2.71172e-06
-8.84315e-06
3.20574e-06
-4.82638e-06
-5.52615e-07
8.13846e-07
-9.67046e-06
9.20065e-06
-2.3868e-05
1.86697e-05
-3.90065e-05
2.40137e-05
-4.66756e-05
2.53743e-05
-5.06421e-05
2.29843e-05
-5.49531e-05
1.87036e-05
-5.86844e-05
1.53428e-05
-6.16151e-05
1.15651e-05
8.22707e-06
-6.36595e-05
-7.81669e-07
-8.05921e-06
-4.60578e-06
-1.00035e-06
-1.30032e-05
9.21215e-06
-2.39335e-05
2.01317e-05
-3.25869e-05
2.73234e-05
-3.78445e-05
2.92719e-05
-4.05914e-05
2.81213e-05
-4.24783e-05
2.48717e-05
-4.45729e-05
2.07982e-05
-4.61735e-05
1.69436e-05
-4.76153e-05
1.30067e-05
9.37828e-06
-4.87664e-05
-4.51156e-06
-3.5445e-06
-1.08181e-05
5.30823e-06
-1.78841e-05
1.62791e-05
-2.40895e-05
2.63382e-05
-2.79999e-05
3.12344e-05
-3.02833e-05
3.1556e-05
-3.15481e-05
2.93863e-05
-3.23678e-05
2.56919e-05
-3.31555e-05
2.15859e-05
-3.3861e-05
1.76493e-05
-3.46474e-05
1.37929e-05
1.00886e-05
-3.53576e-05
-5.48273e-06
1.94225e-06
-1.09529e-05
1.07799e-05
-1.55684e-05
2.08962e-05
-1.86636e-05
2.9434e-05
-2.02984e-05
3.28705e-05
-2.08941e-05
3.21518e-05
-2.08104e-05
2.93039e-05
-2.07715e-05
2.56527e-05
-2.09592e-05
2.17743e-05
-2.1287e-05
1.79765e-05
-2.17293e-05
1.42356e-05
1.05535e-05
-2.21949e-05
-4.85065e-06
6.7949e-06
-8.76924e-06
1.47004e-05
-1.12616e-05
2.33893e-05
-1.20923e-05
3.02671e-05
-1.17962e-05
3.25746e-05
-1.0852e-05
3.12099e-05
-9.93038e-06
2.83817e-05
-9.28104e-06
2.50048e-05
-8.97236e-06
2.14647e-05
-8.93367e-06
1.79386e-05
-9.10608e-06
1.4407e-05
1.08488e-05
-9.40103e-06
-3.73966e-06
1.05374e-05
-6.29553e-06
1.72581e-05
-6.83772e-06
2.39335e-05
-5.593e-06
2.90237e-05
-3.40556e-06
3.03893e-05
-1.20042e-06
2.90055e-05
6.29127e-07
2.65535e-05
1.95316e-06
2.36808e-05
2.77783e-06
2.06406e-05
3.18787e-06
1.75282e-05
3.27222e-06
1.43227e-05
1.09941e-05
3.12628e-06
-3.47765e-06
1.40189e-05
-4.76366e-06
1.85465e-05
-3.43313e-06
2.26058e-05
-6.98068e-09
2.55997e-05
4.06111e-06
2.63229e-05
7.70377e-06
2.53642e-05
1.06129e-05
2.36453e-05
1.27437e-05
2.15507e-05
1.41614e-05
1.92231e-05
1.49883e-05
1.67014e-05
1.53506e-05
1.39602e-05
1.09762e-05
1.53683e-05
-3.42951e-06
1.745e-05
-3.71069e-06
1.88305e-05
-3.39769e-07
1.92357e-05
5.07137e-06
2.01909e-05
1.08634e-05
2.05327e-05
1.59632e-05
2.0266e-05
2.00385e-05
1.95712e-05
2.30675e-05
1.85225e-05
2.5152e-05
1.71391e-05
2.64461e-05
1.54075e-05
2.71206e-05
1.32857e-05
1.07681e-05
2.73285e-05
-4.60269e-06
2.2056e-05
-1.70883e-06
1.59373e-05
4.7124e-06
1.28181e-05
1.19467e-05
1.29578e-05
1.89705e-05
1.35103e-05
2.50525e-05
1.41853e-05
2.99403e-05
1.46843e-05
3.36269e-05
1.48366e-05
3.62194e-05
1.4547e-05
3.78745e-05
1.37526e-05
3.87893e-05
1.23709e-05
1.04163e-05
3.91407e-05
3.7713e-07
2.16797e-05
8.45716e-06
7.85959e-06
1.71477e-05
4.12631e-06
2.51479e-05
4.95908e-06
3.21141e-05
6.54537e-06
3.79389e-05
8.36153e-06
4.25877e-05
1.00364e-05
4.60945e-05
1.13305e-05
4.85588e-05
1.20831e-05
5.01029e-05
1.22087e-05
5.09196e-05
1.15542e-05
1.01643e-05
5.11714e-05
2.60799e-05
-4.39963e-06
3.64594e-05
-2.52111e-06
4.30319e-05
-2.44387e-06
4.85442e-05
-5.53073e-07
5.30444e-05
2.0453e-06
5.67319e-05
4.67441e-06
5.96558e-05
7.11272e-06
6.18042e-05
9.18238e-06
6.32004e-05
1.06869e-05
6.3892e-05
1.15172e-05
6.40439e-05
1.14021e-05
6.37649e-05
1.04429e-05
-8.14209e-05
3.86727e-06
-8.31921e-05
1.77112e-06
-8.29807e-05
-2.11806e-07
-8.09682e-05
-2.01287e-06
-7.71695e-05
-3.7992e-06
-7.14528e-05
-5.71698e-06
-6.37085e-05
-7.74473e-06
-5.37502e-05
-9.95863e-06
-4.14011e-05
-1.23493e-05
-2.67327e-05
-1.46689e-05
-1.10964e-05
-1.56371e-05
-1.10967e-05
-6.49007e-05
5.1082e-06
-6.53705e-05
2.24079e-06
-6.51056e-05
-4.7705e-07
-6.39921e-05
-3.12656e-06
-6.18648e-05
-5.92701e-06
-5.8621e-05
-8.96102e-06
-5.4067e-05
-1.22992e-05
-4.80124e-05
-1.60135e-05
-4.01934e-05
-2.01688e-05
-3.0276e-05
-2.45867e-05
-1.77459e-05
-2.81678e-05
-2.88428e-05
-4.96173e-05
5.95894e-06
-5.0062e-05
2.68537e-06
-4.99694e-05
-5.69899e-07
-4.91732e-05
-3.92291e-06
-4.76091e-05
-7.49146e-06
-4.51945e-05
-1.13759e-05
-4.18254e-05
-1.56686e-05
-3.73788e-05
-2.04605e-05
-3.17214e-05
-2.58266e-05
-2.43813e-05
-3.19272e-05
-1.44546e-05
-3.8095e-05
-4.32976e-05
-3.58906e-05
6.49168e-06
-3.61349e-05
2.92956e-06
-3.59984e-05
-7.06634e-07
-3.54078e-05
-4.51373e-06
-3.43125e-05
-8.58695e-06
-3.26526e-05
-1.30361e-05
-3.03673e-05
-1.79541e-05
-2.73996e-05
-2.34287e-05
-2.35596e-05
-2.96669e-05
-1.8517e-05
-3.69701e-05
-1.13582e-05
-4.52542e-05
-5.46562e-05
-2.25926e-05
6.88966e-06
-2.28379e-05
3.17423e-06
-2.2864e-05
-6.80621e-07
-2.26237e-05
-4.7545e-06
-2.20808e-05
-9.13013e-06
-2.11959e-05
-1.39216e-05
-1.99343e-05
-1.92161e-05
-1.82302e-05
-2.51333e-05
-1.59507e-05
-3.19469e-05
-1.29173e-05
-4.0004e-05
-8.05117e-06
-5.01216e-05
-6.27077e-05
-9.73463e-06
7.22239e-06
-1.00335e-05
3.47297e-06
-1.02482e-05
-4.66689e-07
-1.0346e-05
-4.65725e-06
-1.03095e-05
-9.16754e-06
-1.01416e-05
-1.40902e-05
-9.82915e-06
-1.95294e-05
-9.33182e-06
-2.56313e-05
-8.6175e-06
-3.26622e-05
-7.54175e-06
-4.10815e-05
-5.40733e-06
-5.22566e-05
-6.81164e-05
2.84067e-06
7.50768e-06
2.484e-06
3.82888e-06
2.09777e-06
-8.11647e-08
1.69808e-06
-4.25859e-06
1.27769e-06
-8.74815e-06
8.13211e-07
-1.36269e-05
2.85516e-07
-1.90028e-05
-3.15667e-07
-2.50313e-05
-9.90889e-07
-3.19883e-05
-1.68242e-06
-4.03905e-05
-2.15585e-06
-5.17863e-05
-7.02725e-05
1.51492e-05
7.72623e-06
1.47692e-05
4.20834e-06
1.42677e-05
4.19523e-07
1.36494e-05
-3.6412e-06
1.28842e-05
-7.98405e-06
1.19179e-05
-1.26615e-05
1.0681e-05
-1.77669e-05
9.09495e-06
-2.34461e-05
7.06703e-06
-2.9961e-05
4.52632e-06
-3.78519e-05
1.63168e-06
-4.88913e-05
-6.86419e-05
2.72096e-05
7.84475e-06
2.68554e-05
4.56193e-06
2.63123e-05
9.61925e-07
2.55817e-05
-2.91147e-06
2.46179e-05
-7.02118e-06
2.33376e-05
-1.1382e-05
2.16189e-05
-1.60489e-05
1.93096e-05
-2.11375e-05
1.61862e-05
-2.68383e-05
1.19765e-05
-3.36415e-05
6.53112e-06
-4.34478e-05
-6.21102e-05
3.91089e-05
7.87622e-06
3.88008e-05
4.86937e-06
3.82724e-05
1.4897e-06
3.75292e-05
-2.16898e-06
3.65213e-05
-6.0139e-06
3.51479e-05
-1.00093e-05
3.32424e-05
-1.41438e-05
3.05825e-05
-1.84778e-05
2.67756e-05
-2.30311e-05
2.13059e-05
-2.81724e-05
1.3219e-05
-3.53596e-05
-4.88904e-05
5.10725e-05
7.97475e-06
5.07311e-05
5.21012e-06
5.02056e-05
2.01458e-06
4.95067e-05
-1.47076e-06
4.85897e-05
-5.09748e-06
4.73553e-05
-8.77533e-06
4.56214e-05
-1.24102e-05
4.31212e-05
-1.59775e-05
3.92933e-05
-1.92031e-05
3.33327e-05
-2.22109e-05
2.25507e-05
-2.45763e-05
-2.63389e-05
6.33029e-05
8.43627e-06
6.27417e-05
5.77094e-06
6.21318e-05
2.62401e-06
6.14882e-05
-8.27461e-07
6.07745e-05
-4.38411e-06
5.9906e-05
-7.90679e-06
5.87262e-05
-1.12303e-05
5.69947e-05
-1.42457e-05
5.41517e-05
-1.63594e-05
4.90528e-05
-1.71112e-05
3.75598e-05
-1.30826e-05
1.12223e-05
7.59018e-05
-2.36836e-06
-7.79238e-05
7.69075e-05
-3.51688e-06
7.70398e-05
-2.56673e-06
7.74709e-05
-9.70441e-07
7.81987e-05
1.33069e-06
7.89587e-05
3.9248e-06
7.9528e-05
6.54953e-06
7.97372e-05
8.97481e-06
7.95135e-05
1.09081e-05
7.88363e-05
1.21882e-05
7.78687e-05
1.23604e-05
1.16292e-05
7.66704e-05
9.68453e-05
-4.78153e-06
-9.4433e-05
9.78922e-05
-4.56468e-06
9.84714e-05
-3.1469e-06
9.86961e-05
-1.19593e-06
9.86974e-05
1.32887e-06
9.84183e-05
4.20338e-06
9.77669e-05
7.20072e-06
9.66714e-05
1.00701e-05
9.51246e-05
1.24548e-05
9.31628e-05
1.41499e-05
9.10336e-05
1.44893e-05
1.38393e-05
8.88231e-05
0.000111824
-6.73222e-06
-0.000109874
0.00011301
-5.75185e-06
0.000113742
-3.88014e-06
0.000113997
-1.45246e-06
0.000113804
1.52131e-06
0.000113126
4.88107e-06
0.000111896
8.43028e-06
0.000110062
1.19037e-05
0.000107627
1.48891e-05
0.000104735
1.70423e-05
0.000101741
1.74829e-05
1.66914e-05
9.88893e-05
0.000124778
-0.000123805
-7.70659e-06
0.000125314
-6.28877e-06
0.000125432
-3.99935e-06
0.000125108
-1.12918e-06
0.000124302
2.32581e-06
0.00012294
6.2427e-06
0.000120949
1.04207e-05
0.000118317
1.45358e-05
0.000115116
1.80896e-05
0.000111708
2.04502e-05
0.00010855
2.06411e-05
0.000106474
1.87663e-05
7.55804e-05
9.51237e-06
7.46487e-05
6.68744e-06
7.39133e-05
3.34342e-06
7.33872e-05
-3.18129e-07
7.30335e-05
-4.04787e-06
7.27728e-05
-7.66406e-06
7.24799e-05
-1.09554e-05
7.19654e-05
-1.37489e-05
7.0982e-05
-1.53919e-05
6.91375e-05
-1.52795e-05
6.79166e-05
-1.18673e-05
1.21185e-06
7.79369e-05
8.71174e-05
1.12179e-05
8.59335e-05
7.87111e-06
8.52894e-05
3.98722e-06
8.51585e-05
-1.87362e-07
8.54689e-05
-4.35825e-06
8.61211e-05
-8.31608e-06
8.69637e-05
-1.17978e-05
8.77178e-05
-1.45028e-05
8.81737e-05
-1.58477e-05
8.80175e-05
-1.51229e-05
8.86776e-05
-1.25271e-05
-4.54769e-06
9.44368e-05
9.71874e-05
1.29193e-05
9.64548e-05
8.60333e-06
9.66135e-05
3.82817e-06
9.73988e-05
-9.72685e-07
9.87786e-05
-5.73807e-06
0.000100611
-1.01489e-05
0.000102639
-1.38256e-05
0.0001044
-1.62631e-05
0.000105639
-1.7087e-05
0.000106166
-1.56503e-05
0.000106788
-1.31489e-05
-7.62855e-06
0.000109869
0.000106453
1.29404e-05
0.000107285
7.77094e-06
0.000109098
2.01471e-06
0.000111614
-3.48821e-06
0.000114509
-8.63257e-06
0.000117355
-1.29953e-05
0.000119835
-1.63048e-05
0.000121598
-1.80261e-05
0.000122535
-1.80237e-05
0.000122767
-1.58818e-05
0.00012262
-1.3002e-05
0.000123793
-8.80224e-06
7.59085e-05
-2.3658e-06
7.69053e-05
-3.5141e-06
7.70293e-05
-2.5704e-06
7.74534e-05
-9.8187e-07
7.81756e-05
1.31595e-06
7.89317e-05
3.90869e-06
7.94986e-05
6.53469e-06
7.97061e-05
8.96303e-06
7.94812e-05
1.08999e-05
7.88027e-05
1.21841e-05
7.78341e-05
1.23601e-05
1.16326e-05
7.66351e-05
9.68449e-05
-4.77454e-06
9.78867e-05
-4.55728e-06
9.84643e-05
-3.14767e-06
9.86864e-05
-1.20484e-06
9.86854e-05
1.31629e-06
9.84044e-05
4.18913e-06
9.77512e-05
7.18761e-06
9.66534e-05
1.00605e-05
9.51039e-05
1.24493e-05
9.3139e-05
1.41487e-05
9.10069e-05
1.4492e-05
1.38452e-05
8.87938e-05
0.000111816
-6.72191e-06
0.000113001
-5.74262e-06
0.000113734
-3.88212e-06
0.00011399
-1.46228e-06
0.000113798
1.5079e-06
0.00011312
4.86658e-06
0.000111889
8.41762e-06
0.000110053
1.18956e-05
0.000107616
1.48865e-05
0.000104719
1.70449e-05
0.000101722
1.74896e-05
1.6701e-05
9.8866e-05
0.000124765
-7.69483e-06
0.000125303
-6.28223e-06
0.000125424
-4.00418e-06
0.000125102
-1.14124e-06
0.000124298
2.31082e-06
0.000122936
6.22768e-06
0.000120944
1.04089e-05
0.000118309
1.45299e-05
0.000115105
1.80904e-05
0.000111693
2.04569e-05
0.000108531
2.06516e-05
0.000106452
1.87787e-05
7.55444e-05
9.51968e-06
7.46125e-05
6.6978e-06
7.38768e-05
3.35797e-06
7.33511e-05
-3.00216e-07
7.29983e-05
-4.0266e-06
7.27392e-05
-7.64026e-06
7.24485e-05
-1.09304e-05
7.19369e-05
-1.37226e-05
7.09567e-05
-1.53666e-05
6.91161e-05
-1.52577e-05
6.78981e-05
-1.18518e-05
1.21259e-06
7.79114e-05
8.70855e-05
1.12277e-05
8.59003e-05
7.88268e-06
8.52552e-05
4.003e-06
8.51242e-05
-1.69202e-07
8.54354e-05
-4.33768e-06
8.60892e-05
-8.29388e-06
8.69338e-05
-1.17748e-05
8.76901e-05
-1.44787e-05
8.81483e-05
-1.58245e-05
8.79945e-05
-1.51032e-05
8.86553e-05
-1.25128e-05
-4.54291e-06
9.44111e-05
9.71606e-05
1.29326e-05
9.64262e-05
8.61675e-06
9.65844e-05
3.84464e-06
9.73696e-05
-9.5441e-07
9.87499e-05
-5.71795e-06
0.000100584
-1.01275e-05
0.000102612
-1.38032e-05
0.000104373
-1.62397e-05
0.000105612
-1.70639e-05
0.00010614
-1.56309e-05
0.000106763
-1.3135e-05
-7.62259e-06
0.000109842
0.00010643
1.29548e-05
0.000107261
7.78558e-06
0.000109074
2.03128e-06
0.00011159
-3.47012e-06
0.000114485
-8.61243e-06
0.00011733
-1.29727e-05
0.000119808
-1.62807e-05
0.00012157
-1.80013e-05
0.000122506
-1.80001e-05
0.000122738
-1.5863e-05
0.000122592
-1.29894e-05
0.000123765
-8.79658e-06
7.58812e-05
-2.36568e-06
7.68769e-05
-3.50838e-06
7.70028e-05
-2.55728e-06
7.74301e-05
-9.63396e-07
7.81564e-05
1.33741e-06
7.8917e-05
3.93167e-06
7.94888e-05
6.55717e-06
7.97017e-05
8.98323e-06
7.94826e-05
1.09168e-05
7.88107e-05
1.21966e-05
7.78484e-05
1.23692e-05
1.16384e-05
7.6655e-05
9.68155e-05
-4.77094e-06
9.78552e-05
-4.54923e-06
9.84312e-05
-3.13441e-06
9.86531e-05
-1.18643e-06
9.86527e-05
1.3369e-06
9.83734e-05
4.2102e-06
9.77231e-05
7.20696e-06
9.66301e-05
1.00758e-05
9.50872e-05
1.24594e-05
9.31305e-05
1.41531e-05
9.10069e-05
1.44925e-05
1.3843e-05
8.88021e-05
0.000111786
-6.71646e-06
0.000112968
-5.73283e-06
0.000113699
-3.86659e-06
0.000113954
-1.44228e-06
0.00011376
1.52948e-06
0.000113082
4.88753e-06
0.000111853
8.43529e-06
0.000110021
1.19071e-05
0.00010759
1.48899e-05
0.000104703
1.70402e-05
0.000101715
1.74801e-05
1.6689e-05
9.88693e-05
0.000124735
-7.68784e-06
0.000125271
-6.27025e-06
0.00012539
-3.98691e-06
0.000125067
-1.12002e-06
0.000124262
2.333e-06
0.0001229
6.24784e-06
0.000120911
1.04236e-05
0.000118282
1.45356e-05
0.000115086
1.80852e-05
0.000111684
2.04419e-05
0.000108533
2.06316e-05
0.000106463
1.87576e-05
7.5569e-05
9.52216e-06
7.464e-05
6.69782e-06
7.39073e-05
3.35147e-06
7.33834e-05
-3.12094e-07
7.30315e-05
-4.04398e-06
7.27723e-05
-7.66334e-06
7.24809e-05
-1.09589e-05
7.19679e-05
-1.37562e-05
7.09855e-05
-1.54032e-05
6.91421e-05
-1.52941e-05
6.79224e-05
-1.18817e-05
1.19878e-06
7.79439e-05
8.71012e-05
1.1223e-05
8.59204e-05
7.87853e-06
8.52801e-05
3.99163e-06
8.51522e-05
-1.8423e-07
8.54654e-05
-4.35716e-06
8.61203e-05
-8.31803e-06
8.69655e-05
-1.18039e-05
8.77216e-05
-1.45121e-05
8.81788e-05
-1.58601e-05
8.80231e-05
-1.5138e-05
8.86836e-05
-1.25419e-05
-4.56171e-06
9.44437e-05
9.7172e-05
1.29199e-05
9.64434e-05
8.60685e-06
9.66042e-05
3.83055e-06
9.73922e-05
-9.72307e-07
9.87755e-05
-5.74041e-06
0.000100612
-1.01544e-05
0.000102643
-1.38346e-05
0.000104405
-1.62743e-05
0.000105645
-1.71001e-05
0.000106172
-1.56651e-05
0.000106794
-1.31637e-05
-7.64255e-06
0.000109874
0.000106444
1.29389e-05
0.000107279
7.77221e-06
0.000109094
2.01504e-06
0.000111612
-3.49018e-06
0.000114509
-8.63735e-06
0.000117358
-1.3003e-05
0.000119839
-1.63153e-05
0.000121603
-1.80379e-05
0.00012254
-1.80368e-05
0.000122771
-1.5896e-05
0.000122624
-1.30163e-05
0.000123796
-8.8156e-06
7.59182e-05
-2.37446e-06
7.69165e-05
-3.51906e-06
7.70421e-05
-2.57119e-06
7.74673e-05
-9.78367e-07
7.819e-05
1.32243e-06
7.89464e-05
3.91795e-06
7.95133e-05
6.54584e-06
7.97208e-05
8.97494e-06
7.94958e-05
1.0912e-05
7.88176e-05
1.21954e-05
7.78492e-05
1.23703e-05
1.16415e-05
7.66505e-05
9.6853e-05
-4.7843e-06
9.78954e-05
-4.56282e-06
9.84732e-05
-3.14876e-06
9.86955e-05
-1.20145e-06
9.86944e-05
1.32292e-06
9.84131e-05
4.19872e-06
9.77594e-05
7.19913e-06
9.66617e-05
1.00724e-05
9.51127e-05
1.24608e-05
9.31489e-05
1.4159e-05
9.10181e-05
1.45009e-05
1.38529e-05
8.88061e-05
0.000111821
-6.73188e-06
0.000113006
-5.748e-06
0.000113739
-3.88273e-06
0.000113995
-1.4583e-06
0.000113802
1.51526e-06
0.000113123
4.87687e-06
0.000111892
8.42961e-06
0.000110056
1.19074e-05
0.00010762
1.48969e-05
0.000104725
1.70534e-05
0.00010173
1.74964e-05
1.67069e-05
9.88757e-05
0.000124768
-7.70415e-06
0.000125305
-6.2869e-06
0.000125426
-4.0041e-06
0.000125103
-1.13665e-06
0.000124298
2.31882e-06
0.000122936
6.23832e-06
0.000120944
1.04207e-05
0.00011831
1.45406e-05
0.000115108
1.80987e-05
0.000111699
2.04628e-05
0.000108539
2.06561e-05
0.000106462
1.87831e-05
7.55602e-05
9.52619e-06
7.46284e-05
6.70236e-06
7.38931e-05
3.35894e-06
7.33675e-05
-3.0206e-07
7.30146e-05
-4.03123e-06
7.2755e-05
-7.64725e-06
7.24638e-05
-1.0939e-05
7.19517e-05
-1.37334e-05
7.09713e-05
-1.53786e-05
6.91303e-05
-1.52698e-05
6.79119e-05
-1.18629e-05
1.21035e-06
8.70992e-05
1.12328e-05
8.59145e-05
7.88677e-06
8.52704e-05
4.00303e-06
8.51398e-05
-1.71493e-07
8.54512e-05
-4.3425e-06
8.61053e-05
-8.30113e-06
8.69507e-05
-1.17842e-05
8.77082e-05
-1.44907e-05
8.81678e-05
-1.58379e-05
8.80152e-05
-1.51165e-05
8.86765e-05
-1.25243e-05
-4.54601e-06
9.71721e-05
1.2936e-05
9.64387e-05
8.61975e-06
9.65974e-05
3.84425e-06
9.73833e-05
-9.57446e-07
9.8765e-05
-5.72407e-06
0.000100601
-1.01371e-05
0.000102633
-1.3816e-05
0.000104398
-1.62554e-05
0.000105641
-1.70808e-05
0.000106171
-1.56466e-05
0.000106793
-1.31465e-05
-7.62697e-06
0.00010644
1.29576e-05
0.000107272
7.7872e-06
0.000109087
2.02949e-06
0.000111606
-3.47562e-06
0.000114504
-8.62254e-06
0.000117355
-1.29882e-05
0.00011984
-1.63e-05
0.000121606
-1.8022e-05
0.000122546
-1.80202e-05
0.000122779
-1.58795e-05
0.000122631
-1.29986e-05
-8.802e-06
-2.49e-05
-7.63187e-06
2.48231e-05
-2.55324e-05
-5.65832e-06
-2.66365e-05
-2.89724e-06
-2.82574e-05
4.89885e-07
-3.04161e-05
4.48282e-06
-3.31175e-05
8.94282e-06
-3.63153e-05
1.36174e-05
-3.98241e-05
1.80438e-05
-4.32681e-05
2.15332e-05
-4.5779e-05
2.29607e-05
-4.68191e-05
2.16811e-05
1.74712e-05
-4.55229e-05
-2.29042e-05
-6.74254e-06
2.2014e-05
-2.43437e-05
-4.22012e-06
-2.62817e-05
-9.60634e-07
-2.87544e-05
2.96131e-06
-3.17519e-05
7.4793e-06
-3.51956e-05
1.23855e-05
-3.88708e-05
1.72919e-05
-4.23568e-05
2.15293e-05
-4.49082e-05
2.40843e-05
-4.58643e-05
2.39167e-05
-4.49287e-05
2.07463e-05
1.38561e-05
-4.13149e-05
-2.19808e-05
-5.32646e-06
2.05624e-05
-2.39215e-05
-2.28114e-06
-2.63563e-05
1.47246e-06
-2.92949e-05
5.89827e-06
-3.26677e-05
1.08505e-05
-3.62901e-05
1.60063e-05
-3.97896e-05
2.07902e-05
-4.2569e-05
2.43079e-05
-4.39479e-05
2.54627e-05
-4.35434e-05
2.35121e-05
-4.08989e-05
1.81014e-05
9.18034e-06
-3.62215e-05
-2.14719e-05
1.97618e-05
-3.61664e-06
-2.36532e-05
-1.00336e-07
-2.62866e-05
4.10517e-06
-2.93463e-05
8.95729e-06
-3.27003e-05
1.42038e-05
-3.60813e-05
1.93867e-05
-3.90439e-05
2.37524e-05
-4.0819e-05
2.60826e-05
-4.08508e-05
2.54942e-05
-3.86992e-05
2.13604e-05
-3.41162e-05
1.35191e-05
-3.04196e-05
5.48189e-06
-4.12219e-05
8.63824e-06
-3.73103e-05
3.8587e-06
-3.34934e-05
-1.80239e-06
-3.00675e-05
-6.91409e-06
-2.72478e-05
-1.14522e-05
-2.52041e-05
-1.50387e-05
-2.40306e-05
-1.74782e-05
-2.36829e-05
-1.83738e-05
-2.40236e-05
-1.7683e-05
-2.45843e-05
-1.53217e-05
-2.51383e-05
-1.2448e-05
-9.10161e-06
-2.48391e-05
-3.44563e-05
1.77971e-06
-2.95769e-05
-1.02102e-06
-2.56616e-05
-5.71762e-06
-2.26093e-05
-9.96612e-06
-2.05051e-05
-1.3556e-05
-1.93108e-05
-1.62326e-05
-1.89534e-05
-1.78353e-05
-1.92742e-05
-1.80527e-05
-2.00427e-05
-1.69146e-05
-2.08695e-05
-1.44943e-05
-2.16209e-05
-1.1697e-05
-8.69074e-06
-2.20323e-05
-2.79806e-05
-6.46301e-06
-2.32808e-05
-5.72133e-06
-2.00846e-05
-8.9139e-06
-1.78116e-05
-1.2239e-05
-1.64598e-05
-1.49076e-05
-1.59067e-05
-1.67856e-05
-1.60466e-05
-1.76953e-05
-1.67106e-05
-1.73887e-05
-1.76823e-05
-1.59429e-05
-1.86824e-05
-1.3495e-05
-1.96604e-05
-1.07188e-05
-7.76754e-06
-2.05837e-05
-2.114e-05
-1.57418e-05
-1.78925e-05
-8.96887e-06
-1.58697e-05
-1.09364e-05
-1.45346e-05
-1.35739e-05
-1.38559e-05
-1.55859e-05
-1.37786e-05
-1.68626e-05
-1.4255e-05
-1.72185e-05
-1.51286e-05
-1.65148e-05
-1.6226e-05
-1.48455e-05
-1.73599e-05
-1.23604e-05
-1.85297e-05
-9.54932e-06
-1.97848e-05
-6.51291e-06
-2.49139e-05
-7.62067e-06
-2.55417e-05
-5.65528e-06
-2.66433e-05
-2.90334e-06
-2.82639e-05
4.77394e-07
-3.04234e-05
4.46856e-06
-3.3127e-05
8.9296e-06
-3.6328e-05
1.36086e-05
-3.98404e-05
1.80413e-05
-4.32874e-05
2.15367e-05
-4.58001e-05
2.29691e-05
-4.68407e-05
2.1692e-05
1.74829e-05
-4.55438e-05
-2.29193e-05
-6.73451e-06
-2.43549e-05
-4.22065e-06
-2.62918e-05
-9.68577e-07
-2.87652e-05
2.94961e-06
-3.1765e-05
7.46698e-06
-3.52119e-05
1.23754e-05
-3.88908e-05
1.72866e-05
-4.23795e-05
2.15292e-05
-4.49315e-05
2.40882e-05
-4.58866e-05
2.3924e-05
-4.49494e-05
2.07555e-05
1.38665e-05
-4.13344e-05
-2.1998e-05
-5.3205e-06
-2.39357e-05
-2.28358e-06
-2.63699e-05
1.46559e-06
-2.93102e-05
5.88812e-06
-3.26856e-05
1.08407e-05
-3.63114e-05
1.59995e-05
-3.98137e-05
2.07875e-05
-4.25939e-05
2.43085e-05
-4.3972e-05
2.54657e-05
-4.35657e-05
2.35173e-05
-4.09189e-05
1.81084e-05
9.18875e-06
-3.62394e-05
-2.14909e-05
-3.61504e-06
-2.36697e-05
-1.05463e-07
-2.63032e-05
4.09696e-06
-2.93644e-05
8.94856e-06
-3.27211e-05
1.41965e-05
-3.61049e-05
1.93826e-05
-3.90691e-05
2.37511e-05
-4.08439e-05
2.60828e-05
-4.0874e-05
2.54953e-05
-3.87199e-05
2.1363e-05
-3.41346e-05
1.35238e-05
-3.04353e-05
5.48759e-06
-4.12422e-05
8.65194e-06
-3.73317e-05
3.87452e-06
-3.35162e-05
-1.78445e-06
-3.00918e-05
-6.89438e-06
-2.72737e-05
-1.14304e-05
-2.52309e-05
-1.50153e-05
-2.40577e-05
-1.74539e-05
-2.37098e-05
-1.83493e-05
-2.40493e-05
-1.76608e-05
-2.46084e-05
-1.53042e-05
-2.51617e-05
-1.24372e-05
-9.09492e-06
-2.48639e-05
-3.44755e-05
1.79314e-06
-2.95974e-05
-1.00391e-06
-2.56833e-05
-5.69849e-06
-2.2632e-05
-9.9455e-06
-2.0528e-05
-1.35342e-05
-1.93332e-05
-1.621e-05
-1.89749e-05
-1.78121e-05
-1.92941e-05
-1.80301e-05
-2.00608e-05
-1.68944e-05
-2.08865e-05
-1.44788e-05
-2.16377e-05
-1.16858e-05
-8.68364e-06
-2.20508e-05
-2.79982e-05
-6.44994e-06
-2.32991e-05
-5.70353e-06
-2.01031e-05
-8.89459e-06
-1.78297e-05
-1.22188e-05
-1.6477e-05
-1.48868e-05
-1.59225e-05
-1.67644e-05
-1.60608e-05
-1.7674e-05
-1.67228e-05
-1.73683e-05
-1.76927e-05
-1.59248e-05
-1.86916e-05
-1.34802e-05
-1.967e-05
-1.0709e-05
-7.7595e-06
-2.0594e-05
-2.11551e-05
-1.57295e-05
-1.79073e-05
-8.95134e-06
-1.58838e-05
-1.09179e-05
-1.45474e-05
-1.35549e-05
-1.38672e-05
-1.55668e-05
-1.37882e-05
-1.68433e-05
-1.42626e-05
-1.71996e-05
-1.51341e-05
-1.64968e-05
-1.62296e-05
-1.48295e-05
-1.73625e-05
-1.23477e-05
-1.85318e-05
-9.53894e-06
-1.97873e-05
-6.50596e-06
-2.49409e-05
-7.61279e-06
-2.55702e-05
-5.64322e-06
-2.66724e-05
-2.88698e-06
-2.82918e-05
4.97039e-07
-3.04486e-05
4.48771e-06
-3.31474e-05
8.9447e-06
-3.63409e-05
1.36156e-05
-3.98436e-05
1.8037e-05
-4.32794e-05
2.15202e-05
-4.57827e-05
2.29447e-05
-4.68181e-05
2.16669e-05
1.74605e-05
-4.55192e-05
-2.29392e-05
-6.72583e-06
-2.43752e-05
-4.20889e-06
-2.63106e-05
-9.53335e-07
-2.87809e-05
2.96561e-06
-3.17753e-05
7.48051e-06
-3.52143e-05
1.23824e-05
-3.88831e-05
1.72833e-05
-4.23609e-05
2.1514e-05
-4.49044e-05
2.4063e-05
-4.58553e-05
2.38953e-05
-4.49149e-05
2.07275e-05
1.38451e-05
-4.13013e-05
-2.20089e-05
-5.31275e-06
-2.39457e-05
-2.27402e-06
-2.63775e-05
1.47623e-06
-2.93129e-05
5.89886e-06
-3.26813e-05
1.08468e-05
-3.62977e-05
1.5997e-05
-3.97901e-05
2.07741e-05
-4.25625e-05
2.42853e-05
-4.39358e-05
2.54354e-05
-4.35258e-05
2.3485e-05
-4.08779e-05
1.80792e-05
9.17251e-06
-3.62028e-05
-2.14929e-05
-3.60799e-06
-2.367e-05
-9.79925e-08
-2.62997e-05
4.10483e-06
-2.93552e-05
8.95326e-06
-3.27041e-05
1.41947e-05
-3.60789e-05
1.93709e-05
-3.90351e-05
2.37297e-05
-4.08044e-05
2.60539e-05
-4.08314e-05
2.54619e-05
-3.86775e-05
2.13306e-05
-3.4096e-05
1.34986e-05
-3.03995e-05
5.47341e-06
-4.12206e-05
8.63878e-06
-3.73099e-05
3.86073e-06
-3.34928e-05
-1.80232e-06
-3.00658e-05
-6.91712e-06
-2.72447e-05
-1.14582e-05
-2.52002e-05
-1.50474e-05
-2.40263e-05
-1.74891e-05
-2.36787e-05
-1.83856e-05
-2.40198e-05
-1.76957e-05
-2.45816e-05
-1.5335e-05
-2.51365e-05
-1.24613e-05
-9.11363e-06
-2.48387e-05
-3.44497e-05
1.78744e-06
-2.95731e-05
-1.01622e-06
-2.56586e-05
-5.71684e-06
-2.26059e-05
-9.9695e-06
-2.0501e-05
-1.35628e-05
-1.93062e-05
-1.62419e-05
-1.89488e-05
-1.78461e-05
-1.92701e-05
-1.80641e-05
-2.00395e-05
-1.69263e-05
-2.08675e-05
-1.45064e-05
-2.16204e-05
-1.17088e-05
-8.70133e-06
-2.20332e-05
-2.79714e-05
-6.44639e-06
-2.32754e-05
-5.71291e-06
-2.00803e-05
-8.91209e-06
-1.78072e-05
-1.22425e-05
-1.6455e-05
-1.49149e-05
-1.59016e-05
-1.67951e-05
-1.60418e-05
-1.77058e-05
-1.67066e-05
-1.73994e-05
-1.76793e-05
-1.59536e-05
-1.86809e-05
-1.35056e-05
-1.96605e-05
-1.07291e-05
-7.7767e-06
-2.05852e-05
-2.11311e-05
-1.57135e-05
-1.78868e-05
-8.95725e-06
-1.58649e-05
-1.09337e-05
-1.45297e-05
-1.35773e-05
-1.38508e-05
-1.55934e-05
-1.37735e-05
-1.68721e-05
-1.42503e-05
-1.72287e-05
-1.51248e-05
-1.65246e-05
-1.62234e-05
-1.48549e-05
-1.73588e-05
-1.23695e-05
-1.85302e-05
-9.55803e-06
-1.97867e-05
-6.52073e-06
-2.49144e-05
-7.62909e-06
-2.55427e-05
-5.65949e-06
-2.66445e-05
-2.90313e-06
-2.82647e-05
4.81691e-07
-3.04236e-05
4.47593e-06
-3.3126e-05
8.93901e-06
-3.63249e-05
1.36183e-05
-3.98348e-05
1.80495e-05
-4.32793e-05
2.15425e-05
-4.57903e-05
2.29732e-05
-4.68303e-05
2.16959e-05
1.74868e-05
-4.55328e-05
-2.29211e-05
-6.7421e-06
-2.4357e-05
-4.22464e-06
-2.62935e-05
-9.68737e-07
-2.8766e-05
2.95295e-06
-3.17642e-05
7.47281e-06
-3.52088e-05
1.23825e-05
-3.88849e-05
1.72934e-05
-4.23708e-05
2.15347e-05
-4.4921e-05
2.40922e-05
-4.58755e-05
2.39274e-05
-4.49375e-05
2.07586e-05
1.38685e-05
-4.13206e-05
-2.20003e-05
-5.32731e-06
-2.39382e-05
-2.28748e-06
-2.63718e-05
1.46482e-06
-2.93107e-05
5.89005e-06
-3.2684e-05
1.08443e-05
-3.63067e-05
1.60036e-05
-3.9806e-05
2.07913e-05
-4.25838e-05
2.43116e-05
-4.39606e-05
2.54683e-05
-4.3553e-05
2.35196e-05
-4.09046e-05
1.81099e-05
9.18873e-06
-3.62231e-05
-2.14935e-05
-3.62113e-06
-2.36725e-05
-1.09326e-07
-2.63052e-05
4.09543e-06
-2.93648e-05
8.94888e-06
-3.2719e-05
1.41977e-05
-3.60996e-05
1.93834e-05
-3.90609e-05
2.37519e-05
-4.08337e-05
2.60839e-05
-4.08621e-05
2.54962e-05
-3.87063e-05
2.13636e-05
-3.41196e-05
1.35238e-05
-3.04178e-05
5.48517e-06
-4.12291e-05
8.65268e-06
-3.7314e-05
3.87157e-06
-3.34931e-05
-1.79165e-06
-3.00627e-05
-6.90589e-06
-2.72388e-05
-1.14463e-05
-2.51912e-05
-1.50356e-05
-2.40144e-05
-1.74768e-05
-2.36651e-05
-1.83714e-05
-2.40053e-05
-1.76803e-05
-2.4567e-05
-1.53182e-05
-2.51229e-05
-1.24438e-05
-9.10208e-06
-3.44581e-05
1.79024e-06
-2.95745e-05
-1.01233e-06
-2.56548e-05
-5.7113e-06
-2.2598e-05
-9.96242e-06
-2.0489e-05
-1.3555e-05
-1.92915e-05
-1.62329e-05
-1.89321e-05
-1.78361e-05
-1.92516e-05
-1.80519e-05
-2.00199e-05
-1.69122e-05
-2.0848e-05
-1.44904e-05
-2.16011e-05
-1.16906e-05
-8.69037e-06
-2.79787e-05
-6.45594e-06
-2.32749e-05
-5.7166e-06
-2.00747e-05
-8.91163e-06
-1.77978e-05
-1.22393e-05
-1.64425e-05
-1.49102e-05
-1.58861e-05
-1.67892e-05
-1.60237e-05
-1.76986e-05
-1.66859e-05
-1.73899e-05
-1.7657e-05
-1.59414e-05
-1.86576e-05
-1.34901e-05
-1.96374e-05
-1.07123e-05
-7.7653e-06
-2.1136e-05
-1.57372e-05
-1.78851e-05
-8.96742e-06
-1.58591e-05
-1.09375e-05
-1.45207e-05
-1.35775e-05
-1.38388e-05
-1.55919e-05
-1.37584e-05
-1.68695e-05
-1.42322e-05
-1.72248e-05
-1.51038e-05
-1.65184e-05
-1.62e-05
-1.48453e-05
-1.73339e-05
-1.23565e-05
-1.85044e-05
-9.54124e-06
-6.50905e-06
-2.09764e-05
-1.81413e-06
1.91722e-05
-2.31705e-05
2.09268e-06
-2.5735e-05
6.66848e-06
-2.86086e-05
1.18297e-05
-3.16094e-05
1.72032e-05
-3.44321e-05
2.22081e-05
-3.64647e-05
2.5784e-05
-3.69287e-05
2.65459e-05
-3.52067e-05
2.37716e-05
-3.02914e-05
1.64448e-05
-2.05213e-05
3.74823e-06
-1.50392e-05
-2.02727e-05
-8.47553e-08
1.8544e-05
-2.22812e-05
4.10127e-06
-2.45404e-05
8.92773e-06
-2.69578e-05
1.42469e-05
-2.93119e-05
1.95571e-05
-3.12425e-05
2.41383e-05
-3.21021e-05
2.66434e-05
-3.12678e-05
2.57115e-05
-2.76762e-05
2.01797e-05
-1.99173e-05
8.68561e-06
-8.61709e-06
-7.55269e-06
-2.36589e-05
-1.92706e-05
1.43076e-06
1.77541e-05
-2.09326e-05
5.76278e-06
-2.26971e-05
1.06914e-05
-2.44497e-05
1.59986e-05
-2.59554e-05
2.10617e-05
-2.68488e-05
2.50307e-05
-2.65806e-05
2.63744e-05
-2.45642e-05
2.36944e-05
-1.99172e-05
1.55322e-05
-1.2411e-05
1.17874e-06
-4.45538e-06
-1.55097e-05
-2.81148e-05
-1.79704e-05
2.63516e-06
1.6767e-05
-1.91722e-05
6.96516e-06
-2.03143e-05
1.18339e-05
-2.12774e-05
1.6962e-05
-2.18455e-05
2.16296e-05
-2.16867e-05
2.4872e-05
-2.04495e-05
2.51372e-05
-1.76825e-05
2.09274e-05
-1.31332e-05
1.09828e-05
-7.80137e-06
-4.15356e-06
-3.31736e-06
-1.99946e-05
-3.14337e-05
-1.64303e-05
3.46405e-06
1.56009e-05
-1.71086e-05
7.64324e-06
-1.75681e-05
1.22929e-05
-1.77008e-05
1.70938e-05
-1.73366e-05
2.12646e-05
-1.6249e-05
2.37835e-05
-1.42682e-05
2.31559e-05
-1.12575e-05
1.7916e-05
-7.47404e-06
7.19906e-06
-4.09002e-06
-7.53813e-06
-1.61754e-06
-2.24683e-05
-3.30522e-05
-1.47356e-05
3.89667e-06
1.43043e-05
-1.4875e-05
7.78312e-06
-1.46514e-05
1.20696e-05
-1.39803e-05
1.64228e-05
-1.27602e-05
2.00448e-05
-1.08938e-05
2.19173e-05
-8.41629e-06
2.06787e-05
-5.49938e-06
1.49992e-05
-2.64531e-06
4.34504e-06
-7.6404e-07
-9.41972e-06
9.62077e-08
-2.33293e-05
-3.2957e-05
-1.29768e-05
3.93878e-06
1.29346e-05
-1.25994e-05
7.40581e-06
-1.17343e-05
1.12039e-05
-1.03271e-05
1.50154e-05
-8.35643e-06
1.80734e-05
-5.85759e-06
1.94182e-05
-3.05992e-06
1.78804e-05
-3.61808e-07
1.2301e-05
1.66859e-06
2.31417e-06
2.37387e-06
-1.01254e-05
1.91284e-06
-2.28693e-05
-3.10452e-05
-1.12328e-05
3.62645e-06
1.15463e-05
-1.03885e-05
6.56153e-06
-8.95017e-06
9.76552e-06
-6.89421e-06
1.29592e-05
-4.27826e-06
1.54577e-05
-1.25891e-06
1.63987e-05
1.77339e-06
1.48486e-05
4.27091e-06
9.80318e-06
5.66542e-06
9.19885e-07
5.37935e-06
-9.83969e-06
3.55504e-06
-2.10456e-05
-2.7491e-05
-9.56066e-06
3.00878e-06
1.01774e-05
-8.31709e-06
5.31917e-06
-6.38767e-06
7.83446e-06
-3.77354e-06
1.03467e-05
-6.02216e-07
1.22843e-05
2.8712e-06
1.29274e-05
6.12624e-06
1.15912e-05
8.51231e-06
7.41901e-06
9.45512e-06
-2.48863e-08
8.28626e-06
-8.67033e-06
5.09664e-06
-1.78576e-05
-2.23948e-05
-7.98008e-06
2.15354e-06
8.83635e-06
-6.41574e-06
3.75496e-06
-4.08002e-06
5.49845e-06
-9.9204e-07
7.25901e-06
2.67098e-06
8.62127e-06
6.5736e-06
9.02529e-06
1.00917e-05
8.07307e-06
1.24693e-05
5.04147e-06
1.31172e-05
-6.73169e-07
1.11101e-05
-6.66371e-06
6.4275e-06
-1.3176e-05
-1.59682e-05
-6.41459e-06
1.12795e-06
7.44325e-06
-4.6098e-06
1.95111e-06
-1.9534e-06
2.84159e-06
1.53508e-06
3.7718e-06
5.65432e-06
4.5021e-06
9.99012e-06
4.69089e-06
1.38438e-05
4.2192e-06
1.63093e-05
2.57638e-06
1.67033e-05
-1.06797e-06
1.3804e-05
-3.76497e-06
7.70278e-06
-7.07606e-06
-8.26728e-06
-4.37667e-06
5.50607e-06
-2.42569e-06
4.16223e-07
4.18799e-06
8.69042e-06
1.33812e-05
1.76005e-05
2.01768e-05
1.91087e-05
1.53436e-05
8.26728e-06
-1.22122e-05
-3.53081e-06
-1.30314e-05
-8.1496e-06
-1.2548e-05
-1.14197e-05
-1.21274e-05
-1.39943e-05
-1.20179e-05
-1.56952e-05
-1.23315e-05
-1.65489e-05
-1.30546e-05
-1.64952e-05
-1.40741e-05
-1.54953e-05
-1.52583e-05
-1.36612e-05
-1.64847e-05
-1.11348e-05
-1.77737e-05
-8.26009e-06
-5.09082e-06
-1.91957e-05
-7.24467e-06
3.71579e-06
-9.5162e-06
-5.87771e-06
-1.00252e-05
-1.09103e-05
-1.02789e-05
-1.37401e-05
-1.06258e-05
-1.53479e-05
-1.12441e-05
-1.59302e-05
-1.21559e-05
-1.55831e-05
-1.32819e-05
-1.43689e-05
-1.45227e-05
-1.24203e-05
-1.5794e-05
-9.86264e-06
-1.71204e-05
-6.93392e-06
-3.64587e-06
-1.85657e-05
-4.79394e-06
8.51057e-06
-7.03039e-06
-3.64087e-06
-8.08741e-06
-9.85293e-06
-8.79233e-06
-1.30349e-05
-9.47818e-06
-1.46619e-05
-1.03326e-05
-1.50756e-05
-1.13912e-05
-1.45244e-05
-1.25953e-05
-1.31647e-05
-1.38646e-05
-1.1151e-05
-1.51348e-05
-8.59303e-06
-1.64218e-05
-5.64648e-06
-2.29497e-06
-1.77725e-05
-3.21839e-06
1.17313e-05
-5.22092e-06
-1.63783e-06
-6.5184e-06
-8.55499e-06
-7.50926e-06
-1.20437e-05
-8.44649e-06
-1.37242e-05
-9.48653e-06
-1.40352e-05
-1.06626e-05
-1.33479e-05
-1.19239e-05
-1.19031e-05
-1.31984e-05
-9.87619e-06
-1.44273e-05
-7.36327e-06
-1.56131e-05
-4.46081e-06
-1.12777e-06
-1.67804e-05
-2.08432e-06
1.38174e-05
-3.75825e-06
3.66919e-08
-5.13833e-06
-7.17448e-06
-6.31346e-06
-1.08682e-05
-7.44471e-06
-1.25927e-05
-8.63787e-06
-1.28418e-05
-9.91354e-06
-1.20721e-05
-1.1219e-05
-1.05975e-05
-1.24822e-05
-8.61283e-06
-1.36415e-05
-6.20426e-06
-1.46823e-05
-3.41955e-06
-2.00956e-07
-1.56087e-05
-1.09085e-06
1.49101e-05
-2.42792e-06
1.37434e-06
-3.81347e-06
-5.78851e-06
-5.11937e-06
-9.56186e-06
-6.41398e-06
-1.12977e-05
-7.74464e-06
-1.15107e-05
-9.11271e-06
-1.07037e-05
-1.04572e-05
-9.25256e-06
-1.17013e-05
-7.36841e-06
-1.27753e-05
-5.12946e-06
-1.36482e-05
-2.54651e-06
4.56769e-07
-1.43059e-05
-1.02623e-07
1.50148e-05
-1.09676e-06
2.36913e-06
-2.44914e-06
-4.43558e-06
-3.86446e-06
-8.14619e-06
-5.31355e-06
-9.84821e-06
-6.78077e-06
-1.00432e-05
-8.24368e-06
-9.24038e-06
-9.62957e-06
-7.8665e-06
-1.08553e-05
-6.14224e-06
-1.18418e-05
-4.1431e-06
-1.25428e-05
-1.84495e-06
8.44897e-07
-1.29305e-05
9.36752e-07
1.40798e-05
3.08557e-07
2.99805e-06
-9.81384e-07
-3.14517e-06
-2.50309e-06
-6.62395e-06
-4.11384e-06
-8.2371e-06
-5.72883e-06
-8.42772e-06
-7.29716e-06
-7.67177e-06
-8.73269e-06
-6.43037e-06
-9.94817e-06
-4.92649e-06
-1.08563e-05
-3.23415e-06
-1.13984e-05
-1.30244e-06
9.83541e-07
-1.15368e-05
2.02999e-06
1.20524e-05
1.81751e-06
3.21099e-06
6.31632e-07
-1.95825e-06
-9.99172e-07
-4.99321e-06
-2.78818e-06
-6.44683e-06
-4.57235e-06
-6.64386e-06
-6.2632e-06
-5.97949e-06
-7.76101e-06
-4.93322e-06
-8.97893e-06
-3.7068e-06
-9.82721e-06
-2.3868e-06
-1.02367e-05
-8.92345e-07
9.1076e-07
-1.01635e-05
3.17362e-06
8.88164e-06
3.42341e-06
2.96249e-06
2.41631e-06
-9.5007e-07
6.90845e-07
-3.26679e-06
-1.29295e-06
-4.46195e-06
-3.27771e-06
-4.65809e-06
-5.11648e-06
-4.13965e-06
-6.68997e-06
-3.35877e-06
-7.925e-06
-2.47058e-06
-8.73792e-06
-1.57377e-06
-9.05275e-06
-5.77364e-07
6.773e-07
-8.81879e-06
4.25311e-06
4.63274e-06
5.09074e-06
2.12724e-06
4.41122e-06
-2.67944e-07
2.67341e-06
-1.52698e-06
5.03048e-07
-2.28882e-06
-1.73594e-06
-2.41635e-06
-3.76438e-06
-2.10764e-06
-5.42273e-06
-1.69783e-06
-6.6801e-06
-1.21033e-06
-7.48444e-06
-7.69109e-07
-7.75546e-06
-3.05931e-07
3.4462e-07
-7.42186e-06
4.6333e-06
6.76108e-06
6.49355e-06
4.96711e-06
2.67882e-06
2.63279e-07
-1.84377e-06
-3.54089e-06
-4.75115e-06
-5.52018e-06
-5.82591e-06
-5.4812e-06
-2.09957e-05
-1.81508e-06
-2.31878e-05
2.08632e-06
-2.57522e-05
6.66179e-06
-2.86274e-05
1.18225e-05
-3.16306e-05
1.71984e-05
-3.44554e-05
2.22061e-05
-3.64885e-05
2.57832e-05
-3.69514e-05
2.65448e-05
-3.52264e-05
2.37697e-05
-3.03076e-05
1.64438e-05
-2.05337e-05
3.74935e-06
-1.50453e-05
-2.02906e-05
-9.06144e-08
-2.22973e-05
4.09258e-06
-2.45567e-05
8.91936e-06
-2.69752e-05
1.42408e-05
-2.93309e-05
1.95537e-05
-3.12624e-05
2.41374e-05
-3.21215e-05
2.6642e-05
-3.12853e-05
2.57084e-05
-2.76898e-05
2.01739e-05
-1.99257e-05
8.67934e-06
-8.61965e-06
-7.55709e-06
-2.36673e-05
-1.92853e-05
1.42238e-06
-2.09462e-05
5.75331e-06
-2.27103e-05
1.06843e-05
-2.44637e-05
1.59932e-05
-2.59701e-05
2.10593e-05
-2.68636e-05
2.503e-05
-2.65945e-05
2.6372e-05
-2.45756e-05
2.36887e-05
-1.99247e-05
1.55225e-05
-1.24145e-05
1.16854e-06
-4.45564e-06
-1.55168e-05
-2.81225e-05
-1.79808e-05
2.62244e-06
-1.91818e-05
6.95392e-06
-2.03238e-05
1.1825e-05
-2.12872e-05
1.69566e-05
-2.18552e-05
2.16273e-05
-2.1696e-05
2.48708e-05
-2.04577e-05
2.51336e-05
-1.76885e-05
2.09194e-05
-1.31368e-05
1.09705e-05
-7.80323e-06
-4.16537e-06
-3.31763e-06
-2.0003e-05
-3.14417e-05
-1.64356e-05
3.44952e-06
-1.71137e-05
7.63213e-06
-1.75732e-05
1.2285e-05
-1.77059e-05
1.70887e-05
-1.73414e-05
2.12623e-05
-1.62532e-05
2.37817e-05
-1.42715e-05
2.31514e-05
-1.12596e-05
1.79067e-05
-7.47537e-06
7.18596e-06
-4.09104e-06
-7.55011e-06
-1.61773e-06
-2.24771e-05
-3.30597e-05
-1.47357e-05
3.87912e-06
-1.48755e-05
7.77168e-06
-1.46521e-05
1.20606e-05
-1.39811e-05
1.64177e-05
-1.27607e-05
2.0042e-05
-1.08938e-05
2.19149e-05
-8.41585e-06
2.06736e-05
-5.49876e-06
1.49896e-05
-2.6451e-06
4.33226e-06
-7.64223e-07
-9.43125e-06
9.6443e-08
-2.33383e-05
-3.29643e-05
-1.29718e-05
3.92071e-06
-1.25957e-05
7.39556e-06
-1.17309e-05
1.11961e-05
-1.0324e-05
1.50107e-05
-8.35323e-06
1.80707e-05
-5.85412e-06
1.94157e-05
-3.05659e-06
1.78755e-05
-3.59086e-07
1.2292e-05
1.67019e-06
2.3025e-06
2.37461e-06
-1.01359e-05
1.91346e-06
-2.2878e-05
-3.10514e-05
-1.12235e-05
3.60748e-06
-1.03812e-05
6.5532e-06
-8.94344e-06
9.7582e-06
-6.88788e-06
1.2955e-05
-4.272e-06
1.54551e-05
-1.25269e-06
1.63962e-05
1.77903e-06
1.48443e-05
4.27541e-06
9.79531e-06
5.66836e-06
9.09879e-07
5.38099e-06
-9.84888e-06
3.55608e-06
-2.10535e-05
-2.74962e-05
-9.54789e-06
2.99208e-06
-8.30712e-06
5.31245e-06
-6.37825e-06
7.82924e-06
-3.76469e-06
1.0343e-05
-5.9355e-07
1.22822e-05
2.87963e-06
1.29255e-05
6.13373e-06
1.15877e-05
8.51841e-06
7.41294e-06
9.45928e-06
-3.31188e-08
8.28869e-06
-8.67768e-06
5.09796e-06
-1.78643e-05
-2.23985e-05
-7.96554e-06
2.13904e-06
-6.40413e-06
3.75089e-06
-4.06895e-06
5.49512e-06
-9.8142e-07
7.25651e-06
2.68137e-06
8.61988e-06
6.58367e-06
9.02407e-06
1.01007e-05
8.07087e-06
1.24768e-05
5.03724e-06
1.31224e-05
-6.79109e-07
1.11132e-05
-6.66881e-06
6.42904e-06
-1.3181e-05
-1.59704e-05
-6.39962e-06
1.11714e-06
-4.59782e-06
1.94949e-06
-1.94153e-06
2.84139e-06
1.54668e-06
3.77146e-06
5.66579e-06
4.50198e-06
1.00014e-05
4.69076e-06
1.3854e-05
4.21844e-06
1.63179e-05
2.57428e-06
1.67093e-05
-1.07116e-06
1.38074e-05
-3.76739e-06
7.7043e-06
-7.079e-06
-8.26792e-06
-4.36401e-06
-2.414e-06
4.28162e-07
4.19986e-06
8.70236e-06
1.33931e-05
1.76118e-05
2.01859e-05
1.91147e-05
1.53472e-05
8.26792e-06
-1.22226e-05
-3.50823e-06
-1.30422e-05
-8.13182e-06
-1.25577e-05
-1.14023e-05
-1.21356e-05
-1.39769e-05
-1.20245e-05
-1.56779e-05
-1.23361e-05
-1.65317e-05
-1.3057e-05
-1.64787e-05
-1.40742e-05
-1.54798e-05
-1.52566e-05
-1.36474e-05
-1.64815e-05
-1.1123e-05
-1.777e-05
-8.25203e-06
-5.08419e-06
-1.91911e-05
-7.25072e-06
3.74451e-06
-9.52314e-06
-5.85909e-06
-1.00311e-05
-1.0894e-05
-1.02835e-05
-1.37243e-05
-1.06288e-05
-1.53324e-05
-1.12451e-05
-1.59153e-05
-1.21545e-05
-1.55692e-05
-1.32782e-05
-1.43561e-05
-1.45169e-05
-1.24088e-05
-1.57868e-05
-9.85335e-06
-1.71117e-05
-6.92609e-06
-3.64162e-06
-1.85559e-05
-4.79726e-06
8.54247e-06
-7.03428e-06
-3.62174e-06
-8.09051e-06
-9.83751e-06
-8.79423e-06
-1.30204e-05
-9.47856e-06
-1.4648e-05
-1.0331e-05
-1.50629e-05
-1.13872e-05
-1.45131e-05
-1.25889e-05
-1.31546e-05
-1.38561e-05
-1.11419e-05
-1.51243e-05
-8.58518e-06
-1.64101e-05
-5.64165e-06
-2.2919e-06
-1.77588e-05
-3.22e-06
1.17647e-05
-5.22243e-06
-1.61882e-06
-6.51928e-06
-8.54031e-06
-7.50916e-06
-1.20302e-05
-8.44501e-06
-1.37119e-05
-9.4831e-06
-1.40247e-05
-1.06569e-05
-1.33393e-05
-1.19158e-05
-1.18956e-05
-1.3188e-05
-9.86954e-06
-1.44152e-05
-7.35802e-06
-1.5599e-05
-4.45673e-06
-1.12745e-06
-1.67647e-05
-2.08419e-06
1.38506e-05
-3.75784e-06
5.5335e-08
-5.13738e-06
-7.16041e-06
-6.31172e-06
-1.08557e-05
-7.44173e-06
-1.25819e-05
-8.63306e-06
-1.28333e-05
-9.90646e-06
-1.2066e-05
-1.12096e-05
-1.05925e-05
-1.24707e-05
-8.60855e-06
-1.36281e-05
-6.20054e-06
-1.46674e-05
-3.4184e-06
-2.01909e-07
-1.55918e-05
-1.08933e-06
1.49417e-05
-2.4258e-06
1.39234e-06
-3.8108e-06
-5.77506e-06
-5.11604e-06
-9.55018e-06
-6.40955e-06
-1.12882e-05
-7.73854e-06
-1.15043e-05
-9.10449e-06
-1.07e-05
-1.04469e-05
-9.25e-06
-1.16891e-05
-7.36619e-06
-1.27615e-05
-5.12791e-06
-1.36327e-05
-2.54605e-06
4.53616e-07
-1.4289e-05
-9.97998e-08
1.50436e-05
-1.09296e-06
2.38608e-06
-2.44467e-06
-4.42283e-06
-3.85935e-06
-8.13531e-06
-5.30746e-06
-9.83979e-06
-6.77322e-06
-1.00385e-05
-8.23425e-06
-9.2388e-06
-9.61832e-06
-7.86601e-06
-1.08424e-05
-6.14176e-06
-1.18275e-05
-4.14261e-06
-1.25275e-05
-1.84654e-06
8.4101e-07
-1.29139e-05
9.4082e-07
1.41045e-05
3.14126e-07
3.01348e-06
-9.74858e-07
-3.13349e-06
-2.49581e-06
-6.61392e-06
-4.10569e-06
-8.22983e-06
-5.71947e-06
-8.42437e-06
-7.28625e-06
-7.67204e-06
-8.72036e-06
-6.43146e-06
-9.93457e-06
-4.92731e-06
-1.08418e-05
-3.23479e-06
-1.13832e-05
-1.30444e-06
9.78704e-07
-1.15208e-05
2.03526e-06
1.20721e-05
1.82493e-06
3.22404e-06
6.40547e-07
-1.94784e-06
-9.89304e-07
-4.98459e-06
-2.77734e-06
-6.44022e-06
-4.56069e-06
-6.64195e-06
-6.25037e-06
-5.98061e-06
-7.74736e-06
-4.93575e-06
-8.96438e-06
-3.70815e-06
-9.81224e-06
-2.38807e-06
-1.02215e-05
-8.94842e-07
9.05665e-07
-1.0148e-05
3.18003e-06
8.89494e-06
3.43275e-06
2.9726e-06
2.42781e-06
-9.41836e-07
7.03922e-07
-3.25989e-06
-1.27876e-06
-4.45665e-06
-3.26297e-06
-4.65707e-06
-5.10131e-06
-4.14142e-06
-6.67461e-06
-3.3618e-06
-7.90926e-06
-2.47214e-06
-8.72216e-06
-1.57499e-06
-9.03731e-06
-5.7967e-07
6.73164e-07
-8.80325e-06
4.26009e-06
4.63914e-06
5.1018e-06
2.1332e-06
4.42539e-06
-2.62854e-07
2.69011e-06
-1.52301e-06
5.21541e-07
-2.28576e-06
-1.7172e-06
-2.41655e-06
-3.74616e-06
-2.10947e-06
-5.40541e-06
-1.70064e-06
-6.66289e-06
-1.21133e-06
-7.46756e-06
-7.69793e-07
-7.7393e-06
-3.0711e-07
3.43267e-07
-7.40585e-06
4.63968e-06
6.77343e-06
6.5109e-06
4.98835e-06
2.70292e-06
2.87054e-07
-1.82202e-06
-3.52183e-06
-4.73303e-06
-5.5027e-06
-5.80907e-06
-5.46484e-06
-2.09899e-05
-1.81054e-06
-2.31795e-05
2.09008e-06
-2.57397e-05
6.66348e-06
-2.86087e-05
1.18206e-05
-3.16039e-05
1.71883e-05
-3.44202e-05
2.21858e-05
-3.64471e-05
2.57554e-05
-3.69076e-05
2.65134e-05
-3.51847e-05
2.37382e-05
-3.02733e-05
1.64186e-05
-2.05115e-05
3.73561e-06
-1.50375e-05
-2.02789e-05
-8.78596e-08
-2.22826e-05
4.09354e-06
-2.45374e-05
8.91771e-06
-2.69499e-05
1.42327e-05
-2.92986e-05
1.95365e-05
-3.12239e-05
2.41108e-05
-3.20797e-05
2.66109e-05
-3.12443e-05
2.56775e-05
-2.76557e-05
2.0149e-05
-1.99055e-05
8.66754e-06
-8.61458e-06
-7.55638e-06
-2.36558e-05
-1.92694e-05
1.42196e-06
-2.09271e-05
5.75028e-06
-2.26872e-05
1.06767e-05
-2.44354e-05
1.59798e-05
-2.59365e-05
2.10365e-05
-2.68262e-05
2.49996e-05
-2.65562e-05
2.63399e-05
-2.4541e-05
2.36615e-05
-1.98999e-05
1.5507e-05
-1.24034e-05
1.16985e-06
-4.45444e-06
-1.55075e-05
-2.81108e-05
-1.79626e-05
2.62021e-06
-1.91608e-05
6.94848e-06
-2.02991e-05
1.18152e-05
-2.12588e-05
1.69395e-05
-2.18235e-05
2.16013e-05
-2.1663e-05
2.4839e-05
-2.04257e-05
2.51026e-05
-1.7662e-05
2.08975e-05
-1.31195e-05
1.0964e-05
-7.79478e-06
-4.15589e-06
-3.31474e-06
-1.99892e-05
-3.14279e-05
-1.64166e-05
3.44454e-06
-1.70924e-05
7.62374e-06
-1.75493e-05
1.22715e-05
-1.76798e-05
1.70693e-05
-1.73139e-05
2.12347e-05
-1.62262e-05
2.37508e-05
-1.42471e-05
2.31227e-05
-1.12409e-05
1.78907e-05
-7.46349e-06
7.18577e-06
-4.08413e-06
-7.53629e-06
-1.61436e-06
-2.24606e-05
-3.30435e-05
-1.4717e-05
3.87292e-06
-1.48552e-05
7.76234e-06
-1.46302e-05
1.20468e-05
-1.39585e-05
1.63981e-05
-1.27384e-05
2.00148e-05
-1.08737e-05
2.18864e-05
-8.399e-06
2.0648e-05
-5.48689e-06
1.49787e-05
-2.63738e-06
4.33595e-06
-7.59189e-07
-9.41508e-06
9.91383e-08
-2.33202e-05
-3.2946e-05
-1.2954e-05
3.91319e-06
-1.25771e-05
7.38518e-06
-1.17119e-05
1.11817e-05
-1.03058e-05
1.49916e-05
-8.33648e-06
1.80455e-05
-5.84092e-06
1.93902e-05
-3.04659e-06
1.78537e-05
-3.53233e-07
1.22846e-05
1.67402e-06
2.30837e-06
2.37717e-06
-1.01195e-05
1.91492e-06
-2.28593e-05
-3.10328e-05
-1.12068e-05
3.59949e-06
-1.03644e-05
6.54334e-06
-8.92733e-06
9.74473e-06
-6.87386e-06
1.29386e-05
-4.26061e-06
1.54321e-05
-1.24563e-06
1.63758e-05
1.78285e-06
1.48248e-05
4.27594e-06
9.79203e-06
5.66823e-06
9.15451e-07
5.38087e-06
-9.83236e-06
3.55616e-06
-2.10358e-05
-2.74782e-05
-9.53198e-06
2.98507e-06
-8.29216e-06
5.30259e-06
-6.36454e-06
7.81891e-06
-3.75477e-06
1.03271e-05
-5.86336e-07
1.22664e-05
2.88074e-06
1.29057e-05
6.13282e-06
1.15762e-05
8.51357e-06
7.40766e-06
9.4557e-06
-2.47863e-08
8.28555e-06
-8.66542e-06
5.09673e-06
-1.7848e-05
-2.23836e-05
-7.95014e-06
2.13357e-06
-6.39005e-06
3.74353e-06
-4.0574e-06
5.48742e-06
-9.74103e-07
7.24479e-06
2.68447e-06
8.60891e-06
6.58077e-06
9.00973e-06
1.00947e-05
8.06286e-06
1.2468e-05
5.03375e-06
1.31149e-05
-6.72276e-07
1.11076e-05
-6.65991e-06
6.42647e-06
-1.3169e-05
-1.59599e-05
-6.38402e-06
1.11603e-06
-4.58411e-06
1.94657e-06
-1.93106e-06
2.83827e-06
1.5519e-06
3.76418e-06
5.66616e-06
4.49767e-06
9.99471e-06
4.6817e-06
1.3844e-05
4.21521e-06
1.6305e-05
2.57158e-06
1.66984e-05
-1.06635e-06
1.37997e-05
-3.7636e-06
7.70073e-06
-7.07284e-06
-8.26485e-06
-4.34821e-06
-2.40078e-06
4.37992e-07
4.20292e-06
8.70066e-06
1.33827e-05
1.75977e-05
2.01692e-05
1.91025e-05
1.53385e-05
8.26485e-06
-1.22078e-05
-3.50723e-06
-1.30265e-05
-8.13859e-06
-1.25432e-05
-1.14169e-05
-1.21225e-05
-1.39978e-05
-1.20129e-05
-1.57027e-05
-1.23266e-05
-1.65583e-05
-1.30503e-05
-1.65049e-05
-1.40707e-05
-1.55042e-05
-1.52562e-05
-1.36693e-05
-1.64841e-05
-1.11424e-05
-1.77746e-05
-8.26728e-06
-5.09736e-06
-1.91978e-05
-7.24115e-06
3.73699e-06
-9.51189e-06
-5.86733e-06
-1.00206e-05
-1.09077e-05
-1.02743e-05
-1.37436e-05
-1.06212e-05
-1.53554e-05
-1.12397e-05
-1.59394e-05
-1.21521e-05
-1.55921e-05
-1.32791e-05
-1.43769e-05
-1.4521e-05
-1.24272e-05
-1.57938e-05
-9.8688e-06
-1.71215e-05
-6.93974e-06
-3.65127e-06
-1.8568e-05
-4.79099e-06
8.52887e-06
-7.02645e-06
-3.63142e-06
-8.08314e-06
-9.85059e-06
-8.78802e-06
-1.30384e-05
-9.47402e-06
-1.46691e-05
-1.03288e-05
-1.50844e-05
-1.1388e-05
-1.45328e-05
-1.2593e-05
-1.31718e-05
-1.38634e-05
-1.11567e-05
-1.51348e-05
-8.59797e-06
-1.64231e-05
-5.65105e-06
-2.29933e-06
-1.77748e-05
-3.21578e-06
1.17484e-05
-5.21714e-06
-1.6293e-06
-6.51433e-06
-8.55281e-06
-7.50526e-06
-1.2047e-05
-8.44277e-06
-1.37311e-05
-9.48325e-06
-1.40435e-05
-1.066e-05
-1.33556e-05
-1.19221e-05
-1.19093e-05
-1.31976e-05
-9.88095e-06
-1.44276e-05
-7.3671e-06
-1.56143e-05
-4.46437e-06
-1.13128e-06
-1.67825e-05
-2.08149e-06
1.38321e-05
-3.75441e-06
4.43328e-08
-5.13431e-06
-7.17238e-06
-6.30964e-06
-1.08713e-05
-7.44131e-06
-1.25992e-05
-8.635e-06
-1.28495e-05
-9.91133e-06
-1.20791e-05
-1.12175e-05
-1.06029e-05
-1.24815e-05
-8.61674e-06
-1.36417e-05
-6.20725e-06
-1.46832e-05
-3.42226e-06
-2.03745e-07
-1.56103e-05
-1.08774e-06
1.49229e-05
-2.42384e-06
1.38133e-06
-3.80928e-06
-5.78633e-06
-5.11552e-06
-9.56447e-06
-6.41069e-06
-1.13035e-05
-7.74197e-06
-1.15178e-05
-9.1107e-06
-1.071e-05
-1.04559e-05
-9.25723e-06
-1.17006e-05
-7.37163e-06
-1.27752e-05
-5.13172e-06
-1.36487e-05
-2.5486e-06
4.54502e-07
-1.43069e-05
-9.91237e-08
1.50249e-05
-1.09228e-06
2.37541e-06
-2.44455e-06
-4.43334e-06
-3.86031e-06
-8.14822e-06
-5.3101e-06
-9.85323e-06
-6.77802e-06
-1.00495e-05
-8.24159e-06
-9.24591e-06
-9.62806e-06
-7.87052e-06
-1.08542e-05
-6.14487e-06
-1.18412e-05
-4.14487e-06
-1.25426e-05
-1.84655e-06
8.4306e-07
-1.29306e-05
9.40645e-07
1.40874e-05
3.13569e-07
3.00364e-06
-9.76162e-07
-3.14283e-06
-2.49835e-06
-6.62531e-06
-4.10992e-06
-8.24116e-06
-5.72569e-06
-8.43306e-06
-7.29468e-06
-7.67654e-06
-8.73072e-06
-6.43376e-06
-9.94655e-06
-4.92869e-06
-1.0855e-05
-3.23544e-06
-1.13973e-05
-1.30366e-06
9.82022e-07
-1.15359e-05
2.03411e-06
1.2057e-05
1.82312e-06
3.21564e-06
6.37667e-07
-1.95619e-06
-9.93542e-07
-4.99383e-06
-2.78344e-06
-6.44985e-06
-4.56848e-06
-6.64817e-06
-6.25999e-06
-5.98336e-06
-7.75829e-06
-4.93614e-06
-8.97641e-06
-3.70846e-06
-9.82495e-06
-2.38794e-06
-1.02346e-05
-8.93274e-07
9.09515e-07
-1.01615e-05
3.17788e-06
8.88429e-06
3.42951e-06
2.96614e-06
2.42326e-06
-9.48225e-07
6.97606e-07
-3.26666e-06
-1.28705e-06
-4.46371e-06
-3.27273e-06
-4.66107e-06
-5.11221e-06
-4.14248e-06
-6.68613e-06
-3.36096e-06
-7.92132e-06
-2.47175e-06
-8.73445e-06
-1.5746e-06
-9.04943e-06
-5.78034e-07
6.76357e-07
-8.8156e-06
4.25695e-06
4.63481e-06
5.09712e-06
2.13002e-06
4.41893e-06
-2.65963e-07
2.68142e-06
-1.52598e-06
5.10513e-07
-2.28902e-06
-1.72939e-06
-2.41727e-06
-3.75862e-06
-2.1086e-06
-5.41746e-06
-1.69869e-06
-6.67497e-06
-1.21059e-06
-7.47955e-06
-7.69478e-07
-7.75074e-06
-3.06135e-07
3.44231e-07
-7.41732e-06
4.63578e-06
6.76664e-06
6.50135e-06
4.9761e-06
2.68784e-06
2.71608e-07
-1.83622e-06
-3.534e-06
-4.74446e-06
-5.51381e-06
-5.81966e-06
-5.47528e-06
-2.09985e-05
-1.82044e-06
-2.31908e-05
2.08253e-06
-2.57544e-05
6.65957e-06
-2.86281e-05
1.18211e-05
-3.16287e-05
1.7197e-05
-3.44503e-05
2.22038e-05
-3.64809e-05
2.57815e-05
-3.6942e-05
2.65441e-05
-3.52155e-05
2.3769e-05
-3.02963e-05
1.6444e-05
-2.05239e-05
3.75082e-06
-1.50379e-05
-2.02936e-05
-9.52881e-08
-2.23005e-05
4.08891e-06
-2.45593e-05
8.9165e-06
-2.69762e-05
1.4238e-05
-2.93297e-05
1.95501e-05
-3.12587e-05
2.41326e-05
-3.21157e-05
2.66381e-05
-3.12779e-05
2.57061e-05
-2.7682e-05
2.01728e-05
-1.99195e-05
8.68115e-06
-8.6167e-06
-7.55234e-06
-2.36569e-05
-1.92883e-05
1.41837e-06
-2.09493e-05
5.74982e-06
-2.2713e-05
1.0681e-05
-2.44653e-05
1.59893e-05
-2.59699e-05
2.10539e-05
-2.68616e-05
2.50233e-05
-2.65909e-05
2.63667e-05
-2.45709e-05
2.36852e-05
-1.99202e-05
1.55215e-05
-1.24109e-05
1.17124e-06
-4.45363e-06
-1.55105e-05
-2.81102e-05
-1.79835e-05
2.61899e-06
-1.91846e-05
6.95064e-06
-2.03264e-05
1.18214e-05
-2.1289e-05
1.69519e-05
-2.1856e-05
2.16209e-05
-2.16957e-05
2.4863e-05
-2.04562e-05
2.51271e-05
-1.76863e-05
2.09152e-05
-1.31344e-05
1.09694e-05
-7.8009e-06
-4.16267e-06
-3.31606e-06
-1.9996e-05
-3.14278e-05
-1.64376e-05
3.44658e-06
-1.7116e-05
7.62908e-06
-1.75754e-05
1.22814e-05
-1.77078e-05
1.70837e-05
-1.73428e-05
2.12553e-05
-1.62539e-05
2.37734e-05
-1.42716e-05
2.31443e-05
-1.1259e-05
1.79019e-05
-7.47444e-06
7.18443e-06
-4.08996e-06
-7.54758e-06
-1.61728e-06
-2.24694e-05
-3.30454e-05
-1.4737e-05
3.87657e-06
-1.4877e-05
7.76884e-06
-1.46537e-05
1.20571e-05
-1.39826e-05
1.64126e-05
-1.27622e-05
2.0035e-05
-1.08951e-05
2.19064e-05
-8.4169e-06
2.06661e-05
-5.49937e-06
1.49844e-05
-2.64534e-06
4.33037e-06
-7.64382e-07
-9.4288e-06
9.58993e-08
-2.33302e-05
-3.29505e-05
-1.29722e-05
3.9185e-06
-1.25963e-05
7.39298e-06
-1.17317e-05
1.11929e-05
-1.0325e-05
1.50059e-05
-8.35452e-06
1.80639e-05
-5.85571e-06
1.94076e-05
-3.05827e-06
1.78681e-05
-3.60608e-07
1.22866e-05
1.66882e-06
2.30042e-06
2.37329e-06
-1.01335e-05
1.91209e-06
-2.28699e-05
-3.1039e-05
-1.12228e-05
3.60557e-06
-1.03807e-05
6.55088e-06
-8.94328e-06
9.75524e-06
-6.88815e-06
1.29506e-05
-4.27293e-06
1.5449e-05
-1.25432e-06
1.63888e-05
1.77687e-06
1.48375e-05
4.27303e-06
9.79014e-06
5.66591e-06
9.07907e-07
5.37861e-06
-9.84656e-06
3.55407e-06
-2.10458e-05
-2.74858e-05
-9.54613e-06
2.99047e-06
-8.30564e-06
5.31046e-06
-6.37715e-06
7.82668e-06
-3.76418e-06
1.03394e-05
-5.94074e-07
1.2277e-05
2.87804e-06
1.29194e-05
6.13113e-06
1.15817e-05
8.51521e-06
7.40855e-06
9.45573e-06
-3.49078e-08
8.2854e-06
-8.67548e-06
5.09549e-06
-1.78575e-05
-2.23906e-05
-7.96262e-06
2.13781e-06
-6.40158e-06
3.74934e-06
-4.06689e-06
5.49322e-06
-9.80156e-07
7.25396e-06
2.6813e-06
8.61606e-06
6.5821e-06
9.01953e-06
1.00977e-05
8.06631e-06
1.24727e-05
5.03392e-06
1.31178e-05
-6.80391e-07
1.1109e-05
-6.66702e-06
6.42628e-06
-1.31757e-05
-1.59652e-05
-6.39546e-06
1.11656e-06
-4.59418e-06
1.94869e-06
-1.93848e-06
2.84055e-06
1.54875e-06
3.77038e-06
5.66621e-06
4.49993e-06
9.99982e-06
4.68835e-06
1.38505e-05
4.21586e-06
1.63129e-05
2.57245e-06
1.67037e-05
-1.07178e-06
1.38025e-05
-3.76627e-06
7.70156e-06
-7.07589e-06
-8.26562e-06
-4.35862e-06
-2.40931e-06
4.3213e-07
4.20276e-06
8.70325e-06
1.33916e-05
1.76077e-05
2.018e-05
1.91082e-05
1.53418e-05
8.26562e-06
-1.22082e-05
-3.53024e-06
-1.30243e-05
-8.15131e-06
-1.25383e-05
-1.14234e-05
-1.2115e-05
-1.40006e-05
-1.20027e-05
-1.57041e-05
-1.23133e-05
-1.65589e-05
-1.30337e-05
-1.65045e-05
-1.40508e-05
-1.55014e-05
-1.52335e-05
-1.36629e-05
-1.64589e-05
-1.11313e-05
-1.77483e-05
-8.25334e-06
-5.08468e-06
-7.24117e-06
3.71296e-06
-9.51046e-06
-5.88171e-06
-1.00174e-05
-1.09161e-05
-1.02691e-05
-1.37488e-05
-1.06135e-05
-1.53594e-05
-1.12291e-05
-1.59433e-05
-1.21382e-05
-1.55954e-05
-1.32618e-05
-1.43778e-05
-1.45006e-05
-1.24241e-05
-1.57708e-05
-9.86129e-06
-1.70965e-05
-6.92661e-06
-3.63804e-06
-4.79161e-06
8.50533e-06
-7.02655e-06
-3.64643e-06
-8.0822e-06
-9.86022e-06
-8.78555e-06
-1.30452e-05
-9.46946e-06
-1.46755e-05
-1.03216e-05
-1.50911e-05
-1.13778e-05
-1.45393e-05
-1.25796e-05
-1.31761e-05
-1.38468e-05
-1.11571e-05
-1.51152e-05
-8.59289e-06
-1.64017e-05
-5.64119e-06
-2.28481e-06
-3.2171e-06
1.17247e-05
-5.21903e-06
-1.64401e-06
-6.51581e-06
-8.56309e-06
-7.50574e-06
-1.2055e-05
-8.44166e-06
-1.37394e-05
-9.47999e-06
-1.40527e-05
-1.06541e-05
-1.33651e-05
-1.19135e-05
-1.19168e-05
-1.3186e-05
-9.88445e-06
-1.44133e-05
-7.3655e-06
-1.55977e-05
-4.45546e-06
-1.11607e-06
-2.0841e-06
1.38105e-05
-3.75812e-06
3.05161e-08
-5.13817e-06
-7.18268e-06
-6.31311e-06
-1.08799e-05
-7.44379e-06
-1.26086e-05
-8.63599e-06
-1.28605e-05
-9.91038e-06
-1.20908e-05
-1.12144e-05
-1.06128e-05
-1.2476e-05
-8.62299e-06
-1.36334e-05
-6.20772e-06
-1.46731e-05
-3.41642e-06
-1.87319e-07
-1.09153e-06
1.49038e-05
-2.42922e-06
1.36874e-06
-3.81533e-06
-5.79625e-06
-5.1218e-06
-9.57313e-06
-6.41668e-06
-1.13136e-05
-7.74727e-06
-1.15298e-05
-9.11488e-06
-1.07232e-05
-1.04587e-05
-9.26883e-06
-1.17015e-05
-7.3799e-06
-1.27741e-05
-5.13479e-06
-1.36453e-05
-2.5438e-06
4.7141e-07
-1.03916e-07
1.50099e-05
-1.09907e-06
2.36448e-06
-2.4525e-06
-4.44229e-06
-3.86912e-06
-8.15635e-06
-5.31934e-06
-9.86308e-06
-6.78747e-06
-1.00617e-05
-8.25087e-06
-9.25958e-06
-9.63694e-06
-7.88287e-06
-1.0862e-05
-6.15437e-06
-1.18471e-05
-4.14924e-06
-1.25465e-05
-1.8446e-06
8.60308e-07
9.35149e-07
1.40763e-05
3.05744e-07
2.99459e-06
-9.85621e-07
-3.15058e-06
-2.50922e-06
-6.63232e-06
-4.12196e-06
-8.2503e-06
-5.73891e-06
-8.44441e-06
-7.30879e-06
-7.68977e-06
-8.74547e-06
-6.44568e-06
-9.96095e-06
-4.93849e-06
-1.08682e-05
-3.24107e-06
-1.14083e-05
-1.3037e-06
9.98862e-07
2.02849e-06
1.20508e-05
1.81466e-06
3.20857e-06
6.27257e-07
-1.9618e-06
-1.00598e-06
-4.99974e-06
-2.79761e-06
-6.45691e-06
-4.58495e-06
-6.6582e-06
-6.27836e-06
-5.99431e-06
-7.77855e-06
-4.94697e-06
-8.99718e-06
-3.71719e-06
-9.84521e-06
-2.39426e-06
-1.02524e-05
-8.9615e-07
9.25181e-07
3.17243e-06
8.88123e-06
3.42107e-06
2.96123e-06
2.41243e-06
-9.52101e-07
6.84409e-07
-3.27093e-06
-1.30269e-06
-4.46889e-06
-3.29159e-06
-4.66865e-06
-5.13428e-06
-4.15066e-06
-6.71124e-06
-3.36927e-06
-7.94804e-06
-2.47851e-06
-8.76152e-06
-1.58047e-06
-9.07387e-06
-5.83274e-07
6.9042e-07
4.2526e-06
4.6329e-06
5.08926e-06
2.12687e-06
4.40853e-06
-2.68781e-07
2.66829e-06
-1.52915e-06
4.94277e-07
-2.29251e-06
-1.74993e-06
-2.4227e-06
-3.78363e-06
-2.11365e-06
-5.44667e-06
-1.70393e-06
-6.70694e-06
-1.21383e-06
-7.51323e-06
-7.73115e-07
-7.78273e-06
-3.11158e-07
3.56499e-07
4.63344e-06
6.76085e-06
6.49238e-06
4.9637e-06
2.6715e-06
2.4956e-07
-1.86362e-06
-3.56646e-06
-4.78005e-06
-5.55271e-06
-5.86257e-06
)
;

boundaryField
{
    rotor
    {
        type            calculated;
        value           uniform 0;
    }
    stator
    {
        type            calculated;
        value           uniform 0;
    }
    front
    {
        type            empty;
        value           nonuniform 0();
    }
    back
    {
        type            empty;
        value           nonuniform 0();
    }
}


// ************************************************************************* //
