/*--------------------------------*- C++ -*----------------------------------*\
| =========                 |                                                 |
| \\      /  F ield         | OpenFOAM: The Open Source CFD Toolbox           |
|  \\    /   O peration     | Version:  4.0                                   |
|   \\  /    A nd           | Web:      www.OpenFOAM.org                      |
|    \\/     M anipulation  |                                                 |
\*---------------------------------------------------------------------------*/
FoamFile
{
    version     2.0;
    format      ascii;
    class       volVectorField;
    location    "200";
    object      U;
}
// * * * * * * * * * * * * * * * * * * * * * * * * * * * * * * * * * * * * * //

dimensions      [0 1 -1 0 0 0 0];

internalField   nonuniform List<vector> 
3072
(
(0.105359 2.22321 0)
(0.128906 1.91083 0)
(0.220456 1.72276 1.31072e-19)
(0.353114 1.59967 1.5103e-18)
(0.451013 1.67673 -1.76619e-18)
(0.894825 1.87536 9.96167e-19)
(2.07744 1.65495 1.36145e-19)
(3.00994 2.27445 4.05093e-19)
(3.21592 2.73356 -1.12396e-18)
(3.60748 3.02693 1.21127e-18)
(3.94102 3.13621 9.46639e-20)
(4.27735 3.17366 3.76687e-19)
(-0.520745 2.7735 -2.13911e-19)
(-0.272021 2.34103 -3.19921e-19)
(0.0883088 2.44027 4.10773e-19)
(0.746923 2.51858 0)
(1.70513 2.71503 4.40195e-19)
(2.60932 3.14923 -5.83569e-19)
(3.06787 3.22555 0)
(3.22263 3.32982 0)
(3.23658 3.40935 0)
(3.36303 3.4575 7.02138e-19)
(3.46014 3.50346 -1.5493e-18)
(3.59105 3.49222 6.13505e-19)
(-0.40949 3.08997 1.40659e-19)
(0.134808 2.78555 0)
(0.901203 2.94994 0)
(1.79584 3.16351 -2.03555e-18)
(2.5523 3.30585 7.50647e-19)
(3.01276 3.36355 -1.82496e-18)
(3.24055 3.27367 1.92837e-18)
(3.33928 3.22104 0)
(3.38999 3.17775 0)
(3.46963 3.13576 -9.34422e-19)
(3.53411 3.08535 -7.28642e-19)
(3.61782 3.02387 2.52843e-18)
(-0.192375 3.36115 -1.38696e-18)
(0.484519 3.24134 -2.34595e-18)
(1.31909 3.39622 1.20538e-18)
(2.14183 3.47198 -1.2374e-18)
(2.70978 3.43745 3.36615e-18)
(3.00228 3.34687 -2.98537e-18)
(3.16431 3.23484 -1.72536e-18)
(3.22334 3.14309 -4.72334e-18)
(3.24885 3.06753 -9.09835e-20)
(3.28369 2.99705 2.53543e-18)
(3.32895 2.93465 2.6978e-18)
(3.38966 2.87014 -2.15275e-18)
(0.0978397 3.51689 0)
(0.774972 3.52087 9.73164e-19)
(1.55041 3.59962 -1.78878e-18)
(2.26172 3.55319 2.68306e-18)
(2.69104 3.42847 3.76959e-19)
(2.92165 3.29108 1.69675e-18)
(3.00424 3.14499 1.9164e-18)
(3.04022 3.02537 1.64154e-18)
(3.06745 2.92552 -3.25291e-18)
(3.10512 2.83746 2.83644e-18)
(3.15118 2.75852 -3.78001e-18)
(3.20622 2.68413 5.10084e-18)
(0.325723 3.65205 -2.99426e-18)
(0.967669 3.72268 1.27428e-18)
(1.65405 3.72512 3.61217e-18)
(2.24261 3.59902 0)
(2.60522 3.41093 -4.73123e-18)
(2.7552 3.22526 5.75681e-18)
(2.82197 3.05397 0)
(2.85877 2.90997 -4.1264e-18)
(2.88977 2.78975 3.5407e-18)
(2.92723 2.68685 0)
(2.9713 2.59723 2.09576e-19)
(3.02175 2.51747 3.17317e-18)
(0.494195 3.80349 0)
(1.07773 3.92353 -3.15701e-18)
(1.66684 3.85291 2.80039e-18)
(2.15878 3.65832 0)
(2.43816 3.41978 -3.58592e-18)
(2.56449 3.18618 5.76756e-19)
(2.62915 2.98256 5.22421e-18)
(2.6709 2.81103 4.5735e-18)
(2.70776 2.66826 -3.98071e-18)
(2.74808 2.54843 3.82196e-18)
(2.79283 2.44702 -3.29651e-18)
(2.84197 2.36053 -9.15728e-18)
(0.628558 4.00871 0)
(1.13038 4.16524 2.97423e-18)
(1.61161 4.03 -4.83736e-18)
(2.00267 3.77885 5.09573e-18)
(2.23627 3.47676 0)
(2.357 3.19032 -6.32164e-18)
(2.42856 2.94327 5.82745e-18)
(2.48014 2.73633 3.46903e-20)
(2.52557 2.56563 -8.973e-18)
(2.57115 2.42505 -4.04607e-18)
(2.61855 2.30932 -1.94183e-19)
(2.66816 2.21406 7.07892e-18)
(0.725584 4.19697 0)
(1.15764 4.43939 -3.95335e-18)
(1.50874 4.22942 -5.82395e-18)
(1.80143 3.92597 -4.26956e-18)
(2.00026 3.57107 8.31005e-18)
(2.12775 3.2317 0)
(2.21636 2.9358 0)
(2.28429 2.68749 0)
(2.34241 2.48356 0)
(2.39628 2.31813 4.36119e-18)
(2.44827 2.18512 -4.23913e-18)
(2.49983 2.07868 4.0114e-18)
(0.834048 4.5475 0)
(1.08423 4.70425 2.75265e-18)
(1.31025 4.37388 -6.14506e-19)
(1.54204 4.00365 4.63746e-18)
(1.72422 3.6126 4.4315e-18)
(1.86699 3.24094 -7.13813e-18)
(1.97925 2.91224 0)
(2.07053 2.63332 -1.94224e-19)
(2.14742 2.40234 -1.66147e-17)
(2.21516 2.21509 0)
(2.27606 2.06626 9.79347e-18)
(2.33274 1.94947 -4.51437e-18)
(1.07984 4.58415 0)
(0.940053 4.64316 3.10609e-18)
(1.00434 4.22923 9.32249e-18)
(1.19367 3.81108 -7.98621e-18)
(1.38197 3.43684 -1.0988e-17)
(1.54967 3.08453 1.72536e-17)
(1.69425 2.76926 -1.68301e-19)
(1.81733 2.49738 -6.33753e-18)
(1.92168 2.26772 5.21125e-18)
(2.01175 2.07903 -1.08225e-17)
(2.08901 1.92855 -1.50646e-17)
(2.15722 1.81081 1.51711e-17)
(0.313382 3.97295 -1.5629e-18)
(0.434344 3.84209 -1.18443e-17)
(0.568172 3.48463 2.06022e-18)
(0.772084 3.16294 0)
(0.988857 2.90564 0)
(1.18987 2.65553 2.10762e-19)
(1.36937 2.42187 1.61359e-17)
(1.52705 2.21046 1.00436e-17)
(1.66384 2.02512 0)
(1.78308 1.86843 9.47088e-18)
(1.88366 1.74183 0)
(1.9704 1.64181 3.80675e-19)
(4.52901 3.09391 2.05681e-18)
(4.74208 2.96458 -1.15796e-18)
(4.85971 2.77064 3.61405e-19)
(4.91919 2.55643 -3.51376e-19)
(4.89797 2.30344 -9.829e-20)
(4.80352 2.04948 0)
(4.61404 1.78406 0)
(4.34042 1.53505 6.63647e-19)
(3.96627 1.2957 -7.79282e-19)
(3.45194 1.037 0)
(2.91266 0.670133 0)
(2.68426 -0.0518931 -5.72234e-19)
(3.72209 3.43733 7.70955e-19)
(3.85882 3.34034 0)
(3.98727 3.20036 -8.99794e-19)
(4.10366 3.02182 7.75163e-20)
(4.17707 2.82673 1.0656e-19)
(4.20068 2.62559 2.04157e-18)
(4.1635 2.43148 -3.37039e-18)
(4.06726 2.25932 5.59193e-19)
(3.90806 2.12417 0)
(3.56576 2.00924 0)
(3.24721 1.9047 0)
(3.29355 1.58161 5.88436e-19)
(3.70871 2.94593 9.59273e-19)
(3.80056 2.85301 -2.66726e-18)
(3.88105 2.74859 7.19622e-19)
(3.9408 2.63772 1.84356e-18)
(3.97057 2.52585 -1.94053e-18)
(3.96646 2.42329 0)
(3.92429 2.33882 0)
(3.84505 2.28415 -1.61988e-19)
(3.73249 2.27157 9.58028e-19)
(3.53974 2.29448 0)
(3.25829 2.31821 0)
(3.41753 2.26535 -3.76961e-19)
(3.45886 2.79901 2.61271e-19)
(3.52996 2.72046 2.83841e-18)
(3.59427 2.63667 2.02074e-18)
(3.64518 2.55223 -2.04115e-18)
(3.67779 2.4738 0)
(3.68932 2.40868 1.26856e-18)
(3.67755 2.36473 0)
(3.64375 2.35102 2.24909e-18)
(3.59506 2.37824 -7.86217e-19)
(3.50374 2.46467 0)
(3.29131 2.59525 -4.16746e-19)
(3.58565 2.7836 4.60675e-19)
(3.26653 2.61097 -2.0811e-18)
(3.32747 2.53859 0)
(3.38376 2.4688 0)
(3.43187 2.40493 0)
(3.46971 2.35156 0)
(3.49592 2.3161 -2.15011e-18)
(3.50974 2.30367 -1.07919e-19)
(3.51426 2.32091 -1.17919e-18)
(3.50997 2.38369 0)
(3.49531 2.50757 -8.53638e-19)
(3.34513 2.69978 4.32872e-19)
(3.76651 3.01138 -1.1813e-19)
(3.07626 2.44469 -1.84e-19)
(3.13195 2.37811 -5.26019e-18)
(3.18588 2.31871 2.48874e-18)
(3.23651 2.2687 -5.82843e-21)
(3.28317 2.23143 1.6747e-19)
(3.32663 2.2118 3.69635e-18)
(3.36847 2.21494 -1.21686e-19)
(3.4101 2.24763 -4.25812e-18)
(3.45447 2.32189 -1.74105e-18)
(3.50812 2.45855 8.57561e-19)
(3.44889 2.70789 -1.06739e-18)
(3.93264 3.12847 -3.96782e-19)
(2.89419 2.28595 8.72943e-18)
(2.94807 2.22181 2.84566e-18)
(3.00247 2.16807 0)
(3.05746 2.12578 0)
(3.11408 2.09697 1.65215e-19)
(3.17433 2.08519 -2.78984e-18)
(3.24095 2.0947 4.43268e-18)
(3.31687 2.13119 -1.08041e-19)
(3.40558 2.20475 1.53264e-18)
(3.51634 2.33451 0)
(3.54543 2.5703 -2.08999e-19)
(4.07245 3.07491 -7.13707e-20)
(2.71962 2.13559 -3.37319e-18)
(2.77277 2.07119 -3.08449e-18)
(2.828 2.01953 3.30527e-18)
(2.88675 1.98027 -3.11365e-18)
(2.95155 1.95409 2.81986e-21)
(3.02561 1.94314 6.3443e-18)
(3.11319 1.95077 -2.95776e-18)
(3.21939 1.98161 1.70378e-18)
(3.34949 2.04402 0)
(3.5169 2.1566 1.04735e-18)
(3.63704 2.37517 4.92795e-19)
(4.17434 2.91455 -7.58143e-19)
(2.55145 1.99412 3.82165e-18)
(2.60406 1.927 -3.6904e-18)
(2.65938 1.87452 -3.44051e-18)
(2.71994 1.83477 -7.1874e-18)
(2.78948 1.80677 6.98761e-18)
(2.87224 1.79113 -6.79171e-18)
(2.97403 1.78991 0)
(3.10192 1.80625 -1.67915e-18)
(3.26414 1.84575 0)
(3.4795 1.9244 0)
(3.69099 2.10022 0)
(4.21845 2.5999 3.61611e-19)
(2.38621 1.85911 4.33571e-18)
(2.43879 1.78875 -8.62534e-18)
(2.49341 1.73428 8.41205e-18)
(2.55352 1.69221 8.11983e-18)
(2.6237 1.65988 3.95513e-18)
(2.70875 1.63628 0)
(2.81559 1.62144 0)
(2.953 1.61689 4.05426e-18)
(3.13296 1.62392 0)
(3.38441 1.65436 -1.1691e-18)
(3.66661 1.75321 7.47278e-19)
(4.18991 2.14093 -1.08594e-18)
(2.21699 1.72138 -9.98996e-18)
(2.27213 1.65184 9.21939e-18)
(2.32678 1.59757 -8.9977e-18)
(2.38504 1.55417 -2.27281e-17)
(2.45191 1.51765 -2.2731e-19)
(2.53228 1.48555 1.28921e-19)
(2.63311 1.45553 -4.49719e-18)
(2.76344 1.42691 -4.20289e-18)
(2.9403 1.39417 0)
(3.20211 1.36282 3.65542e-18)
(3.52941 1.3303 8.93141e-19)
(4.03461 1.35845 -1.50963e-18)
(2.04187 1.56757 -4.0793e-19)
(2.1032 1.50846 0)
(2.15948 1.46098 0)
(2.21494 1.42065 4.36068e-18)
(2.27444 1.38301 1.35555e-17)
(2.34227 1.34494 -4.48318e-18)
(2.42479 1.30272 -2.08921e-19)
(2.52809 1.25313 -2.39973e-18)
(2.6734 1.18224 -2.32677e-18)
(2.88875 1.08304 -2.35027e-18)
(3.23012 0.883081 0)
(3.58246 0.154611 1.96096e-18)
(2.2229 -0.108585 1.8772e-22)
(1.9092 -0.132184 0)
(1.72338 -0.223693 -1.30337e-19)
(1.59904 -0.355483 0)
(1.67369 -0.453253 -8.70638e-19)
(1.87488 -0.888754 9.88794e-19)
(1.65309 -2.06426 0)
(2.26454 -3.0064 3.76089e-19)
(2.72884 -3.21413 -9.90989e-19)
(3.02124 -3.60426 9.3689e-19)
(3.13268 -3.93874 -4.32921e-19)
(3.17001 -4.27453 -3.7757e-19)
(2.77326 0.519942 -1.93756e-19)
(2.34004 0.271907 -3.97887e-20)
(2.43604 -0.0850831 3.09559e-19)
(2.51661 -0.73503 0)
(2.70618 -1.69317 -4.45719e-19)
(3.1422 -2.60372 2.50588e-19)
(3.22058 -3.06647 0)
(3.32491 -3.2234 1.06854e-18)
(3.40539 -3.23727 -2.74794e-18)
(3.45332 -3.36279 1.51951e-18)
(3.5001 -3.45995 6.87741e-19)
(3.48905 -3.59033 -2.86109e-18)
(3.08953 0.411945 -1.40541e-19)
(2.78309 -0.129091 0)
(2.94444 -0.893404 -1.33207e-18)
(3.15795 -1.78925 0)
(3.3014 -2.54938 0)
(3.36089 -3.01231 -8.1055e-19)
(3.27111 -3.24098 4.17888e-18)
(3.21818 -3.34023 -2.5468e-18)
(3.17497 -3.39048 8.75617e-19)
(3.13301 -3.46978 0)
(3.08289 -3.53406 2.0428e-18)
(3.02157 -3.61734 -1.10366e-18)
(3.36145 0.196143 8.74815e-19)
(3.23948 -0.478231 1.30602e-18)
(3.39369 -1.31269 8.85157e-19)
(3.47054 -2.13739 1.84927e-18)
(3.43642 -2.70889 -1.56664e-18)
(3.34533 -3.00253 -1.09122e-18)
(3.23323 -3.16539 0)
(3.14116 -3.22477 0)
(3.06559 -3.24995 1.56472e-18)
(2.99507 -3.28441 0)
(2.93266 -3.32918 3.53468e-19)
(2.86822 -3.38952 8.98187e-19)
(3.51849 -0.0920011 1.83228e-18)
(3.52 -0.768055 -7.86414e-19)
(3.59882 -1.54471 -1.79373e-18)
(3.55287 -2.25919 0)
(3.4286 -2.69056 0)
(3.29073 -2.92282 2.21703e-18)
(3.14437 -3.00582 0)
(3.02433 -3.04159 -3.8011e-18)
(2.92428 -3.06844 -1.4974e-18)
(2.83608 -3.10571 2.84139e-18)
(2.75707 -3.15142 -3.78552e-18)
(2.68267 -3.20618 2.43294e-18)
(3.65416 -0.320396 -1.66282e-18)
(3.72328 -0.961917 -1.12689e-18)
(3.72642 -1.64964 1.58473e-18)
(3.60024 -2.24122 2.4774e-19)
(3.41179 -2.60538 2.37161e-18)
(3.2258 -2.75633 -5.55231e-18)
(3.05402 -2.82323 4.89351e-18)
(2.90961 -2.85989 3.98217e-19)
(2.78909 -2.89063 0)
(2.686 -2.92781 0)
(2.59627 -2.97162 6.1135e-18)
(2.51645 -3.02187 7.75663e-21)
(3.80593 -0.489177 -5.53274e-20)
(3.92505 -1.07297 -1.7536e-18)
(3.85542 -1.66346 0)
(3.66068 -2.15749 -3.19277e-18)
(3.42139 -2.43867 3.79053e-18)
(3.18736 -2.5655 9.73958e-18)
(2.9832 -2.63021 5.68368e-18)
(2.81124 -2.67186 6.29841e-19)
(2.66815 -2.70852 -8.27978e-18)
(2.54809 -2.74867 3.60508e-18)
(2.44654 -2.79325 3.73806e-18)
(2.35994 -2.84226 1.75492e-19)
(4.01105 -0.625284 1.97268e-19)
(4.16736 -1.12696 2.98166e-18)
(4.03308 -1.60916 0)
(3.78197 -2.00165 -5.10661e-18)
(3.4792 -2.23645 -3.7337e-18)
(3.19213 -2.35769 5.19429e-19)
(2.94448 -2.42941 -1.12033e-17)
(2.73708 -2.48096 3.0865e-19)
(2.56603 -2.52629 -2.4267e-19)
(2.42521 -2.57179 4.26985e-18)
(2.3093 -2.61911 -3.40251e-18)
(2.2139 -2.66866 1.84119e-19)
(4.19903 -0.723976 -3.62916e-18)
(4.44167 -1.15544 1.62586e-18)
(4.23252 -1.50686 -8.47488e-18)
(3.92933 -1.80037 4.27072e-18)
(3.57403 -2.00011 0)
(3.23406 -2.12814 0)
(2.93757 -2.21701 6.40427e-18)
(2.68879 -2.28503 1.12114e-17)
(2.4845 -2.34316 -4.97762e-18)
(2.31879 -2.39701 -4.3668e-18)
(2.18555 -2.44899 -4.07089e-18)
(2.07893 -2.50055 0)
(4.5489 -0.833758 5.55743e-20)
(4.70549 -1.08278 4.17103e-18)
(4.37611 -1.30877 9.99735e-18)
(4.00648 -1.54103 0)
(3.61544 -1.72388 7.8799e-18)
(3.24349 -1.86715 0)
(2.91438 -1.97972 2.47768e-19)
(2.63506 -2.07121 -5.65618e-18)
(2.40373 -2.14819 5.73493e-18)
(2.21619 -2.21598 0)
(2.06709 -2.27694 0)
(1.95009 -2.33367 -9.30613e-18)
(4.58435 -1.07972 -6.31141e-18)
(4.64373 -0.939164 3.10698e-18)
(4.23055 -1.00351 4.93301e-19)
(3.81315 -1.19301 -8.68702e-18)
(3.43914 -1.38165 -3.46053e-18)
(3.08685 -1.54972 -3.46684e-18)
(2.77138 -1.69459 -6.45835e-18)
(2.49926 -1.8179 -1.78467e-17)
(2.26934 -1.92242 -5.21517e-18)
(2.0804 -2.0126 -1.0832e-17)
(1.92968 -2.08998 1.04672e-17)
(1.81172 -2.15828 9.6916e-18)
(3.97308 -0.3134 2.98467e-18)
(3.84222 -0.434025 -1.38459e-18)
(3.48531 -0.567772 2.63599e-19)
(3.16423 -0.771639 6.58761e-18)
(2.90727 -0.988579 0)
(2.65732 -1.18981 -5.79829e-18)
(2.42367 -1.36956 5.26168e-18)
(2.21216 -1.52746 4.77691e-18)
(2.02668 -1.66446 -1.50156e-17)
(1.86983 -1.78388 9.47772e-18)
(1.74305 -1.88462 -9.31823e-18)
(1.64285 -1.9715 0)
(3.09156 -4.52686 -1.19862e-18)
(2.96223 -4.73965 3.01653e-18)
(2.76905 -4.85779 -1.44482e-18)
(2.55494 -4.91701 -1.20733e-18)
(2.30239 -4.89619 8.44457e-19)
(2.04849 -4.80164 -7.14785e-20)
(1.78329 -4.61253 -6.8553e-20)
(1.53427 -4.33898 -1.12994e-19)
(1.29485 -3.96529 -7.79123e-19)
(1.03586 -3.45134 0)
(0.667785 -2.91225 0)
(-0.0495433 -2.68518 -5.80641e-19)
(3.43464 -3.72122 1.77051e-20)
(3.33798 -3.85762 1.41076e-18)
(3.1984 -3.9859 -8.99664e-19)
(3.02008 -4.10225 0)
(2.82521 -4.17573 1.12251e-18)
(2.62425 -4.19941 0)
(2.43029 -4.16239 9.66096e-19)
(2.25826 -4.0663 1.8959e-18)
(2.12322 -3.90729 -1.64371e-18)
(2.00833 -3.56517 0)
(1.90384 -3.24688 0)
(1.58039 -3.29299 4.956e-21)
(2.94387 -3.70796 6.25152e-19)
(2.85115 -3.79961 -5.99052e-19)
(2.7469 -3.88002 7.20127e-19)
(2.63619 -3.93976 0)
(2.52444 -3.96958 -8.58066e-19)
(2.42196 -3.96555 2.32472e-18)
(2.33755 -3.92351 -3.36528e-18)
(2.28291 -3.84441 -4.17001e-18)
(2.27033 -3.73197 2.70972e-18)
(2.29323 -3.53935 0)
(2.31696 -3.25805 4.77494e-19)
(2.26412 -3.41741 1.28685e-19)
(2.7972 -3.45845 8.53426e-19)
(2.71877 -3.52937 -1.96871e-18)
(2.63508 -3.59358 2.02143e-18)
(2.55072 -3.64447 -2.04143e-18)
(2.47235 -3.6771 0)
(2.40726 -3.68869 1.26825e-18)
(2.36334 -3.677 1.00199e-18)
(2.34963 -3.64329 6.34885e-19)
(2.37684 -3.59472 -1.58649e-18)
(2.46326 -3.50348 0)
(2.59388 -3.29117 -2.79051e-19)
(2.78225 -3.58548 4.41487e-19)
(2.60954 -3.26629 2.33404e-18)
(2.5372 -3.32709 -1.24306e-18)
(2.46743 -3.38331 0)
(2.40357 -3.43141 0)
(2.3502 -3.46926 1.21154e-18)
(2.31472 -3.49552 -9.81954e-19)
(2.30227 -3.50939 -1.93598e-19)
(2.31948 -3.51399 0)
(2.38223 -3.50979 -7.55617e-19)
(2.5061 -3.49517 8.53556e-19)
(2.69834 -3.34514 -9.39694e-19)
(3.00989 -3.76642 -1.92023e-19)
(2.44363 -3.07622 -5.26047e-18)
(2.37703 -3.13182 2.54261e-18)
(2.31759 -3.1857 5.15242e-18)
(2.26753 -3.23633 -5.82171e-21)
(2.2302 -3.28301 -6.29677e-18)
(2.21051 -3.32651 -2.71209e-18)
(2.21359 -3.3684 -1.91709e-19)
(2.2462 -3.41008 0)
(2.3204 -3.45449 0)
(2.45703 -3.50816 -8.57657e-19)
(2.70637 -3.44899 -6.2358e-19)
(3.12695 -3.93263 1.7077e-19)
(2.28529 -2.89439 2.97344e-18)
(2.22107 -2.94822 -5.89896e-18)
(2.16725 -3.0026 -2.62857e-18)
(2.12485 -3.0576 -1.56743e-19)
(2.09594 -3.11425 2.58008e-18)
(2.08405 -3.17452 2.5933e-18)
(2.09345 -3.24117 1.4944e-18)
(2.12983 -3.31711 1.47704e-18)
(2.20331 -3.40585 -1.666e-18)
(2.33303 -3.51658 0)
(2.56889 -3.54567 1.00868e-18)
(3.07361 -4.07254 -2.82776e-19)
(2.13531 -2.72008 0)
(2.07079 -2.77321 3.08633e-18)
(2.01901 -2.82846 0)
(1.97962 -2.88723 -1.56925e-19)
(1.95329 -2.95205 2.8535e-21)
(1.94219 -3.02613 6.34225e-18)
(1.94968 -3.11373 -6.24593e-18)
(1.98037 -3.21992 0)
(2.04266 -3.34999 -1.84987e-18)
(2.15519 -3.51732 1.04685e-18)
(2.37382 -3.63738 -1.92992e-18)
(2.91337 -4.17449 9.47309e-19)
(1.99422 -2.55217 3.82517e-18)
(1.92695 -2.6048 -3.693e-18)
(1.87431 -2.66016 -3.72303e-18)
(1.83439 -2.72075 3.65912e-18)
(1.80621 -2.79032 3.49692e-18)
(1.79039 -2.87309 -1.04017e-17)
(1.789 -2.97488 3.32112e-18)
(1.80517 -3.10273 0)
(1.84453 -3.26489 1.75602e-18)
(1.92312 -3.48011 0)
(2.09903 -3.69145 2.43665e-18)
(2.59896 -4.21872 -1.75498e-18)
(1.85955 -2.38718 0)
(1.78901 -2.43981 -8.63254e-18)
(1.73435 -2.49447 -4.47422e-18)
(1.69209 -2.55463 -7.88751e-18)
(1.65955 -2.62485 3.95586e-18)
(1.63574 -2.7099 3.77504e-18)
(1.62072 -2.81672 0)
(1.61598 -2.95408 0)
(1.62287 -3.13392 0)
(1.65324 -3.38519 0)
(1.7522 -3.6672 -7.49434e-19)
(2.14034 -4.19022 -9.44492e-20)
(1.72208 -2.21814 4.88186e-18)
(1.65235 -2.27335 4.47853e-18)
(1.59788 -2.32807 1.85168e-17)
(1.55427 -2.38638 4.78058e-18)
(1.51752 -2.45329 1.81915e-17)
(1.4852 -2.53366 -4.40877e-18)
(1.45499 -2.63446 -4.49649e-18)
(1.42617 -2.76471 0)
(1.39331 -2.94144 -4.47027e-18)
(1.36189 -3.20301 -2.42422e-18)
(1.32947 -3.53002 -1.80597e-18)
(1.35821 -4.03496 -9.47316e-26)
(1.56842 -2.0431 0)
(1.50912 -2.10453 0)
(1.46145 -2.1609 -1.84509e-17)
(1.4209 -2.21643 -1.35888e-17)
(1.38304 -2.27598 -4.37912e-18)
(1.34475 -2.3438 0)
(1.30233 -2.42627 4.50009e-18)
(1.25256 -2.52948 0)
(1.18156 -2.67462 -1.98558e-19)
(1.08233 -2.88975 2.34796e-18)
(0.882473 -3.23077 6.43236e-19)
(0.154642 -3.58283 3.87537e-18)
(-0.107118 -2.22296 8.53708e-20)
(-0.130776 -1.90974 2.38971e-19)
(-0.221886 -1.72275 -2.55542e-19)
(-0.35426 -1.59926 1.62206e-19)
(-0.451926 -1.67553 0)
(-0.893328 -1.87513 1.14834e-19)
(-2.07426 -1.65435 0)
(-3.00999 -2.27237 3.79569e-19)
(-3.21651 -2.73308 1.46264e-18)
(-3.60786 -3.02653 -4.46194e-19)
(-3.94176 -3.13661 -1.43346e-18)
(-4.27806 -3.17419 1.36701e-18)
(0.520164 -2.77346 3.62176e-19)
(0.271664 -2.34061 -3.19034e-19)
(-0.0872737 -2.43851 3.57759e-19)
(-0.742964 -2.51791 -1.1705e-19)
(-1.70159 -2.71204 -4.40807e-19)
(-2.60857 -3.147 -1.09864e-19)
(-3.0687 -3.22409 -7.6212e-19)
(-3.22411 -3.32844 -2.08936e-18)
(-3.23794 -3.40849 3.03437e-18)
(-3.36413 -3.45676 -6.20944e-19)
(-3.46125 -3.50306 7.85533e-19)
(-3.592 -3.492 5.77695e-19)
(0.410602 -3.08974 -2.80764e-19)
(-0.132539 -2.78433 0)
(-0.898409 -2.94756 0)
(-1.79406 -3.16117 -8.31402e-19)
(-2.55252 -3.30398 0)
(-3.01406 -3.36242 -1.01539e-18)
(-3.24212 -3.27271 7.97016e-19)
(-3.34092 -3.22009 1.91821e-18)
(-3.39139 -3.17703 -1.14077e-18)
(-3.4708 -3.13521 -1.72992e-18)
(-3.5351 -3.08502 -2.76346e-18)
(-3.61862 -3.02373 2.52415e-18)
(0.194168 -3.36122 -1.7535e-18)
(-0.482064 -3.24028 -1.30457e-18)
(-1.31704 -3.3948 1.58578e-18)
(-2.14125 -3.471 6.11272e-19)
(-2.71091 -3.43668 0)
(-3.00389 -3.34594 -3.49226e-18)
(-3.16609 -3.234 2.82536e-18)
(-3.2251 -3.14221 0)
(-3.25031 -3.06674 2.34025e-18)
(-3.28489 -2.99638 -3.61616e-18)
(-3.32992 -2.93413 2.34199e-18)
(-3.39043 -2.86978 3.0351e-19)
(-0.0950652 -3.51765 2.71279e-18)
(-0.772233 -3.52031 2.36039e-18)
(-1.54868 -3.599 5.40506e-19)
(-2.26173 -3.5527 0)
(-2.69232 -3.42803 -2.08058e-18)
(-2.92356 -3.29042 3.58622e-18)
(-3.0061 -3.14426 0)
(-3.04183 -3.02455 -2.07322e-18)
(-3.06876 -2.92472 -1.83121e-18)
(-3.10617 -2.83673 2.83429e-18)
(-3.152 -2.75789 0)
(-3.20685 -2.68363 -2.17167e-18)
(-0.323093 -3.65302 1.35803e-18)
(-0.965326 -3.72271 4.88087e-19)
(-1.65277 -3.72535 -1.5807e-18)
(-2.24276 -3.59923 -7.4269e-18)
(-2.60662 -3.41069 -1.68594e-19)
(-2.75696 -3.22477 5.75375e-18)
(-2.82359 -3.05328 0)
(-2.86016 -2.90916 6.28654e-18)
(-2.8909 -2.78891 -3.59219e-18)
(-2.92812 -2.68604 3.18466e-18)
(-2.97197 -2.59648 2.09514e-19)
(-3.02223 -2.51684 -7.58081e-21)
(-0.491597 -3.80464 -1.51175e-18)
(-1.07567 -3.92397 -1.18184e-18)
(-1.6659 -3.85369 0)
(-2.15937 -3.65873 6.77305e-18)
(-2.4396 -3.41972 -1.07594e-17)
(-2.56603 -3.18579 -1.91569e-19)
(-2.63055 -2.9819 -1.08953e-17)
(-2.67209 -2.81022 3.55691e-19)
(-2.70871 -2.66737 -3.97943e-18)
(-2.74881 -2.54753 -3.8199e-18)
(-2.79335 -2.44617 3.72993e-18)
(-2.84231 -2.35978 -3.11495e-18)
(-0.626665 -4.00986 -1.29009e-19)
(-1.12882 -4.16601 -1.58171e-18)
(-1.61094 -4.03112 0)
(-2.0031 -3.77964 5.09935e-18)
(-2.23735 -3.477 3.5296e-18)
(-2.35824 -3.19008 2.99042e-18)
(-2.42972 -2.94269 -3.90776e-19)
(-2.48113 -2.73554 -3.46782e-20)
(-2.52636 -2.56473 -4.71735e-18)
(-2.57175 -2.42412 -4.08399e-19)
(-2.61897 -2.30842 1.98141e-19)
(-2.66841 -2.21323 0)
(-0.724425 -4.19816 2.25359e-18)
(-1.15659 -4.44038 0)
(-1.50816 -4.23071 0)
(-1.80157 -3.92704 -4.26811e-18)
(-2.00096 -3.57163 3.70563e-18)
(-2.12868 -3.23173 -7.24251e-18)
(-2.2173 -2.93543 0)
(-2.28513 -2.68686 5.48699e-18)
(-2.3431 -2.48276 -2.26485e-19)
(-2.3968 -2.31726 4.35958e-18)
(-2.44862 -2.18423 -4.39488e-18)
(-2.50003 -2.07784 8.29123e-18)
(-0.833677 -4.54835 4.4289e-18)
(-1.08346 -4.70482 -1.42029e-18)
(-1.30972 -4.37489 -5.30545e-18)
(-1.54201 -4.00471 -8.95032e-18)
(-1.72465 -3.61337 0)
(-1.86769 -3.24131 6.57131e-18)
(-1.98004 -2.91224 -1.28514e-17)
(-2.0713 -2.63301 5.66266e-18)
(-2.14808 -2.40181 5.7277e-18)
(-2.21568 -2.21443 0)
(-2.27645 -2.06552 -5.19144e-18)
(-2.33299 -1.94872 -8.72438e-18)
(-1.07952 -4.58441 -6.30785e-18)
(-0.939462 -4.6434 1.40714e-18)
(-1.00405 -4.22991 4.41101e-18)
(-1.1937 -3.81206 3.76962e-18)
(-1.38236 -3.43776 -2.26206e-20)
(-1.55031 -3.08525 -1.05459e-17)
(-1.69502 -2.76969 1.24399e-17)
(-1.81812 -2.49754 2.35266e-17)
(-1.92242 -2.26764 -1.6341e-17)
(-2.01238 -2.07876 -1.08199e-17)
(-2.08952 -1.92814 9.95109e-18)
(-2.15761 -1.81032 0)
(-0.313156 -3.97313 4.63032e-18)
(-0.434163 -3.84243 1.76709e-18)
(-0.568249 -3.48538 1.79709e-18)
(-0.772381 -3.16409 6.96088e-18)
(-0.989388 -2.90686 0)
(-1.19059 -2.65667 5.58394e-18)
(-1.37021 -2.42282 -1.08769e-17)
(-1.52794 -2.21117 -4.93869e-18)
(-1.66471 -2.02558 -4.9748e-18)
(-1.78388 -1.86867 9.46949e-18)
(-1.88436 -1.74187 4.91023e-18)
(-1.97098 -1.64169 1.42817e-17)
(-4.52997 -3.09485 4.00129e-19)
(-4.74301 -2.96552 3.30106e-19)
(-4.86078 -2.77174 9.11537e-19)
(-4.92016 -2.55741 -2.46444e-18)
(-4.89897 -2.3044 9.46644e-19)
(-4.80437 -2.05027 0)
(-4.6148 -1.78474 -2.99842e-19)
(-4.341 -1.53553 2.07254e-19)
(-3.96675 -1.29584 0)
(-3.45241 -1.03646 8.03729e-20)
(-2.91238 -0.666343 0)
(-2.68726 0.0424901 0)
(-3.72299 -3.43732 -2.79101e-18)
(-3.85962 -3.34049 2.30532e-18)
(-3.98801 -3.20066 1.51089e-18)
(-4.10437 -3.02223 -5.9025e-19)
(-4.17778 -2.82721 0)
(-4.20137 -2.62612 0)
(-4.1642 -2.43203 1.19003e-18)
(-4.06794 -2.25989 -1.31185e-18)
(-3.90874 -2.12481 0)
(-3.56629 -2.00983 5.16279e-19)
(-3.24792 -1.90534 -8.01816e-20)
(-3.29293 -1.58073 -9.30217e-19)
(-3.70938 -2.94598 1.04923e-18)
(-3.80114 -2.85321 -1.73221e-18)
(-3.88159 -2.74892 0)
(-3.94131 -2.63815 -1.86365e-18)
(-3.97108 -2.52635 -2.03807e-18)
(-3.96697 -2.42382 4.52397e-18)
(-3.9248 -2.33936 -4.12127e-18)
(-3.84554 -2.28469 0)
(-3.73292 -2.27209 0)
(-3.54004 -2.29502 0)
(-3.25851 -2.31881 -4.60241e-19)
(-3.41751 -2.26626 1.1949e-19)
(-3.45949 -2.79881 -8.50941e-19)
(-3.53048 -2.72042 -3.04745e-19)
(-3.59472 -2.63676 0)
(-3.64558 -2.55244 -2.81665e-19)
(-3.67816 -2.47411 0)
(-3.68966 -2.40907 0)
(-3.67786 -2.36519 1.12572e-18)
(-3.64402 -2.35153 -1.43413e-18)
(-3.59529 -2.37881 1.72067e-18)
(-3.50391 -2.46527 0)
(-3.2915 -2.59595 -4.16284e-19)
(-3.58557 -2.78468 -4.60113e-19)
(-3.267 -2.61063 4.87129e-18)
(-3.32783 -2.5384 -1.24042e-18)
(-3.38403 -2.46875 2.22117e-18)
(-3.43209 -2.40501 1.00568e-18)
(-3.46989 -2.35176 -3.43303e-18)
(-3.49606 -2.31642 0)
(-3.50986 -2.30406 -1.25791e-18)
(-3.51436 -2.32138 0)
(-3.51005 -2.38424 0)
(-3.49537 -2.50818 8.52327e-19)
(-3.3452 -2.70049 5.04173e-20)
(-3.76636 -3.0124 5.40505e-19)
(-3.07658 -2.44419 -2.41686e-18)
(-3.13215 -2.37776 -1.76972e-19)
(-3.186 -2.3185 0)
(-3.23657 -2.26863 0)
(-3.28318 -2.2315 -3.98049e-18)
(-3.32662 -2.212 2.53798e-18)
(-3.36844 -2.21525 2.62539e-18)
(-3.41007 -2.24804 1.39077e-18)
(-3.45444 -2.32239 -3.36928e-18)
(-3.50806 -2.45914 -8.56437e-19)
(-3.4489 -2.70864 0)
(-3.93247 -3.12943 6.22294e-19)
(-2.89438 -2.28533 -6.09971e-18)
(-2.94815 -2.22133 2.53044e-18)
(-3.00246 -2.16773 2.79393e-18)
(-3.05739 -2.12558 1.4993e-19)
(-3.11398 -2.09692 -3.25844e-19)
(-3.1742 -2.08529 -2.93966e-18)
(-3.24081 -2.09493 -4.34028e-18)
(-3.31674 -2.13153 -1.58709e-18)
(-3.40548 -2.20519 1.52969e-18)
(-3.51624 -2.33505 0)
(-3.54541 -2.57099 1.71064e-18)
(-4.07231 -3.07588 -4.06483e-19)
(-2.71972 -2.13487 6.56036e-18)
(-2.77276 -2.0706 -3.55303e-18)
(-2.82792 -2.01908 -3.30028e-18)
(-2.88662 -1.97997 -6.05986e-18)
(-2.95138 -1.95395 6.01912e-18)
(-3.02543 -1.94314 -1.62287e-19)
(-3.11301 -1.95092 9.36384e-18)
(-3.21922 -1.98188 1.51547e-18)
(-3.34934 -2.04439 1.84762e-18)
(-3.51676 -2.15708 0)
(-3.63696 -2.37578 -1.19478e-18)
(-4.17421 -2.91538 -5.48052e-19)
(-2.55152 -1.99337 0)
(-2.60403 -1.92636 3.53091e-18)
(-2.65928 -1.87401 3.43569e-18)
(-2.71979 -1.83441 -3.52359e-18)
(-2.7893 -1.80655 -1.34419e-19)
(-2.87204 -1.79107 -3.60579e-18)
(-2.97384 -1.78999 -3.31611e-18)
(-3.10174 -1.80647 0)
(-3.26398 -1.84608 -1.754e-18)
(-3.47934 -1.92483 -1.10415e-18)
(-3.6909 -2.10077 3.97367e-18)
(-4.21837 -2.60065 -8.35316e-19)
(-2.38633 -1.85841 0)
(-2.43881 -1.78813 0)
(-2.49335 -1.73377 0)
(-2.55341 -1.69182 -1.22647e-17)
(-2.62356 -1.65963 7.87469e-18)
(-2.70859 -1.63617 7.6737e-18)
(-2.81543 -1.62149 0)
(-2.95284 -1.61707 -4.04687e-18)
(-3.13281 -1.62422 0)
(-3.38425 -1.65475 -2.38056e-18)
(-3.6665 -1.75371 -7.48934e-19)
(-4.18983 -2.14167 -1.08546e-18)
(-2.21725 -1.72086 0)
(-2.27229 -1.65134 0)
(-2.32685 -1.59714 9.49438e-18)
(-2.38504 -1.55382 1.33754e-17)
(-2.45186 -1.5174 3.75759e-19)
(-2.53219 -1.48543 4.53064e-18)
(-2.633 -1.45555 -2.20644e-18)
(-2.76331 -1.42706 6.34914e-18)
(-2.94017 -1.39446 4.46619e-18)
(-3.20194 -1.36319 2.25505e-18)
(-3.52926 -1.33073 -1.8052e-18)
(-4.03449 -1.35902 -1.68719e-18)
(-2.04233 -1.56734 0)
(-2.10356 -1.50818 0)
(-2.15972 -1.46071 -8.99783e-18)
(-2.21509 -1.42041 4.79206e-18)
(-2.27452 -1.38283 -4.37349e-18)
(-2.34227 -1.34485 -4.47939e-18)
(-2.42473 -1.30275 4.70408e-18)
(-2.52799 -1.25327 0)
(-2.67326 -1.18251 -4.58342e-18)
(-2.88858 -1.08342 -2.43843e-18)
(-3.22993 -0.883451 2.28576e-18)
(-3.58225 -0.154971 -3.88123e-18)
(-2.2229 0.108151 8.59575e-20)
(-1.90929 0.131749 0)
(-1.7231 0.223189 0)
(-1.59898 0.355022 1.18839e-18)
(-1.67389 0.452777 -9.4586e-19)
(-1.87495 0.889226 0)
(-1.65314 2.06592 0)
(-2.26567 3.00723 3.80742e-19)
(-2.72951 3.2148 6.11042e-19)
(-3.02214 3.60523 1.92215e-20)
(-3.13334 3.93967 -1.86019e-18)
(-3.17073 4.27562 9.82068e-19)
(-2.77328 -0.520135 -4.90826e-19)
(-2.34009 -0.272006 0)
(-2.43642 0.0853981 0)
(-2.51676 0.736437 -7.01304e-19)
(-2.70722 1.69471 9.06733e-19)
(-3.14321 2.60478 -1.2144e-18)
(-3.22139 3.06719 7.72396e-19)
(-3.32581 3.2239 8.5492e-19)
(-3.40626 3.23772 -3.37123e-19)
(-3.45428 3.36338 7.01343e-19)
(-3.50105 3.4605 0)
(-3.49003 3.59096 -8.31488e-19)
(-3.08961 -0.411811 2.80657e-19)
(-2.78334 0.129656 0)
(-2.94503 0.894294 0)
(-3.15854 1.79017 -5.36049e-19)
(-3.30197 2.55019 3.71157e-19)
(-3.36133 3.013 -1.32854e-18)
(-3.27157 3.24161 0)
(-3.21872 3.3408 -2.71542e-18)
(-3.17553 3.39108 3.17677e-18)
(-3.13359 3.47042 -9.34216e-19)
(-3.08346 3.5347 -1.92706e-18)
(-3.02214 3.61803 2.5323e-18)
(-3.36147 -0.195873 -8.74819e-19)
(-3.23967 0.478857 1.30552e-18)
(-3.39394 1.31354 0)
(-3.47066 2.13836 6.10873e-19)
(-3.43657 2.70967 -6.33861e-19)
(-3.3456 3.0032 1.09114e-18)
(-3.23354 3.16596 0)
(-3.14153 3.22526 -1.71394e-18)
(-3.06599 3.25042 -3.90901e-18)
(-2.9955 3.28488 2.53835e-18)
(-2.93312 3.32966 2.34855e-18)
(-2.8687 3.39003 -4.61527e-18)
(-3.51837 0.0924956 1.35043e-18)
(-3.52011 0.768803 -9.77639e-19)
(-3.59896 1.54557 1.79261e-18)
(-3.55308 2.25993 0)
(-3.42857 2.69133 -4.35443e-18)
(-3.29081 2.92341 4.10748e-18)
(-3.14447 3.00628 2.4612e-18)
(-3.0245 3.042 1.6456e-18)
(-2.92449 3.06884 0)
(-2.83633 3.10611 0)
(-2.75736 3.15184 0)
(-2.683 3.20661 -4.96522e-19)
(-3.65395 0.320854 3.3221e-18)
(-3.72317 0.962589 0)
(-3.72625 1.6504 -1.58389e-18)
(-3.60016 2.24165 3.84238e-18)
(-3.41163 2.60603 2.3716e-18)
(-3.22565 2.75685 -5.48061e-18)
(-3.05392 2.82365 2.54882e-18)
(-2.90958 2.86024 -8.57751e-18)
(-2.78912 2.89097 -5.32387e-20)
(-2.68607 2.92814 -2.6118e-19)
(-2.59638 2.97194 2.09943e-19)
(-2.51661 3.02219 8.24442e-18)
(-3.8057 0.489576 -5.35824e-18)
(-3.92483 1.07356 3.16815e-18)
(-3.85508 1.66415 -4.76859e-18)
(-3.6602 2.1583 -3.16955e-18)
(-3.42104 2.43926 -6.77311e-18)
(-3.18701 2.56594 -3.72225e-18)
(-2.9829 2.63055 -5.36066e-18)
(-2.811 2.67214 8.74619e-18)
(-2.66796 2.70877 0)
(-2.54796 2.7489 7.20121e-18)
(-2.44646 2.79347 -9.9628e-18)
(-2.35992 2.84246 3.32097e-18)
(-4.01086 0.625522 -2.99474e-18)
(-4.16713 1.1274 -4.75283e-18)
(-4.03271 1.60974 7.40447e-18)
(-3.78142 2.00231 0)
(-3.47867 2.23696 -4.28982e-18)
(-3.19159 2.35806 6.33451e-18)
(-2.94398 2.42967 -2.9138e-19)
(-2.73663 2.48115 3.49246e-20)
(-2.56564 2.52645 -4.48824e-18)
(-2.42487 2.57192 -8.13039e-18)
(-2.30902 2.61921 3.5751e-18)
(-2.21369 2.66872 -3.54081e-18)
(-4.19889 0.724062 2.25368e-18)
(-4.44153 1.1558 0)
(-4.23222 1.50734 0)
(-3.92883 1.80088 0)
(-3.5734 2.00051 3.70931e-18)
(-3.23338 2.12842 0)
(-2.9369 2.21719 -3.19086e-19)
(-2.68815 2.28515 1.09825e-17)
(-2.4839 2.34322 1.86239e-19)
(-2.31825 2.39703 4.36657e-18)
(-2.18507 2.44897 -4.24422e-18)
(-2.07853 2.50048 1.23221e-17)
(-4.549 0.833867 5.55237e-20)
(-4.70553 1.08303 7.57712e-18)
(-4.37592 1.30907 -2.44033e-18)
(-4.00604 1.54135 0)
(-3.61482 1.72414 0)
(-3.24276 1.86734 0)
(-2.91361 1.97982 0)
(-2.63429 2.07125 5.83796e-18)
(-2.40299 2.14818 -2.18661e-17)
(-2.21549 2.21592 -1.04278e-17)
(-2.06646 2.27682 9.80481e-18)
(-1.94954 2.3335 5.08525e-18)
(-4.58438 1.08003 -6.30654e-18)
(-4.64364 0.939267 -4.32424e-18)
(-4.23025 1.0036 -2.6102e-18)
(-3.81263 1.19311 0)
(-3.43848 1.38175 0)
(-3.08607 1.54978 7.1071e-18)
(-2.77056 1.69461 -1.27441e-17)
(-2.49842 1.81787 2.37378e-17)
(-2.26852 1.92235 1.65362e-17)
(-2.07961 2.01248 1.03166e-17)
(-1.92895 2.08979 -9.96077e-18)
(-1.81106 2.15804 5.03884e-19)
(-3.97266 0.313322 -1.56226e-18)
(-3.84168 0.433861 0)
(-3.48469 0.567673 3.45646e-18)
(-3.16354 0.771614 -1.03708e-17)
(-2.90652 0.988582 9.34017e-18)
(-2.65652 1.18982 2.10842e-19)
(-2.42285 1.36956 5.25952e-18)
(-2.21133 1.52743 -4.94036e-18)
(-2.02586 1.66438 -2.47196e-17)
(-1.86904 1.78375 0)
(-1.7423 1.88443 0)
(-1.64216 1.97124 3.80975e-19)
(-3.0921 4.5279 -3.43634e-19)
(-2.96279 4.74079 5.55194e-20)
(-2.76949 4.85886 9.23437e-19)
(-2.55539 4.91812 -2.18137e-18)
(-2.30275 4.89724 7.56448e-19)
(-2.04885 4.80269 -7.19842e-20)
(-1.78359 4.61349 -2.99996e-19)
(-1.5346 4.33987 9.96374e-19)
(-1.2953 3.96601 -5.3734e-19)
(-1.03666 3.45179 -8.03157e-20)
(-0.670201 2.91277 0)
(0.0524087 2.68423 0)
(-3.43559 3.72188 2.16121e-18)
(-3.3389 3.85835 -1.46597e-18)
(-3.19924 3.98668 -8.99814e-19)
(-3.02084 4.10306 0)
(-2.8259 4.17653 -1.01465e-18)
(-2.62487 4.20018 0)
(-2.43084 4.16308 -5.45409e-19)
(-2.25876 4.06689 1.31229e-18)
(-2.12368 3.90775 0)
(-2.00881 3.56546 1.28783e-18)
(-1.90427 3.24697 -1.74075e-18)
(-1.58121 3.29348 1.94336e-19)
(-2.94441 3.70867 9.60201e-19)
(-2.85167 3.80034 -2.66947e-18)
(-2.74741 3.88073 7.20073e-19)
(-2.63669 3.94044 0)
(-2.52494 3.9702 8.58208e-19)
(-2.42247 3.9661 2.32568e-18)
(-2.33808 3.92396 -3.20741e-18)
(-2.28348 3.84476 1.65081e-18)
(-2.27095 3.73225 -7.94135e-19)
(-2.29392 3.53954 0)
(-2.31769 3.2581 0)
(-2.26483 3.4176 -1.28579e-19)
(-2.79769 3.45897 -2.0811e-18)
(-2.71927 3.5299 1.70347e-18)
(-2.6356 3.59409 2.02198e-18)
(-2.55125 3.64495 -1.12433e-18)
(-2.4729 3.67753 -2.13646e-18)
(-2.40783 3.68907 0)
(-2.36394 3.67732 1.25965e-19)
(-2.35027 3.64355 2.90028e-18)
(-2.37753 3.59492 -2.50993e-18)
(-2.464 3.50364 6.88456e-19)
(-2.59463 3.29123 -6.46075e-20)
(-2.78303 3.58562 -4.41148e-19)
(-2.60989 3.26672 2.33445e-18)
(-2.53758 3.32752 -1.24344e-18)
(-2.46785 3.38372 2.2267e-18)
(-2.40403 3.43178 -1.22132e-18)
(-2.3507 3.4696 0)
(-2.31528 3.49581 0)
(-2.30286 3.50964 -1.06698e-18)
(-2.32013 3.51418 -2.88097e-18)
(-2.38295 3.50992 1.66396e-18)
(-2.50687 3.49528 8.53631e-19)
(-2.69914 3.34511 -9.39465e-19)
(-3.01072 3.76658 0)
(-2.44383 3.07654 -1.84239e-19)
(-2.37728 3.13212 -5.26437e-18)
(-2.3179 3.18598 0)
(-2.26791 3.23658 2.46959e-18)
(-2.23065 3.28322 -2.49161e-18)
(-2.21103 3.32668 0)
(-2.21417 3.36853 -1.05732e-19)
(-2.24686 3.41016 -1.16856e-19)
(-2.32113 3.45454 0)
(-2.45783 3.5082 -1.87316e-18)
(-2.70721 3.44893 8.57879e-19)
(-3.12784 3.93273 -4.64825e-19)
(-2.28533 2.89457 -3.16193e-18)
(-2.22117 2.94838 8.5928e-18)
(-2.16743 3.00273 0)
(-2.12512 3.05769 -2.76405e-18)
(-2.0963 3.11431 2.7661e-18)
(-2.0845 3.17455 2.77551e-18)
(-2.09399 3.24116 -3.12787e-18)
(-2.13046 3.31708 -1.50087e-18)
(-2.20402 3.40579 0)
(-2.33381 3.51653 -1.27794e-18)
(-2.56968 3.54555 1.21738e-18)
(-3.07444 4.07259 0)
(-2.13517 2.72011 6.74782e-18)
(-2.07074 2.77322 -6.34041e-18)
(-2.01905 2.82843 6.47282e-18)
(-1.97976 2.88716 -6.2341e-18)
(-1.95354 2.95195 2.84785e-21)
(-1.94254 3.026 3.09957e-18)
(-1.95014 3.11358 2.95848e-18)
(-1.98094 3.21976 0)
(-2.04334 3.34983 -1.85126e-18)
(-2.15594 3.51719 4.21215e-18)
(-2.37458 3.63724 -1.19577e-18)
(-2.91412 4.17448 0)
(-1.99391 2.55207 3.82542e-18)
(-1.92673 2.60466 1.30514e-19)
(-1.8742 2.65997 -3.44323e-18)
(-1.8344 2.72052 0)
(-1.80634 2.79005 0)
(-1.79064 2.8728 0)
(-1.78936 2.97457 0)
(-1.80566 3.10244 -3.69958e-18)
(-1.84514 3.26462 1.75746e-18)
(-1.92381 3.4799 2.76563e-19)
(-2.09972 3.69128 0)
(-2.59964 4.21865 0)
(-1.85909 2.38696 -4.34018e-18)
(-1.78865 2.43953 -1.2682e-17)
(-1.73411 2.49415 0)
(-1.69197 2.55425 4.25457e-18)
(-1.65957 2.62442 8.04514e-18)
(-1.63589 2.70946 0)
(-1.62098 2.81628 0)
(-1.61637 2.95365 1.67116e-18)
(-1.62338 3.13355 -6.16728e-18)
(-1.65384 3.3849 2.29671e-19)
(-1.7528 3.66699 0)
(-2.14085 4.19011 0)
(-1.72151 2.21783 -5.11625e-18)
(-1.65189 2.27298 -5.25982e-18)
(-1.59753 2.32763 9.51356e-18)
(-1.55405 2.38589 -1.34033e-17)
(-1.51743 2.45275 4.83536e-18)
(-1.48525 2.5331 8.9521e-18)
(-1.45515 2.63389 -2.2886e-18)
(-1.42646 2.76417 2.04675e-18)
(-1.3937 2.94096 4.19777e-18)
(-1.36237 3.20265 -4.68513e-18)
(-1.32997 3.5298 -1.80694e-18)
(-1.35858 4.03479 0)
(-1.56781 2.04276 -4.08285e-19)
(-1.5086 2.10411 9.05956e-18)
(-1.46104 2.1604 -9.00799e-18)
(-1.42061 2.21586 0)
(-1.38288 2.27535 -8.97113e-18)
(-1.34472 2.34315 -1.38823e-17)
(-1.30241 2.42563 -2.09094e-19)
(-1.25276 2.52886 0)
(-1.18184 2.67406 0)
(-1.08267 2.88927 1.17167e-18)
(-0.882866 3.23048 1.71115e-20)
(-0.154819 3.58261 1.96032e-18)
(-0.0544856 2.26662 5.16659e-19)
(0.0414377 2.30584 2.06904e-18)
(0.244841 2.28698 5.46587e-20)
(0.459419 2.23484 0)
(0.677596 2.15349 4.79137e-18)
(0.884322 2.04523 -4.58793e-18)
(1.07655 1.92386 -1.34692e-17)
(1.25335 1.80185 -8.88899e-18)
(1.41294 1.68737 -2.27712e-20)
(1.55782 1.58733 -4.34672e-18)
(1.68126 1.50638 8.81369e-18)
(1.78922 1.44198 -8.61688e-18)
(-0.0494436 1.77603 0)
(0.0766194 1.72178 0)
(0.211502 1.68781 -1.9864e-18)
(0.359686 1.64591 3.90632e-18)
(0.525522 1.59693 -9.66252e-18)
(0.699466 1.53785 -5.72396e-18)
(0.876086 1.47296 7.61957e-18)
(1.05198 1.40863 1.90286e-17)
(1.22052 1.349 -3.84482e-18)
(1.38188 1.30026 0)
(1.52196 1.26587 1.58264e-19)
(1.6488 1.24171 0)
(-0.112605 1.44736 -4.09291e-19)
(-0.00550856 1.39376 4.14796e-19)
(0.124399 1.35074 3.27594e-18)
(0.267113 1.30636 -3.56747e-20)
(0.423966 1.26352 3.31163e-18)
(0.591128 1.21924 8.68463e-20)
(0.765698 1.17569 0)
(0.945027 1.13691 -3.38265e-18)
(1.12285 1.10696 -3.44927e-18)
(1.29843 1.09059 1.07231e-17)
(1.44877 1.08855 -1.09917e-17)
(1.58691 1.09569 7.76759e-18)
(-0.163034 1.18155 -7.36497e-19)
(-0.0581924 1.15744 1.46556e-18)
(0.0669452 1.13919 -1.49847e-20)
(0.206795 1.12122 -2.95064e-18)
(0.363579 1.10327 -5.87004e-18)
(0.536833 1.08477 4.5652e-20)
(0.725311 1.06684 -5.90014e-18)
(0.926388 1.05154 2.99997e-18)
(1.13233 1.04011 -3.05613e-18)
(1.33487 1.03618 -6.4012e-18)
(1.50094 1.03128 0)
(1.64248 1.02915 7.13374e-18)
(1.87437 1.39818 8.67034e-18)
(1.94265 1.35973 9.05061e-18)
(1.99928 1.32611 0)
(2.04802 1.29367 0)
(2.09336 1.25891 4.44554e-18)
(2.13838 1.21879 -4.40408e-18)
(2.18973 1.17034 2.08883e-18)
(2.24808 1.10899 6.50175e-18)
(2.33628 1.01851 0)
(2.43856 0.873926 0)
(2.64121 0.596289 5.81718e-19)
(2.46631 -0.0612023 -1.43043e-18)
(1.74252 1.23492 -8.49152e-18)
(1.81035 1.22021 3.01129e-19)
(1.85696 1.20109 0)
(1.88654 1.17709 -4.25948e-18)
(1.90386 1.14712 -1.04526e-20)
(1.91186 1.10806 4.17451e-18)
(1.91887 1.05904 0)
(1.92424 0.994462 -4.10638e-18)
(1.95813 0.90391 0)
(1.98981 0.757598 -3.99585e-18)
(2.09862 0.54466 -1.9367e-18)
(1.98757 0.120736 -1.39408e-26)
(1.66847 1.11544 -2.75388e-19)
(1.70932 1.11463 -8.09353e-18)
(1.71618 1.09837 0)
(1.70384 1.07643 6.92741e-18)
(1.67558 1.0477 3.60604e-18)
(1.63319 1.01172 -1.3164e-21)
(1.58753 0.966441 -9.20246e-18)
(1.54613 0.90437 1.09438e-17)
(1.54329 0.818555 -1.80578e-18)
(1.54736 0.677662 8.02255e-18)
(1.61376 0.512906 2.51567e-18)
(1.56838 0.225231 -4.15849e-19)
(1.65264 1.02281 2.43123e-17)
(1.62213 0.997078 0)
(1.55936 0.969418 0)
(1.47018 0.936941 -6.95187e-18)
(1.36272 0.90716 -7.3609e-18)
(1.25967 0.881264 7.13355e-18)
(1.17764 0.854901 1.36511e-17)
(1.12585 0.811226 -6.58958e-18)
(1.126 0.744063 3.23502e-18)
(1.14794 0.62232 -3.18109e-18)
(1.21328 0.479763 -1.5333e-18)
(1.22894 0.274132 -3.68196e-19)
(2.26616 0.054515 -1.03369e-18)
(2.30578 -0.0414455 0)
(2.28721 -0.244745 5.48881e-20)
(2.23547 -0.45915 0)
(2.15446 -0.677368 0)
(2.04635 -0.884178 4.58991e-18)
(1.9251 -1.07659 0)
(1.80311 -1.25359 8.72123e-18)
(1.6886 -1.41339 8.60395e-18)
(1.58849 -1.55847 8.75618e-18)
(1.50747 -1.6821 -4.36763e-18)
(1.44295 -1.79024 -4.52427e-18)
(1.77596 0.0492597 -4.91768e-19)
(1.72192 -0.076829 -4.87474e-19)
(1.68805 -0.211487 -9.9572e-19)
(1.64628 -0.35951 0)
(1.59746 -0.525318 -1.92748e-18)
(1.53848 -0.699274 9.59192e-18)
(1.47366 -0.875975 0)
(1.40937 -1.05204 3.81088e-18)
(1.34976 -1.22076 -3.84701e-18)
(1.30103 -1.38234 -7.73783e-18)
(1.26664 -1.52262 -8.04454e-18)
(1.24245 -1.64966 8.05156e-18)
(1.44764 0.112348 -8.20644e-19)
(1.39414 0.00520527 1.23552e-18)
(1.35105 -0.124442 -2.46752e-18)
(1.3067 -0.266956 1.65763e-18)
(1.26386 -0.423724 0)
(1.21961 -0.590877 -1.32e-17)
(1.17605 -0.765504 0)
(1.13729 -0.944975 6.70828e-18)
(1.10734 -1.12298 -3.41469e-18)
(1.09101 -1.29877 7.18034e-18)
(1.089 -1.44931 3.6632e-18)
(1.09618 -1.58765 -7.77224e-18)
(1.1821 0.16273 1.1063e-18)
(1.15793 0.0578928 1.4664e-18)
(1.13954 -0.0669523 0)
(1.12153 -0.20659 0)
(1.10354 -0.363264 0)
(1.08505 -0.536499 1.17919e-17)
(1.06712 -0.725046 5.90287e-18)
(1.05185 -0.926293 -9.00377e-18)
(1.04044 -1.13246 9.25633e-18)
(1.03654 -1.33526 -6.40377e-18)
(1.03166 -1.50155 0)
(1.02954 -1.64329 6.93673e-18)
(1.39902 -1.87555 -9.00606e-18)
(1.36042 -1.94397 -9.05772e-18)
(1.32662 -2.00072 8.71284e-18)
(1.294 -2.04954 -9.06778e-18)
(1.25902 -2.09493 0)
(1.21869 -2.13995 -8.98942e-18)
(1.17007 -2.19122 1.11135e-17)
(1.10855 -2.24947 -2.18378e-18)
(1.01797 -2.33749 4.33701e-18)
(0.873386 -2.43964 -1.1262e-18)
(0.595891 -2.64198 1.09629e-18)
(-0.0611438 -2.46714 -7.49947e-19)
(1.23559 -1.74358 8.21949e-18)
(1.22081 -1.81156 8.31393e-18)
(1.20155 -1.85831 0)
(1.17739 -1.88798 4.0903e-18)
(1.14724 -1.90534 8.45984e-18)
(1.108 -1.91332 4.0419e-18)
(1.05883 -1.92027 -1.64008e-17)
(0.994132 -1.92556 -4.10598e-18)
(0.903494 -1.95929 -4.04644e-18)
(0.757187 -1.99089 -1.00404e-18)
(0.544331 -2.09952 9.64392e-19)
(0.120683 -1.98846 4.75684e-19)
(1.1159 -1.66943 0)
(1.11511 -1.71042 -1.25384e-17)
(1.09867 -1.71739 4.22127e-18)
(1.07662 -1.70511 3.53194e-18)
(1.04776 -1.67686 7.21544e-18)
(1.01166 -1.63446 -3.5767e-18)
(0.966268 -1.58876 9.03323e-18)
(0.904069 -1.54735 9.11945e-18)
(0.818189 -1.54444 1.79851e-18)
(0.67733 -1.54849 -1.77419e-18)
(0.512628 -1.61482 -4.20293e-19)
(0.225117 -1.56939 -6.09317e-21)
(1.02314 -1.65357 0)
(0.99738 -1.62311 -1.65014e-19)
(0.969647 -1.56039 0)
(0.937077 -1.47124 -1.4082e-17)
(0.907176 -1.36378 3.64544e-18)
(0.88118 -1.26078 -1.06819e-17)
(0.854714 -1.17882 0)
(0.810954 -1.1271 -6.58675e-18)
(0.743698 -1.12726 3.21833e-18)
(0.62197 -1.14918 -3.16339e-18)
(0.479474 -1.21444 -1.13571e-18)
(0.273974 -1.23 -3.74947e-19)
(0.0544474 -2.26719 -1.03328e-18)
(-0.0417487 -2.30692 6.72143e-20)
(-0.245351 -2.28825 0)
(-0.459987 -2.23633 -2.39219e-18)
(-0.678289 -2.15506 4.79384e-18)
(-0.88513 -2.04673 -7.01642e-18)
(-1.07747 -1.92524 -1.08479e-19)
(-1.25433 -1.80304 8.82676e-18)
(-1.41393 -1.68833 -4.36927e-18)
(-1.55875 -1.58806 0)
(-1.6821 -1.50687 -1.73883e-17)
(-1.78996 -1.44226 2.82847e-19)
(0.0491782 -1.77706 9.86833e-19)
(-0.077113 -1.72315 -5.146e-19)
(-0.212024 -1.68928 3.94871e-18)
(-0.360288 -1.64748 -7.83184e-18)
(-0.526241 -1.59856 3.85964e-18)
(-0.700283 -1.53948 2.62504e-20)
(-0.876995 -1.47451 0)
(-1.05296 -1.41006 1.14278e-17)
(-1.22152 -1.35025 -3.84518e-18)
(-1.38283 -1.3013 0)
(-1.52284 -1.26668 7.88123e-18)
(-1.64958 -1.24227 -8.04566e-18)
(0.112189 -1.44876 -4.12558e-19)
(0.00483734 -1.39536 -5.16383e-21)
(-0.125051 -1.35232 -3.30179e-18)
(-0.267789 -1.30798 3.30441e-18)
(-0.424701 -1.26513 -3.31187e-18)
(-0.591933 -1.22083 9.90239e-18)
(-0.766566 -1.17722 9.93818e-18)
(-0.945937 -1.13835 -3.38318e-18)
(-1.12376 -1.10827 3.43257e-18)
(-1.29926 -1.09172 0)
(-1.44952 -1.08946 -7.44317e-18)
(-1.58755 -1.09634 0)
(0.162522 -1.18322 -1.47269e-18)
(0.057493 -1.15913 -2.93445e-18)
(-0.0675908 -1.14078 2.92236e-18)
(-0.207442 -1.12277 -1.45358e-18)
(-0.364265 -1.10476 2.93246e-18)
(-0.537564 -1.08621 -1.03107e-17)
(-0.726077 -1.0682 -5.93134e-18)
(-0.927147 -1.05278 5.98912e-18)
(-1.13301 -1.04121 -9.21871e-18)
(-1.33542 -1.03711 0)
(-1.50136 -1.03201 6.72865e-18)
(-1.64272 -1.02964 -1.40674e-17)
(-1.875 -1.39828 1.34281e-17)
(-1.94318 -1.3597 -4.43191e-18)
(-1.99968 -1.32604 0)
(-2.0483 -1.29359 -8.69322e-18)
(-2.09353 -1.25883 0)
(-2.13845 -1.21876 0)
(-2.18969 -1.17041 -4.29334e-18)
(-2.24795 -1.10914 0)
(-2.33607 -1.01878 0)
(-2.43836 -0.874304 -3.6924e-20)
(-2.64096 -0.596669 2.22054e-18)
(-2.46604 0.0608709 1.49998e-18)
(-1.7432 -1.23527 -8.21296e-18)
(-1.81094 -1.22038 0)
(-1.85744 -1.20119 0)
(-1.88688 -1.17714 -4.25828e-18)
(-1.90407 -1.14715 4.22119e-18)
(-1.91193 -1.1081 0)
(-1.9188 -1.05915 -6.24745e-18)
(-1.92406 -0.994653 -2.02339e-18)
(-1.95786 -0.904194 0)
(-1.98955 -0.757979 -1.00693e-18)
(-2.09835 -0.545051 -2.42251e-18)
(-1.98728 -0.12112 -4.76952e-19)
(-1.66903 -1.11587 8.08207e-18)
(-1.70981 -1.11482 -4.14814e-18)
(-1.71656 -1.09855 -8.61125e-18)
(-1.70414 -1.07657 3.39384e-18)
(-1.67575 -1.04781 -7.33788e-18)
(-1.63319 -1.01183 0)
(-1.58737 -0.9666 1.45854e-17)
(-1.54586 -0.904582 0)
(-1.54298 -0.818843 1.82254e-18)
(-1.54706 -0.678029 8.98763e-19)
(-1.6135 -0.513283 1.25876e-18)
(-1.56813 -0.225606 -4.02245e-21)
(-1.65288 -1.02309 -7.98486e-18)
(-1.62236 -0.997256 0)
(-1.55954 -0.969529 6.8456e-18)
(-1.47027 -0.937028 -1.06686e-17)
(-1.36269 -0.907258 1.82021e-17)
(-1.25953 -0.881399 -7.13097e-18)
(-1.1774 -0.855093 -1.36455e-17)
(-1.12557 -0.811462 0)
(-1.12572 -0.744345 0)
(-1.14768 -0.62265 0)
(-1.21308 -0.480114 -1.51525e-18)
(-1.22877 -0.274479 -1.12518e-18)
(-2.26582 -0.0547852 -5.07051e-20)
(-2.30538 0.0412778 5.35781e-19)
(-2.28672 0.244673 0)
(-2.23492 0.459158 4.89414e-18)
(-2.15384 0.677399 -2.34438e-18)
(-2.04572 0.884246 -6.92585e-18)
(-1.92442 1.07665 -4.48652e-18)
(-1.80242 1.25363 4.4339e-18)
(-1.68791 1.41339 8.60051e-18)
(-1.58781 1.5584 8.75304e-18)
(-1.5068 1.68196 -8.81681e-18)
(-1.44232 1.79002 -8.62056e-18)
(-1.77566 -0.0495356 -1.52514e-26)
(-1.72161 0.0766397 1.97625e-18)
(-1.6877 0.211391 3.94815e-18)
(-1.64591 0.359515 0)
(-1.59706 0.525377 3.85918e-18)
(-1.53806 0.699396 0)
(-1.47322 0.876139 3.80276e-18)
(-1.40892 1.05218 -2.04028e-20)
(-1.34929 1.22087 -1.15319e-17)
(-1.30055 1.38237 -7.73502e-18)
(-1.26614 1.52257 7.8834e-18)
(-1.24194 1.64951 8.26548e-18)
(-1.44742 -0.112628 4.10888e-19)
(-1.39393 -0.00537607 -4.10787e-18)
(-1.35084 0.124386 -5.74967e-18)
(-1.30649 0.267011 -1.63737e-18)
(-1.26365 0.423861 -9.83216e-18)
(-1.21937 0.591077 4.9237e-18)
(-1.17583 0.765749 2.16107e-20)
(-1.13704 0.945209 3.38307e-18)
(-1.10708 1.12317 1.76327e-20)
(-1.09071 1.29887 0)
(-1.08866 1.44931 0)
(-1.09579 1.58754 1.96797e-19)
(-1.18199 -0.162994 3.67266e-19)
(-1.15786 -0.058044 1.46902e-18)
(-1.13948 0.0669266 2.93712e-18)
(-1.12147 0.206685 -2.9315e-18)
(-1.10348 0.363457 1.1785e-17)
(-1.08496 0.536766 -5.91637e-18)
(-1.06701 0.725352 0)
(-1.05169 0.926571 5.98455e-18)
(-1.04023 1.13265 6.16126e-18)
(-1.03628 1.33532 0)
(-1.03135 1.50148 0)
(-1.02919 1.64313 -2.10052e-17)
(-1.39844 1.87524 8.67453e-18)
(-1.3599 1.94356 -9.05545e-18)
(-1.32621 2.00021 -1.35326e-17)
(-1.29369 2.04895 -1.4232e-20)
(-1.25883 2.09428 9.02154e-18)
(-1.21862 2.13926 2.20477e-17)
(-1.1701 2.19055 4.2977e-18)
(-1.10868 2.24879 -4.45997e-18)
(-1.01819 2.33685 0)
(-0.873643 2.43898 -3.7029e-20)
(-0.596159 2.64143 0)
(0.0610362 2.4666 -7.50134e-19)
(-1.23511 1.74331 0)
(-1.22035 1.8112 -3.01327e-19)
(-1.20118 1.85785 8.35755e-18)
(-1.17711 1.88742 -1.29221e-17)
(-1.14706 1.90472 -1.2675e-17)
(-1.10792 1.91266 -8.21818e-18)
(-1.05883 1.91957 1.03805e-17)
(-0.994214 1.92479 6.09787e-18)
(-0.90366 1.9585 -4.04812e-18)
(-0.757397 1.99001 1.98343e-18)
(-0.544569 2.09863 0)
(-0.120708 1.9877 0)
(-1.11553 1.66919 -8.08514e-18)
(-1.11471 1.71009 3.97251e-18)
(-1.0984 1.71696 -4.4188e-18)
(-1.07642 1.7046 3.28248e-18)
(-1.04762 1.67629 1.0706e-17)
(-1.01159 1.63378 0)
(-0.966258 1.58796 1.75063e-19)
(-0.904151 1.54636 -3.60626e-18)
(-0.818347 1.54333 -2.40136e-20)
(-0.677515 1.54724 -3.55648e-18)
(-0.512821 1.61352 4.20552e-19)
(-0.225178 1.56824 -4.19758e-19)
(-1.02281 1.65334 -8.34555e-18)
(-0.997054 1.62282 0)
(-0.969349 1.56001 6.84828e-18)
(-0.936824 1.47074 -1.06708e-17)
(-0.906986 1.36311 3.66195e-18)
(-0.881062 1.25986 0)
(-0.854682 1.17761 1.24429e-19)
(-0.811013 1.12563 6.66974e-18)
(-0.743859 1.12564 3.21954e-18)
(-0.622179 1.14747 1.544e-20)
(-0.479649 1.21281 0)
(-0.274063 1.22851 7.46812e-19)
(-0.158661 0.993639 1.05917e-18)
(-0.0487233 1.01479 1.27536e-20)
(0.0879042 1.0398 -4.36015e-18)
(0.246162 1.06664 0)
(0.428277 1.09368 6.82012e-18)
(0.632672 1.11747 1.62157e-17)
(0.855657 1.1362 2.33664e-17)
(1.08781 1.14772 0)
(1.31161 1.14913 0)
(1.50007 1.13462 -4.44109e-18)
(1.60203 1.10004 3.84178e-18)
(1.61751 1.06262 -1.72604e-17)
(-0.147723 0.897638 -5.27886e-19)
(-0.0302519 0.949056 1.63684e-18)
(0.114016 1.0039 -5.57236e-18)
(0.284955 1.06056 0)
(0.483983 1.11549 9.49914e-18)
(0.708414 1.16357 -9.67768e-18)
(0.950235 1.19904 -4.94184e-18)
(1.19138 1.21489 7.85365e-21)
(1.4028 1.20201 -4.42106e-18)
(1.53164 1.15607 0)
(1.56702 1.09157 0)
(1.49006 1.02227 1.99173e-17)
(-0.114009 0.849959 0)
(0.0126583 0.917973 -2.16848e-18)
(0.166785 0.988351 4.46709e-18)
(0.349632 1.05877 2.31525e-18)
(0.560359 1.12412 -1.44621e-17)
(0.792745 1.1774 7.53363e-18)
(1.0326 1.21079 -1.52911e-17)
(1.25356 1.21323 4.73875e-18)
(1.4145 1.17771 2.24862e-20)
(1.48121 1.11844 4.86924e-20)
(1.43698 1.03186 -2.63551e-17)
(1.27873 0.964728 -2.35709e-17)
(-0.0734938 0.823508 0)
(0.0611951 0.898047 4.38322e-18)
(0.223128 0.972839 0)
(0.413358 1.04469 9.4789e-18)
(0.627957 1.1071 0)
(0.856392 1.15246 5.18745e-18)
(1.07872 1.17233 2.03875e-17)
(1.26178 1.15577 -4.61764e-18)
(1.36052 1.10357 0)
(1.3584 1.01353 0)
(1.21851 0.899436 -6.71881e-18)
(1.01726 0.844752 7.33875e-18)
(1.45429 0.996033 -2.07704e-17)
(1.29315 0.890039 -5.52446e-18)
(1.13828 0.839926 2.85414e-17)
(0.991299 0.800724 -1.68937e-17)
(0.872363 0.781862 2.17334e-17)
(0.791853 0.770445 -2.08544e-17)
(0.757898 0.756306 -2.48864e-17)
(0.770181 0.71957 0)
(0.824815 0.6505 -4.55902e-18)
(0.894526 0.534693 0)
(0.967757 0.401946 0)
(0.997312 0.249968 -1.05834e-18)
(1.19306 0.933828 0)
(0.997591 0.772678 0)
(0.83964 0.714636 -2.17644e-17)
(0.702253 0.678163 5.2952e-18)
(0.608487 0.668591 5.00714e-18)
(0.560733 0.668922 1.22238e-20)
(0.55848 0.665564 1.15734e-17)
(0.598596 0.640469 6.71149e-18)
(0.66959 0.584219 0)
(0.749165 0.488326 0)
(0.821984 0.37447 -5.23582e-19)
(0.866691 0.246309 2.63048e-18)
(0.886599 0.90887 0)
(0.717103 0.696522 -5.5764e-18)
(0.597818 0.64268 -1.57946e-17)
(0.496986 0.615698 2.0087e-17)
(0.439799 0.611313 1.82271e-17)
(0.424365 0.613012 4.38448e-18)
(0.447086 0.607908 -6.64986e-18)
(0.504113 0.581255 -6.46598e-18)
(0.582928 0.525945 8.48749e-18)
(0.66574 0.438327 0)
(0.740198 0.33448 5.20365e-19)
(0.797334 0.218889 1.57957e-18)
(0.555662 0.873896 -3.54464e-17)
(0.472411 0.617228 -2.37977e-17)
(0.410542 0.575406 2.10348e-17)
(0.355339 0.565129 -2.34841e-17)
(0.333831 0.566315 4.48897e-18)
(0.342358 0.568074 0)
(0.383057 0.5602 -2.18222e-18)
(0.450145 0.531061 9.31766e-21)
(0.532628 0.475978 -6.2902e-18)
(0.616646 0.393619 0)
(0.693347 0.295497 -3.66226e-18)
(0.759154 0.185008 -4.74324e-18)
(0.994263 0.158323 -2.12482e-18)
(1.01525 0.048583 -2.14432e-18)
(1.04012 -0.087786 0)
(1.06696 -0.245902 0)
(1.09404 -0.428001 6.91338e-18)
(1.1179 -0.63247 -6.88707e-18)
(1.13669 -0.855632 9.85276e-20)
(1.14827 -1.08803 1.41566e-17)
(1.14969 -1.31209 -4.59957e-18)
(1.13515 -1.50075 4.44154e-18)
(1.10052 -1.60281 -1.94029e-17)
(1.06304 -1.61833 0)
(0.898298 0.147467 1.58768e-18)
(0.949573 0.0301709 1.62876e-18)
(1.00432 -0.113914 -4.4604e-18)
(1.06102 -0.284763 -2.27384e-18)
(1.11603 -0.483811 -6.9992e-18)
(1.16422 -0.708357 0)
(1.19978 -0.950393 -1.49944e-17)
(1.21567 -1.19178 -5.05923e-18)
(1.20276 -1.40339 -8.80742e-18)
(1.15671 -1.53235 0)
(1.09207 -1.56776 1.88694e-17)
(1.02269 -1.49082 0)
(0.850686 0.113821 1.06778e-18)
(0.918605 -0.0126864 -4.35439e-18)
(0.988899 -0.166704 4.47036e-18)
(1.05938 -0.349519 2.31683e-18)
(1.12482 -0.560307 -4.84463e-18)
(1.1782 -0.792844 2.52644e-18)
(1.21167 -1.0329 0)
(1.2141 -1.25405 4.65949e-18)
(1.17851 -1.4151 4.14474e-18)
(1.11911 -1.48188 4.87828e-18)
(1.03239 -1.43766 -2.63344e-17)
(0.965136 -1.27943 0)
(0.824276 0.0733814 -2.13705e-18)
(0.898773 -0.0611824 6.56676e-18)
(0.973488 -0.223069 0)
(1.04541 -0.413314 -9.48343e-18)
(1.1079 -0.628004 0)
(1.15334 -0.856603 -5.18992e-18)
(1.17325 -1.0791 -5.12691e-18)
(1.15667 -1.26228 2.3094e-17)
(1.10437 -1.36109 7.74154e-21)
(1.01419 -1.35899 -5.74443e-18)
(0.899942 -1.21913 2.69177e-17)
(0.845124 -1.01791 -2.90886e-17)
(0.996345 -1.45513 0)
(0.890277 -1.29404 -1.09518e-17)
(0.840083 -1.13926 0)
(0.800802 -0.992363 5.57416e-18)
(0.781848 -0.873513 5.4525e-18)
(0.770329 -0.79308 2.59852e-17)
(0.756091 -0.75913 7.4385e-18)
(0.719278 -0.771399 -2.39027e-18)
(0.650198 -0.825983 4.57806e-18)
(0.53445 -0.895568 -1.35789e-20)
(0.401807 -0.968709 2.1305e-18)
(0.249884 -0.998259 0)
(0.934127 -1.19383 5.52716e-18)
(0.772884 -0.998453 -1.08944e-17)
(0.714772 -0.840594 5.38831e-18)
(0.678224 -0.703272 0)
(0.668563 -0.609552 9.99059e-18)
(0.668793 -0.561792 -9.57568e-18)
(0.665339 -0.559509 -1.84972e-17)
(0.640168 -0.599552 0)
(0.583893 -0.670447 -4.32563e-18)
(0.488042 -0.74991 -2.02648e-20)
(0.37427 -0.822663 -5.22625e-19)
(0.246163 -0.867393 5.27682e-19)
(0.909139 -0.887331 0)
(0.696665 -0.717915 -3.67232e-20)
(0.64275 -0.598685 -2.0992e-17)
(0.615686 -0.497867 2.00515e-17)
(0.61121 -0.44066 -9.09862e-18)
(0.612823 -0.425183 -4.36033e-18)
(0.607638 -0.447832 1.10781e-17)
(0.580934 -0.50476 8.64143e-18)
(0.525616 -0.583464 2.12085e-18)
(0.438042 -0.666171 4.17625e-18)
(0.334271 -0.740578 0)
(0.218723 -0.797734 1.05215e-18)
(0.874144 -0.556327 -3.54191e-17)
(0.617302 -0.473114 1.76514e-17)
(0.575405 -0.411265 4.72825e-17)
(0.565045 -0.356035 -2.34517e-17)
(0.566154 -0.334468 -1.34174e-17)
(0.567837 -0.34293 -1.34257e-17)
(0.559902 -0.383538 -4.34681e-18)
(0.530728 -0.450515 -8.49553e-18)
(0.475647 -0.532882 0)
(0.393333 -0.616807 1.03851e-18)
(0.295279 -0.693452 -1.04619e-18)
(0.184839 -0.759253 -2.10442e-18)
(0.158105 -0.995293 2.11676e-18)
(0.0481598 -1.01633 2.14106e-18)
(-0.0884088 -1.04119 -4.3587e-18)
(-0.246674 -1.06797 0)
(-0.428812 -1.09493 2.26051e-18)
(-0.633205 -1.11861 6.97531e-18)
(-0.856146 -1.13721 0)
(-1.08817 -1.14856 9.50403e-18)
(-1.31178 -1.14977 0)
(-1.49998 -1.13502 2.20435e-17)
(-1.60181 -1.10025 -7.79021e-18)
(-1.61726 -1.06271 2.15243e-17)
(0.147239 -0.899069 -5.276e-19)
(0.0298013 -0.950358 2.71451e-18)
(-0.114424 -1.00504 -4.45547e-18)
(-0.285349 -1.06161 -6.91583e-18)
(-0.484354 -1.11643 -2.56263e-20)
(-0.708711 -1.16437 -1.21316e-17)
(-0.950392 -1.19967 -1.5139e-17)
(-1.1913 -1.21531 -1.49718e-17)
(-1.40242 -1.20222 -1.78377e-17)
(-1.53111 -1.15612 -1.7945e-17)
(-1.56644 -1.09145 0)
(-1.48942 -1.02202 0)
(0.113613 -0.851114 2.13264e-18)
(-0.0129774 -0.919011 -3.25006e-18)
(-0.167063 -0.989215 5.59407e-18)
(-0.349874 -1.05953 -8.93573e-20)
(-0.560525 -1.12474 9.72844e-18)
(-0.792768 -1.17785 5.09724e-18)
(-1.03241 -1.21106 1.51684e-17)
(-1.2531 -1.21331 3.31536e-17)
(-1.41381 -1.1777 1.23846e-17)
(-1.48042 -1.11827 -1.94284e-17)
(-1.43605 -1.03154 0)
(-1.27799 -0.964265 0)
(0.0732097 -0.824372 -4.26918e-18)
(-0.0613798 -0.898812 1.08792e-18)
(-0.223266 -0.973408 -1.1368e-18)
(-0.413429 -1.04514 1.17525e-17)
(-0.627901 -1.10739 -1.22896e-17)
(-0.856141 -1.15259 -5.01096e-18)
(-1.07822 -1.17229 2.57421e-20)
(-1.26104 -1.15563 4.76012e-18)
(-1.3596 -1.10332 -2.13948e-17)
(-1.35736 -1.01322 2.30178e-17)
(-1.21759 -0.899076 -2.69034e-17)
(-1.01664 -0.844214 0)
(-1.45418 -0.995975 -2.07802e-17)
(-1.29316 -0.890001 -5.52332e-18)
(-1.13826 -0.839914 5.70164e-18)
(-0.991222 -0.800763 -5.67109e-18)
(-0.872206 -0.781943 -5.36967e-18)
(-0.79163 -0.77058 -5.81873e-20)
(-0.757638 -0.756501 1.23819e-17)
(-0.769924 -0.719809 -2.39268e-18)
(-0.824579 -0.650783 0)
(-0.894331 -0.535018 0)
(-0.967631 -0.40229 2.13272e-18)
(-0.997256 -0.250285 2.11876e-18)
(-1.19284 -0.933497 4.40574e-17)
(-0.997511 -0.772507 0)
(-0.839537 -0.714552 0)
(-0.702106 -0.678167 1.05471e-17)
(-0.608275 -0.668656 -5.00517e-18)
(-0.560478 -0.669046 4.79166e-18)
(-0.55821 -0.665741 0)
(-0.598344 -0.640684 -6.71988e-18)
(-0.669374 -0.584469 -2.17851e-18)
(-0.749006 -0.488608 4.26237e-18)
(-0.821902 -0.374766 -2.62691e-18)
(-0.866692 -0.24658 -5.22002e-19)
(-0.886418 -0.908293 -2.50512e-17)
(-0.71701 -0.696243 1.66737e-17)
(-0.597683 -0.642544 5.22692e-18)
(-0.496801 -0.615676 5.01747e-18)
(-0.439556 -0.611371 4.55746e-18)
(-0.424092 -0.613125 0)
(-0.446809 -0.608069 2.21269e-18)
(-0.503864 -0.581446 4.30896e-18)
(-0.582726 -0.526164 2.12388e-18)
(-0.665605 -0.438569 -4.18175e-18)
(-0.740144 -0.334731 2.08386e-18)
(-0.797363 -0.219118 -1.0533e-18)
(-0.555613 -0.873157 3.5447e-17)
(-0.472352 -0.616879 -2.35968e-17)
(-0.410407 -0.575242 -5.26344e-18)
(-0.355136 -0.565092 -4.33763e-21)
(-0.333575 -0.566363 -1.34326e-17)
(-0.342081 -0.568181 -4.4706e-18)
(-0.382786 -0.560344 1.30545e-17)
(-0.449908 -0.531228 0)
(-0.532445 -0.476164 8.41045e-18)
(-0.616533 -0.393821 0)
(-0.693314 -0.295706 -4.18133e-18)
(-0.759199 -0.185197 2.10681e-18)
(-0.994277 -0.158533 1.06797e-18)
(-1.01529 -0.0486746 0)
(-1.04016 0.0878133 4.39152e-18)
(-1.06698 0.246034 4.46797e-18)
(-1.09401 0.428205 -9.08444e-18)
(-1.1178 0.632708 4.70464e-18)
(-1.13651 0.855844 9.4181e-18)
(-1.14801 1.08815 3.74906e-20)
(-1.14937 1.31208 4.77523e-18)
(-1.13479 1.50062 -1.31632e-17)
(-1.10014 1.60262 -3.84186e-18)
(-1.06266 1.61812 1.72626e-17)
(-0.898365 -0.147657 -1.58911e-18)
(-0.949666 -0.0302609 -5.44409e-19)
(-1.0044 0.113929 -4.41411e-18)
(-1.06105 0.284867 0)
(-1.11599 0.483969 -1.18533e-17)
(-1.16408 0.708521 -7.22861e-18)
(-1.19953 0.9505 1.57753e-19)
(-1.21533 1.19178 5.01102e-18)
(-1.20236 1.40328 -1.32288e-17)
(-1.1563 1.53217 1.79326e-17)
(-1.09166 1.56755 0)
(-1.02227 1.49054 1.99177e-17)
(-0.850776 -0.113985 -2.66464e-18)
(-0.918716 0.0126049 5.47036e-19)
(-0.988994 0.166708 0)
(-1.05942 0.34959 -9.35246e-18)
(-1.12478 0.560408 1.20361e-17)
(-1.17804 0.792921 1.25988e-17)
(-1.21139 1.03291 -1.51705e-17)
(-1.21373 1.25396 -1.90135e-17)
(-1.1781 1.41493 -1.66578e-17)
(-1.11868 1.48166 2.42975e-17)
(-1.03194 1.43736 -5.24106e-18)
(-0.964686 1.27903 -4.698e-17)
(-0.824378 -0.0735217 3.74156e-18)
(-0.898895 0.061107 5.49185e-19)
(-0.973594 0.22306 0)
(-1.04546 0.413351 1.17586e-17)
(-1.10786 0.628047 -2.0698e-20)
(-1.15319 0.856601 -2.47561e-18)
(-1.17297 1.07902 0)
(-1.15631 1.26214 4.4671e-18)
(-1.10397 1.36089 1.59531e-17)
(-1.01376 1.35871 1.27008e-20)
(-0.8995 1.21876 2.68921e-17)
(-0.844699 1.01744 5.86706e-17)
(-0.995985 1.45483 2.07717e-17)
(-0.889905 1.29356 5.52489e-18)
(-0.839716 1.13852 -5.70395e-18)
(-0.800466 0.991341 1.12198e-17)
(-0.781576 0.87219 0)
(-0.770152 0.791473 1.56416e-17)
(-0.756031 0.757363 -2.23929e-17)
(-0.719304 0.769539 -1.18759e-17)
(-0.650274 0.824113 0)
(-0.534514 0.89381 4.41748e-18)
(-0.401797 0.967134 0)
(-0.250002 0.996659 -1.06028e-18)
(-0.933714 1.19337 0)
(-0.772479 0.997752 0)
(-0.714366 0.839608 0)
(-0.677858 0.702018 -5.25737e-18)
(-0.668275 0.608049 9.32744e-21)
(-0.668614 0.560048 -4.73219e-18)
(-0.665314 0.557702 9.14217e-18)
(-0.640182 0.597755 -8.94525e-18)
(-0.58395 0.668704 0)
(-0.48809 0.748286 3.20188e-18)
(-0.374262 0.821195 1.57693e-18)
(-0.246281 0.865876 -5.28115e-19)
(-0.908725 0.886729 0)
(-0.696317 0.717082 1.66803e-17)
(-0.642421 0.597614 -3.00742e-20)
(-0.615421 0.496602 -5.84583e-21)
(-0.611035 0.439231 4.55347e-18)
(-0.61274 0.423644 4.3853e-18)
(-0.607641 0.446244 6.65279e-18)
(-0.580983 0.503183 4.30646e-18)
(-0.52567 0.581949 2.1226e-18)
(-0.438058 0.664751 -4.17961e-18)
(-0.334235 0.73928 -2.08952e-18)
(-0.218828 0.796367 0)
(-0.873748 0.555645 8.74061e-18)
(-0.617045 0.472279 -5.71631e-18)
(-0.575192 0.410251 0)
(-0.564912 0.354903 0)
(-0.566106 0.333234 -4.47273e-18)
(-0.567872 0.341628 7.11692e-22)
(-0.559992 0.382206 -1.30449e-17)
(-0.530834 0.449202 0)
(-0.475723 0.531626 -8.40272e-18)
(-0.393347 0.61562 0)
(-0.295234 0.692364 -2.09436e-18)
(-0.184907 0.758079 0)
(-0.0320574 0.801636 -1.07357e-18)
(0.10805 0.87458 -4.37374e-18)
(0.273989 0.944482 0)
(0.465486 1.00754 -9.5021e-18)
(0.675043 1.05638 -2.48567e-18)
(0.888356 1.08413 -1.29204e-17)
(1.08047 1.08275 5.11451e-18)
(1.20392 1.04391 0)
(1.23403 0.963366 0)
(1.12717 0.850039 7.18941e-18)
(0.82505 0.665016 3.00471e-17)
(0.415024 0.49353 0)
(0.00638337 0.775044 1.07404e-18)
(0.148453 0.839717 0)
(0.313759 0.897011 -9.14487e-18)
(0.499888 0.942744 2.38437e-18)
(0.695651 0.969429 -2.51461e-18)
(0.88345 0.971606 1.57777e-17)
(1.02864 0.941344 1.08452e-17)
(1.08978 0.880567 -6.28972e-18)
(1.03086 0.784497 0)
(0.800378 0.664911 0)
(0.295755 0.462917 0)
(-0.234208 0.442336 0)
(0.038913 0.739514 -1.08317e-18)
(0.179042 0.790833 -5.49461e-18)
(0.338759 0.829738 1.02284e-17)
(0.513124 0.851941 0)
(0.687506 0.85097 0)
(0.841254 0.822824 -4.6773e-17)
(0.933937 0.767103 2.86985e-17)
(0.932556 0.686929 0)
(0.788116 0.590707 -7.74075e-18)
(0.466177 0.496721 2.12978e-17)
(-0.0157151 0.379461 -1.96123e-17)
(-0.340396 0.41187 0)
(0.0637004 0.694348 1.08986e-18)
(0.197998 0.728938 4.39609e-18)
(0.347444 0.745926 -9.08349e-18)
(0.50462 0.741203 7.10292e-18)
(0.652207 0.710598 -7.33736e-18)
(0.766597 0.652846 -5.2525e-18)
(0.811481 0.572648 -4.08746e-17)
(0.750482 0.484404 -6.77355e-18)
(0.548275 0.402937 8.43411e-18)
(0.206786 0.361113 4.56757e-17)
(-0.158775 0.373698 0)
(-0.389931 0.44327 0)
(0.079964 0.641027 0)
(0.204936 0.657273 0)
(0.340201 0.651097 9.04526e-18)
(0.476388 0.618926 -9.3298e-18)
(0.59467 0.55959 -1.20054e-17)
(0.670712 0.475146 4.88674e-17)
(0.671362 0.377172 1.14232e-17)
(0.567263 0.288263 3.31715e-17)
(0.339703 0.231788 0)
(0.0293272 0.243262 -4.20684e-17)
(-0.250511 0.332472 -6.91526e-17)
(-0.44679 0.421999 0)
(0.0877715 0.582165 0)
(0.200561 0.580044 1.12587e-18)
(0.318806 0.551469 -1.14329e-18)
(0.431897 0.493619 2.31714e-18)
(0.520614 0.408545 3.55601e-17)
(0.561459 0.301979 -2.51834e-17)
(0.526843 0.191718 5.59034e-18)
(0.396329 0.107438 -2.55379e-17)
(0.167896 0.0782432 -7.70632e-18)
(-0.100779 0.133444 9.85036e-18)
(-0.327274 0.265938 6.18688e-17)
(-0.469699 0.392636 0)
(0.0878379 0.52065 0)
(0.186335 0.501443 1.16804e-18)
(0.285806 0.452658 -1.17223e-18)
(0.375109 0.372275 0)
(0.43564 0.265347 -2.14427e-17)
(0.446141 0.141287 -2.45241e-18)
(0.385718 0.0226044 -1.09248e-17)
(0.242867 -0.0559168 -3.11318e-17)
(0.0267279 -0.0632034 2.98757e-17)
(-0.201961 0.0219117 0)
(-0.385534 0.182221 1.19972e-16)
(-0.470774 0.335176 0)
(0.0812622 0.45909 0)
(0.16405 0.425026 1.25128e-18)
(0.243882 0.35911 8.66468e-18)
(0.309695 0.26003 2.46172e-18)
(0.344372 0.135277 1.73371e-17)
(0.329708 -0.00253965 -5.11312e-18)
(0.251647 -0.127905 2.78193e-17)
(0.106276 -0.202937 5.01979e-17)
(-0.0919669 -0.19697 3.02804e-17)
(-0.282938 -0.0949056 9.99086e-18)
(-0.42371 0.0857219 -1.53115e-17)
(-0.447363 0.268352 0)
(0.0692959 0.399336 0)
(0.135487 0.353299 0)
(0.195359 0.273818 -1.11024e-17)
(0.238481 0.160041 0)
(0.24985 0.0212252 3.53326e-20)
(0.214608 -0.12782 -5.58111e-18)
(0.125068 -0.259934 6.06639e-18)
(-0.0167557 -0.335729 -2.70208e-17)
(-0.195022 -0.32548 -8.07512e-18)
(-0.348852 -0.217435 9.87288e-17)
(-0.443214 -0.0212442 -1.39019e-16)
(-0.40458 0.186179 1.87147e-16)
(0.0535225 0.341878 0)
(0.102771 0.287103 7.3113e-18)
(0.142843 0.197697 -1.41054e-17)
(0.164232 0.0729926 3.43254e-18)
(0.154461 -0.0767337 -3.39893e-17)
(0.10193 -0.235703 2.45234e-17)
(0.00482401 -0.375752 -2.95634e-17)
(-0.130385 -0.457267 8.19635e-18)
(-0.287994 -0.4507 -7.61495e-17)
(-0.403525 -0.344601 -8.88306e-17)
(-0.446731 -0.135264 -2.12389e-17)
(-0.343358 0.0950723 -2.32581e-16)
(0.0371649 0.283444 0)
(0.0705706 0.222845 -3.76006e-17)
(0.0927917 0.126537 2.39353e-17)
(0.094312 -0.00613496 0)
(0.0647227 -0.164549 -5.66821e-18)
(-0.00427187 -0.33326 -2.83123e-17)
(-0.108038 -0.482091 -4.48016e-17)
(-0.239301 -0.573717 -2.27481e-17)
(-0.374381 -0.576615 1.29017e-16)
(-0.447545 -0.473178 1.15887e-16)
(-0.429159 -0.263609 0)
(-0.266033 -0.0149464 0)
(0.0231603 0.203909 -1.86771e-17)
(0.0413863 0.139948 -5.83041e-20)
(0.0478202 0.040222 0)
(0.032524 -0.0953814 1.80307e-17)
(-0.0133663 -0.258006 -1.45708e-17)
(-0.0947402 -0.437279 -1.21918e-16)
(-0.199166 -0.591896 3.67056e-16)
(-0.319984 -0.71316 0)
(-0.429348 -0.695679 -2.38835e-16)
(-0.430031 -0.57576 -1.94569e-16)
(-0.375834 -0.387735 -2.47244e-16)
(-0.218384 -0.104552 7.07187e-16)
(0.182709 0.540201 7.95348e-17)
(0.28125 0.482649 2.73972e-17)
(0.270721 0.496498 -2.14032e-17)
(0.258259 0.513286 0)
(0.262655 0.523695 -2.30974e-17)
(0.290807 0.526902 -1.33696e-17)
(0.344245 0.516856 1.08495e-17)
(0.417687 0.485895 6.40305e-18)
(0.501851 0.43114 0)
(0.585968 0.352388 1.04587e-18)
(0.663701 0.257647 3.14134e-18)
(0.733539 0.14899 2.1133e-18)
(0.195331 0.179487 1.56059e-16)
(0.187867 0.348501 -8.01892e-18)
(0.181201 0.418809 2.79323e-17)
(0.19136 0.460382 0)
(0.21393 0.481018 0)
(0.256139 0.486707 2.25372e-17)
(0.31848 0.475623 1.32117e-17)
(0.395921 0.443694 -1.08079e-17)
(0.480481 0.389555 2.14235e-18)
(0.563548 0.313556 9.55953e-18)
(0.64026 0.221201 -1.06334e-18)
(0.70962 0.113618 1.06665e-18)
(0.213842 0.0254632 -1.82603e-16)
(0.135122 0.234257 0)
(0.125556 0.347659 0)
(0.14476 0.407723 0)
(0.178568 0.437746 0)
(0.230379 0.446331 2.31817e-17)
(0.298781 0.435243 -4.29518e-17)
(0.378515 0.40327 1.10955e-17)
(0.462404 0.350282 0)
(0.543198 0.276935 -8.64899e-18)
(0.616713 0.187046 -3.77156e-18)
(0.681721 0.0812301 -1.61429e-18)
(0.221914 -0.0666288 1.85729e-16)
(0.103081 0.14849 4.66044e-17)
(0.0885258 0.283578 -3.09305e-17)
(0.109828 0.355755 2.13819e-17)
(0.150431 0.393564 0)
(0.208613 0.405197 4.84171e-18)
(0.281019 0.395011 1.64367e-17)
(0.361788 0.363953 -1.37812e-17)
(0.444119 0.31288 2.25985e-18)
(0.5215 0.242672 -1.10852e-18)
(0.589924 0.15605 5.4947e-18)
(0.64764 0.053484 0)
(0.221605 -0.126616 -3.60616e-19)
(0.0792408 0.0818873 -4.00222e-17)
(0.0599403 0.224737 3.29249e-17)
(0.0804392 0.304206 -5.10979e-17)
(0.125257 0.348163 2.13028e-17)
(0.187709 0.362967 1.19042e-20)
(0.262739 0.354521 -2.47484e-18)
(0.343679 0.325364 2.41206e-17)
(0.423794 0.277138 -2.35907e-18)
(0.496902 0.210932 0)
(0.558874 0.128803 5.6514e-19)
(0.607387 0.0313109 -2.79685e-18)
(0.212397 -0.165395 -1.63587e-16)
(0.0561233 0.0268258 0)
(0.0332706 0.168885 0)
(0.0523369 0.25227 3.07236e-17)
(0.100118 0.301116 -5.1847e-17)
(0.165674 0.319347 -2.75853e-17)
(0.242533 0.313488 2.67005e-18)
(0.32314 0.287254 -2.05733e-17)
(0.400657 0.242914 2.50158e-18)
(0.468995 0.181792 -1.21176e-18)
(0.523782 0.105557 1.77733e-18)
(0.562209 0.0149979 -5.83446e-19)
(0.19329 -0.189709 -3.32606e-16)
(0.0291588 -0.0212588 -1.09142e-16)
(0.004419 0.113994 1.57821e-17)
(0.0226195 0.198939 2.045e-17)
(0.0730371 0.251869 5.11331e-17)
(0.141271 0.273995 6.09752e-18)
(0.219633 0.271641 -5.85836e-18)
(0.299714 0.249396 0)
(0.374517 0.21003 0)
(0.437991 0.155163 9.15603e-18)
(0.485488 0.0862428 1.26647e-18)
(0.51387 0.00431795 2.44904e-18)
(0.160272 -0.200185 3.50981e-16)
(-0.00302934 -0.0649917 -1.90613e-20)
(-0.0292007 0.0585876 -7.22782e-17)
(-0.0106237 0.143174 -9.40094e-17)
(0.0426884 0.199736 -2.94413e-17)
(0.113732 0.226453 7.00014e-18)
(0.193634 0.228632 -1.00201e-17)
(0.273236 0.211496 3.19082e-18)
(0.345422 0.17821 2.43599e-17)
(0.404282 0.130769 -2.47612e-17)
(0.444934 0.0704958 2.09479e-18)
(0.464088 -0.00134163 -3.35244e-18)
(0.114465 -0.200045 -3.45902e-16)
(-0.0408719 -0.103989 1.20184e-16)
(-0.0691843 0.00189248 8.7248e-17)
(-0.0487163 0.0840381 1.14233e-20)
(0.0080191 0.143854 0)
(0.0824552 0.176026 3.42629e-17)
(0.164217 0.183904 4.05174e-18)
(0.243532 0.173134 -1.18093e-20)
(0.313299 0.147025 -6.18675e-17)
(0.368045 0.108136 1.37963e-17)
(0.402733 0.0577107 0)
(0.414092 -0.00282245 3.1082e-18)
(0.0536218 -0.189134 9.84053e-16)
(-0.0834527 -0.137272 0)
(-0.116255 -0.0556179 1.46725e-17)
(-0.0933547 0.0211451 1.97964e-16)
(-0.0329634 0.0835356 1.13167e-16)
(0.0460012 0.122179 -4.7837e-20)
(0.130304 0.137119 -1.67755e-17)
(0.209691 0.134059 4.72504e-17)
(0.277219 0.11611 3.9386e-17)
(0.328512 0.0866956 1.61586e-17)
(0.358479 0.0470433 2.16837e-18)
(0.364016 -0.00128927 0)
(-0.014802 -0.165878 -6.58068e-16)
(-0.128444 -0.163359 0)
(-0.170352 -0.112862 0)
(-0.148316 -0.0459975 -1.89014e-16)
(-0.0862162 0.0173525 -1.80427e-16)
(-0.000702204 0.0644374 -8.49344e-17)
(0.0873884 0.0890592 -8.18551e-17)
(0.167668 0.0949839 -1.42827e-16)
(0.232897 0.0855394 -8.84343e-18)
(0.281353 0.0658763 -3.62219e-17)
(0.30823 0.0372438 3.72162e-18)
(0.31064 0.00114115 0)
(-0.033919 -0.117417 -8.73405e-16)
(-0.171475 -0.18436 0)
(-0.227958 -0.165022 0)
(-0.211036 -0.118125 4.99963e-17)
(-0.15656 -0.0552588 -5.72239e-17)
(-0.0638047 0.00730129 6.89179e-17)
(0.0204035 0.0385104 -7.06594e-17)
(0.102495 0.0532375 2.3467e-16)
(0.162357 0.051639 0)
(0.205311 0.0419133 -9.1374e-17)
(0.229603 0.025778 -7.3984e-17)
(0.234109 0.00144044 1.99725e-17)
(0.802399 0.0320235 -4.1218e-21)
(0.875342 -0.108002 -4.37551e-18)
(0.94516 -0.273942 0)
(1.00827 -0.465488 7.12881e-18)
(1.05718 -0.675154 1.25253e-17)
(1.085 -0.88862 5.17438e-18)
(1.08363 -1.08086 5.11553e-18)
(1.04475 -1.20437 -2.25721e-17)
(0.964098 -1.23449 0)
(0.850606 -1.12761 -2.13545e-17)
(0.665397 -0.825469 2.98377e-17)
(0.493866 -0.415397 6.12988e-17)
(0.775728 -0.00633721 2.15267e-18)
(0.84044 -0.148368 0)
(0.897647 -0.313711 9.14569e-18)
(0.943433 -0.499911 0)
(0.970146 -0.695787 5.59462e-20)
(0.97236 -0.883711 2.09986e-17)
(0.942087 -1.02896 5.39964e-18)
(0.881252 -1.09011 -3.13273e-17)
(0.785079 -1.03114 0)
(0.665323 -0.800591 2.68284e-17)
(0.4631 -0.295852 -4.31094e-17)
(0.442519 0.234315 0)
(0.740062 -0.0387884 -1.08047e-18)
(0.791452 -0.178921 4.4e-18)
(0.830266 -0.338692 -9.08609e-18)
(0.852507 -0.513143 1.1928e-17)
(0.851537 -0.687626 -4.9344e-18)
(0.823395 -0.841459 -1.29856e-17)
(0.767654 -0.934149 -3.4406e-17)
(0.687434 -0.932725 3.24105e-17)
(0.591119 -0.788186 0)
(0.497001 -0.466163 -3.17524e-17)
(0.379577 0.0157609 -1.96092e-17)
(0.411961 0.340483 0)
(0.694705 -0.0635078 -5.4424e-19)
(0.729401 -0.197842 -4.94139e-18)
(0.746307 -0.347352 1.13716e-18)
(0.741614 -0.504613 2.80026e-20)
(0.710985 -0.652282 -9.76997e-18)
(0.653219 -0.766722 0)
(0.572997 -0.811579 2.91937e-17)
(0.484728 -0.750504 -6.86021e-18)
(0.403211 -0.548189 0)
(0.361322 -0.206668 9.14879e-17)
(0.373829 0.158852 0)
(0.443366 0.390033 0)
(0.641168 -0.0797116 -2.21857e-18)
(0.657553 -0.204752 0)
(0.651305 -0.340078 6.8073e-18)
(0.619159 -0.476345 -9.31042e-18)
(0.559796 -0.594691 2.40385e-20)
(0.475333 -0.670755 2.31757e-17)
(0.377343 -0.671358 -5.66054e-18)
(0.288439 -0.567173 -1.98084e-17)
(0.231964 -0.339529 8.12635e-18)
(0.243433 -0.0291795 -4.20558e-17)
(0.332595 0.250604 -3.45933e-17)
(0.422084 0.446884 1.9509e-17)
(0.582078 -0.0874761 2.27579e-18)
(0.58013 -0.200363 0)
(0.551505 -0.318658 -9.10934e-18)
(0.493685 -0.431819 2.31659e-18)
(0.408586 -0.520581 -2.38218e-18)
(0.302007 -0.561431 -2.51793e-17)
(0.191745 -0.526761 2.22663e-17)
(0.107499 -0.396168 3.19634e-17)
(0.0783463 -0.167684 0)
(0.133577 0.100942 9.85837e-18)
(0.266043 0.327388 -1.54195e-17)
(0.392711 0.469799 0)
(0.52035 -0.0875107 5.95225e-19)
(0.501347 -0.186132 -5.27464e-18)
(0.452531 -0.285636 0)
(0.372184 -0.375 0)
(0.265244 -0.435561 0)
(0.141181 -0.446056 -4.97712e-18)
(0.0225139 -0.385581 -1.634e-17)
(-0.0559495 -0.242665 -2.48579e-17)
(-0.0631676 -0.0264978 7.45378e-18)
(0.0219977 0.202136 1.93907e-20)
(0.182301 0.385664 -1.34858e-16)
(0.335238 0.470865 -1.53556e-16)
(0.458604 -0.0809267 2.58553e-18)
(0.424771 -0.163865 6.26635e-18)
(0.358843 -0.243708 -1.24063e-18)
(0.259807 -0.309566 2.46102e-18)
(0.135052 -0.344259 1.48728e-17)
(-0.00275668 -0.329583 1.81076e-17)
(-0.128092 -0.251477 -2.21339e-17)
(-0.203051 -0.106053 5.65061e-17)
(-0.197002 0.0922033 0)
(-0.0948718 0.283119 0)
(0.0857721 0.423847 1.0997e-16)
(0.268396 0.447444 1.98292e-17)
(0.398707 -0.0689758 -2.96561e-18)
(0.352925 -0.135327 -1.42046e-18)
(0.273446 -0.195192 1.39225e-18)
(0.159713 -0.238339 0)
(0.0209042 -0.249714 -4.36632e-17)
(-0.128126 -0.214456 -2.80695e-17)
(-0.260202 -0.124878 2.41453e-17)
(-0.335917 0.0169856 -2.69246e-17)
(-0.325577 0.195259 8.25642e-18)
(-0.217454 0.349031 1.09996e-17)
(-0.0212238 0.443349 -1.73296e-17)
(0.186209 0.404643 1.8646e-16)
(0.341168 -0.0532485 -3.84589e-18)
(0.286664 -0.102642 0)
(0.197255 -0.142702 -1.41021e-17)
(0.0725938 -0.164091 3.43161e-18)
(-0.0771241 -0.154316 2.0386e-17)
(-0.236076 -0.101765 -3.40194e-18)
(-0.376084 -0.00462567 -1.48641e-17)
(-0.457522 0.130613 5.69309e-17)
(-0.450857 0.288224 -6.6798e-17)
(-0.344668 0.403696 4.82738e-20)
(-0.135272 0.446858 -2.12336e-17)
(0.0950835 0.343398 0)
(0.282693 -0.0369338 4.97233e-18)
(0.222404 -0.0704829 -2.03829e-17)
(0.126063 -0.092686 4.49166e-17)
(-0.00656989 -0.0941841 0)
(-0.16498 -0.0645792 -5.66672e-18)
(-0.333678 0.0044406 5.706e-18)
(-0.48247 0.108235 3.32404e-17)
(-0.574031 0.239527 -1.70229e-16)
(-0.576823 0.374598 1.02899e-16)
(-0.473289 0.447696 0)
(-0.26365 0.429266 0)
(-0.0149322 0.266065 0)
(0.203243 -0.0229881 3.74004e-17)
(0.139579 -0.041336 7.56594e-17)
(0.0397534 -0.0477553 -1.61481e-16)
(-0.095804 -0.0324183 1.80171e-17)
(-0.258439 0.0134966 -2.89682e-17)
(-0.437722 0.094901 -6.11476e-17)
(-0.592295 0.199342 -4.31895e-17)
(-0.713541 0.320201 2.02853e-17)
(-0.695893 0.429512 -2.09218e-16)
(-0.575905 0.430152 -2.43706e-17)
(-0.387789 0.375923 0)
(-0.104586 0.218375 -7.07947e-16)
(0.540331 -0.183292 7.94709e-17)
(0.482639 -0.281819 2.75841e-17)
(0.496431 -0.271281 -2.13184e-17)
(0.513149 -0.258769 -2.40735e-17)
(0.52349 -0.263102 2.3054e-17)
(0.526639 -0.291176 2.22109e-17)
(0.51655 -0.344511 -2.17651e-18)
(0.485565 -0.417836 -4.25711e-18)
(0.43082 -0.501886 2.10987e-18)
(0.352109 -0.585904 0)
(0.257432 -0.663574 0)
(0.148836 -0.733381 -2.92152e-21)
(0.179352 -0.195887 0)
(0.348395 -0.188322 6.97583e-20)
(0.418685 -0.181617 0)
(0.460203 -0.191719 1.97004e-17)
(0.480791 -0.214226 -4.65793e-18)
(0.486438 -0.25635 8.99674e-18)
(0.475326 -0.318584 -2.41675e-17)
(0.443383 -0.395906 2.16227e-18)
(0.389255 -0.48035 0)
(0.313295 -0.56332 -8.48589e-18)
(0.221003 -0.639953 0)
(0.11349 -0.709256 2.12834e-18)
(0.0251578 -0.214379 0)
(0.234068 -0.135484 -4.3547e-17)
(0.347489 -0.125859 5.8717e-18)
(0.407521 -0.145005 0)
(0.43751 -0.17875 1.91748e-17)
(0.446071 -0.230473 4.61904e-18)
(0.434968 -0.298765 1.57665e-17)
(0.402989 -0.378381 -1.32769e-17)
(0.350012 -0.462157 2.18546e-18)
(0.276703 -0.542846 1.72811e-17)
(0.186874 -0.616279 4.30251e-18)
(0.0811393 -0.681216 -1.07379e-18)
(-0.0670196 -0.222403 -1.85301e-16)
(0.148244 -0.103362 0)
(0.283374 -0.0887376 0)
(0.355537 -0.109985 2.66712e-17)
(0.393329 -0.150526 -2.50177e-17)
(0.404953 -0.20862 4.81601e-18)
(0.394766 -0.280915 -4.69439e-18)
(0.363708 -0.361568 9.16447e-18)
(0.312647 -0.443789 9.00745e-18)
(0.242472 -0.521072 1.09751e-20)
(0.155913 -0.589406 -4.38754e-18)
(0.0534311 -0.647045 1.09225e-18)
(-0.127048 -0.222043 1.69432e-16)
(0.0816047 -0.0794519 0)
(0.224505 -0.0600777 6.57251e-18)
(0.303973 -0.0805235 -5.09949e-17)
(0.347931 -0.125279 0)
(0.362744 -0.187643 -2.55211e-17)
(0.354309 -0.262565 2.7201e-17)
(0.325157 -0.343395 -2.16613e-17)
(0.276944 -0.423407 -7.04996e-18)
(0.210768 -0.496419 -2.07281e-17)
(0.128698 -0.558311 0)
(0.0312973 -0.606749 -2.23337e-18)
(-0.165837 -0.212777 4.07065e-17)
(0.0265161 -0.0562713 -5.42856e-17)
(0.168628 -0.0333401 0)
(0.252021 -0.0523524 -5.67814e-21)
(0.300882 -0.100071 0)
(0.319139 -0.165542 5.48909e-18)
(0.313306 -0.242295 -2.65332e-17)
(0.287081 -0.322801 1.79697e-17)
(0.242754 -0.400226 1.24676e-17)
(0.18166 -0.468482 9.69588e-18)
(0.105487 -0.523196 -4.73339e-18)
(0.0150157 -0.561561 1.15674e-18)
(-0.190148 -0.193609 0)
(-0.0215891 -0.0292435 1.45336e-16)
(0.11371 -0.00441952 7.09043e-17)
(0.198669 -0.0225626 2.04035e-17)
(0.251626 -0.0729158 0)
(0.273795 -0.141066 3.04285e-17)
(0.27148 -0.219329 -2.92889e-18)
(0.249251 -0.299322 -9.04023e-21)
(0.209899 -0.374048 -1.35199e-17)
(0.155058 -0.437452 0)
(0.086196 -0.484896 -4.22662e-21)
(0.00436213 -0.51323 3.64105e-26)
(-0.200593 -0.160506 -3.50338e-16)
(-0.0653388 0.00300807 -2.38275e-16)
(0.0582734 0.0292768 -6.3132e-17)
(0.142875 0.0107631 -6.25407e-17)
(0.199473 -0.0424791 0)
(0.226247 -0.113442 6.98172e-18)
(0.22848 -0.193255 -9.99425e-18)
(0.211368 -0.272785 1.00188e-20)
(0.178097 -0.344911 3.0442e-18)
(0.13068 -0.40372 0)
(0.0704714 -0.444337 5.57544e-18)
(-0.00128434 -0.463462 2.67973e-18)
(-0.200422 -0.114613 -8.41927e-20)
(-0.104343 0.0409192 1.37193e-16)
(0.00154685 0.0693463 0)
(0.0837055 0.0489529 9.54937e-18)
(0.143555 -0.00770373 -6.72108e-21)
(0.175801 -0.0820614 -3.41876e-17)
(0.183744 -0.163749 2.83109e-17)
(0.173011 -0.243013 -3.45031e-17)
(0.146916 -0.312741 0)
(0.108057 -0.36745 -1.37814e-17)
(0.0576916 -0.402126 0)
(-0.00275567 -0.413475 -6.21619e-18)
(-0.189459 -0.0536627 4.91208e-16)
(-0.137623 0.0835719 -2.27862e-17)
(-0.0559923 0.11651 1.46518e-16)
(0.0207761 0.0937036 9.21948e-17)
(0.0831871 0.0334089 -8.78064e-17)
(0.121917 -0.0454763 4.74333e-17)
(0.136929 -0.129727 -1.11925e-17)
(0.133927 -0.20909 3.66927e-17)
(0.115993 -0.276605 4.92252e-18)
(0.0866132 -0.327875 3.45817e-17)
(0.0470239 -0.357852 -6.48662e-18)
(-0.00123016 -0.363393 4.06642e-18)
(-0.166128 0.0147961 0)
(-0.163692 0.128643 0)
(-0.113258 0.170701 -2.04474e-16)
(-0.0463982 0.148784 0)
(0.0169467 0.0868251 2.02479e-16)
(0.064117 0.0013968 -2.1166e-16)
(0.0888253 -0.0866693 -5.10874e-17)
(0.0948304 -0.166969 6.64796e-17)
(0.0854075 -0.232218 0)
(0.0657806 -0.28066 -6.25872e-21)
(0.0372129 -0.307566 4.45862e-17)
(0.00117063 -0.309991 0)
(-0.11757 0.0339695 -7.63387e-16)
(-0.184648 0.171691 -6.51128e-16)
(-0.165448 0.228432 6.36173e-17)
(-0.118561 0.211621 0)
(-0.0557853 0.157373 -5.69186e-17)
(0.00688517 0.0647074 6.88654e-16)
(0.0382164 -0.0194878 -7.06593e-17)
(0.0530688 -0.101676 -2.64178e-16)
(0.0515027 -0.161628 2.36524e-17)
(0.0418156 -0.204578 -8.12771e-17)
(0.0257278 -0.228907 -1.69102e-16)
(0.00144408 -0.23342 1.99986e-17)
(0.0319024 -0.802197 1.06502e-18)
(-0.108097 -0.87506 -1.09191e-18)
(-0.273979 -0.944749 1.14291e-18)
(-0.465377 -1.00767 9.5664e-18)
(-0.674766 -1.05635 1.00136e-17)
(-0.887851 -1.08395 -1.03519e-17)
(-1.07971 -1.08242 -5.08146e-18)
(-1.20295 -1.04353 -1.69078e-17)
(-1.23292 -0.962977 4.84801e-17)
(-1.12616 -0.849728 0)
(-0.824377 -0.664827 3.99916e-17)
(-0.414774 -0.493462 0)
(-0.00640031 -0.775303 1.07373e-18)
(-0.148366 -0.839918 0)
(-0.3136 -0.896989 0)
(-0.499606 -0.942597 5.18632e-20)
(-0.695174 -0.969128 -9.98674e-18)
(-0.882732 -0.971181 -2.62115e-17)
(-1.0277 -0.94085 -1.6272e-17)
(-1.08872 -0.880053 0)
(-1.02979 -0.78406 -2.76829e-17)
(-0.799582 -0.664621 8.96209e-18)
(-0.295513 -0.462862 2.84856e-17)
(0.234166 -0.442252 1.65777e-16)
(-0.038793 -0.739475 -1.08288e-18)
(-0.178831 -0.790765 1.09466e-18)
(-0.338462 -0.829459 7.97827e-18)
(-0.512693 -0.851555 -1.66871e-17)
(-0.686869 -0.850462 -1.49306e-17)
(-0.840398 -0.822243 -2.62161e-18)
(-0.932927 -0.766502 3.43798e-17)
(-0.931482 -0.686376 1.93463e-17)
(-0.787176 -0.590269 -3.09717e-17)
(-0.465669 -0.496464 0)
(0.0157405 -0.379416 -7.89558e-17)
(0.34038 -0.411779 -1.75115e-19)
(-0.0634589 -0.694029 2.18169e-18)
(-0.197681 -0.728632 0)
(-0.347033 -0.745434 -9.05491e-18)
(-0.504076 -0.740643 2.32271e-18)
(-0.651467 -0.709962 9.74463e-18)
(-0.765684 -0.652194 4.46384e-17)
(-0.810462 -0.572036 -2.92485e-17)
(-0.749505 -0.483875 -3.40341e-17)
(-0.547536 -0.402548 7.55452e-17)
(-0.206509 -0.360868 -4.56651e-17)
(0.158782 -0.373533 0)
(0.389919 -0.443128 -8.54109e-17)
(-0.0796188 -0.640451 -2.21564e-18)
(-0.20454 -0.656762 0)
(-0.339709 -0.650443 0)
(-0.475776 -0.618257 7.00248e-18)
(-0.593884 -0.5589 2.40007e-17)
(-0.669805 -0.4745 -2.31633e-17)
(-0.670408 -0.376617 2.28238e-17)
(-0.566439 -0.287816 -2.64799e-17)
(-0.339166 -0.231475 -6.51333e-17)
(-0.029172 -0.243028 7.9474e-20)
(0.250517 -0.332259 6.91075e-17)
(0.446746 -0.421838 0)
(-0.0873477 -0.581366 1.13756e-18)
(-0.200121 -0.579367 -4.51866e-18)
(-0.318267 -0.550701 0)
(-0.431263 -0.492893 0)
(-0.51983 -0.407856 -2.13148e-17)
(-0.560614 -0.30139 -1.76367e-17)
(-0.525996 -0.191262 0)
(-0.395677 -0.107094 2.55279e-17)
(-0.167523 -0.0780113 2.31825e-17)
(0.100856 -0.133224 4.91821e-17)
(0.327245 -0.265724 -1.23709e-16)
(0.469614 -0.39244 1.52509e-16)
(-0.0873636 -0.51966 -3.5639e-26)
(-0.185884 -0.500634 5.84889e-18)
(-0.285259 -0.451813 -1.17206e-18)
(-0.374491 -0.371529 -2.34985e-18)
(-0.434901 -0.264691 4.76554e-18)
(-0.445391 -0.140779 1.75444e-17)
(-0.385004 -0.0222593 0)
(-0.242376 0.0561554 0)
(-0.0264853 0.0633544 2.98652e-17)
(0.201971 -0.0217252 0)
(0.385459 -0.182035 4.47851e-17)
(0.470662 -0.334981 -1.34135e-16)
(-0.0807674 -0.457946 2.58509e-18)
(-0.163622 -0.424117 5.02162e-18)
(-0.243356 -0.358216 9.90473e-18)
(-0.309127 -0.259283 0)
(-0.343703 -0.134668 2.46005e-18)
(-0.329081 0.00296649 -7.70746e-18)
(-0.251062 0.128139 1.11095e-17)
(-0.105938 0.203082 -3.76671e-17)
(0.0921056 0.197033 -2.2595e-17)
(0.282886 0.0950399 0)
(0.423594 -0.0855832 1.2614e-16)
(0.447228 -0.268157 1.64277e-16)
(-0.068824 -0.39807 -5.9337e-18)
(-0.135099 -0.352319 -5.69488e-18)
(-0.194894 -0.272891 -1.11023e-17)
(-0.237968 -0.15931 2.73434e-18)
(-0.249293 -0.0206536 -3.25309e-20)
(-0.214085 0.128166 -2.83276e-18)
(-0.12464 0.260082 0)
(0.016988 0.335781 -4.49329e-20)
(0.19505 0.325459 -8.21269e-18)
(0.348761 0.217497 9.87049e-17)
(0.443059 0.0213228 -1.38967e-16)
(0.404441 -0.186015 -1.86582e-16)
(-0.0531223 -0.340536 3.84153e-18)
(-0.102439 -0.286081 -7.31135e-18)
(-0.142468 -0.196748 1.41062e-17)
(-0.163783 -0.0722749 0)
(-0.154043 0.077278 0)
(-0.101501 0.235982 -2.10175e-17)
(-0.00456549 0.375838 2.22181e-17)
(0.130536 0.457223 9.7636e-17)
(0.28792 0.450608 7.63417e-17)
(0.403408 0.344564 1.29878e-17)
(0.446559 0.135284 -2.12331e-17)
(0.343233 -0.0949612 0)
(-0.0368502 -0.282042 0)
(-0.0703331 -0.221815 1.25204e-17)
(-0.0925088 -0.125571 -2.39393e-17)
(-0.0939547 0.00684064 5.7895e-18)
(-0.0644153 0.165067 -5.73508e-18)
(0.00457765 0.333495 4.52713e-17)
(0.10817 0.482106 -4.4251e-17)
(0.239347 0.573598 -9.07078e-17)
(0.374238 0.576431 -1.02943e-16)
(0.447396 0.47305 -1.32198e-16)
(0.429004 0.263545 2.36682e-16)
(0.26596 0.0149735 -3.76016e-17)
(-0.0229536 -0.202567 3.74369e-17)
(-0.0412394 -0.138977 -7.57989e-17)
(-0.0476368 -0.0392626 0)
(-0.0322505 0.0960296 -1.44796e-16)
(0.0135636 0.258483 -1.16039e-16)
(0.0949391 0.437456 0)
(0.199181 0.591823 2.14306e-17)
(0.319947 0.712931 -4.10572e-17)
(0.429181 0.695409 2.18986e-19)
(0.429892 0.57555 2.43795e-17)
(0.375714 0.387612 -4.94393e-16)
(0.218328 0.104541 0)
(-0.183043 -0.539704 -7.95351e-17)
(-0.281246 -0.482318 -3.44859e-17)
(-0.270604 -0.496336 2.67504e-17)
(-0.258053 -0.513245 0)
(-0.262402 -0.523743 1.8469e-17)
(-0.290539 -0.527004 4.44674e-18)
(-0.343993 -0.516988 -1.30252e-17)
(-0.417474 -0.486041 -6.40923e-18)
(-0.501694 -0.431296 -1.05406e-17)
(-0.58588 -0.352554 0)
(-0.663687 -0.257816 4.19373e-18)
(-0.733597 -0.149145 -1.05658e-18)
(-0.195597 -0.179122 0)
(-0.187868 -0.348215 4.01084e-17)
(-0.18109 -0.418661 -2.79211e-17)
(-0.191161 -0.460343 0)
(-0.21369 -0.481066 1.40187e-17)
(-0.25589 -0.486806 4.51159e-18)
(-0.318254 -0.475745 -1.76132e-17)
(-0.395737 -0.443821 -1.03219e-20)
(-0.480353 -0.389685 0)
(-0.563485 -0.313689 0)
(-0.640264 -0.221336 0)
(-0.709686 -0.113743 -1.06673e-18)
(-0.214069 -0.0251298 0)
(-0.135124 -0.234001 2.61688e-17)
(-0.125452 -0.347523 2.93511e-17)
(-0.144571 -0.407689 0)
(-0.178346 -0.437795 -1.43977e-17)
(-0.230155 -0.446426 9.2771e-18)
(-0.298584 -0.435355 2.4851e-17)
(-0.378363 -0.40338 -4.44224e-18)
(-0.462304 -0.350388 -6.5561e-18)
(-0.543156 -0.27704 0)
(-0.616729 -0.187151 -4.30838e-18)
(-0.68179 -0.0813296 1.07498e-18)
(-0.222094 0.0669326 0)
(-0.103073 -0.148258 -3.73158e-17)
(-0.0884219 -0.28345 -4.94438e-17)
(-0.109649 -0.355723 0)
(-0.150227 -0.393611 -5.01016e-18)
(-0.208414 -0.405288 -1.44853e-17)
(-0.28085 -0.395113 1.88056e-17)
(-0.361663 -0.364049 9.18468e-18)
(-0.444042 -0.312966 -9.45073e-21)
(-0.521473 -0.242753 1.10852e-18)
(-0.589944 -0.156131 3.83964e-18)
(-0.647704 -0.0535618 -5.47648e-19)
(-0.22175 0.126893 4.22498e-17)
(-0.079218 -0.081672 -2.0012e-17)
(-0.059833 -0.224611 2.63383e-17)
(-0.0802681 -0.304171 5.67724e-18)
(-0.125067 -0.348205 2.66125e-17)
(-0.187529 -0.363052 -5.11936e-18)
(-0.262593 -0.354613 -3.71722e-17)
(-0.343575 -0.325446 -8.18304e-21)
(-0.423732 -0.277206 9.40411e-18)
(-0.496881 -0.210993 -1.15415e-17)
(-0.55889 -0.128863 0)
(-0.607435 -0.0313712 2.23741e-18)
(-0.212501 0.165642 0)
(-0.0560825 -0.0266205 -1.08633e-17)
(-0.0331547 -0.168754 7.12848e-18)
(-0.052167 -0.252226 0)
(-0.0999358 -0.301146 -1.72743e-17)
(-0.165508 -0.319419 -2.20847e-17)
(-0.2424 -0.313568 1.59466e-17)
(-0.323048 -0.287321 -2.5686e-18)
(-0.4006 -0.242967 2.50151e-18)
(-0.46897 -0.181836 9.71148e-18)
(-0.523784 -0.105601 0)
(-0.562235 -0.0150445 -2.31572e-18)
(-0.193359 0.189934 3.32382e-16)
(-0.0290973 0.0214607 8.4868e-17)
(-0.00428881 -0.113852 2.66626e-21)
(-0.0224432 -0.198877 6.81583e-18)
(-0.0728544 -0.25188 2.55605e-17)
(-0.141108 -0.274051 3.05009e-17)
(-0.219504 -0.271704 -5.85734e-18)
(-0.299623 -0.249448 0)
(-0.374454 -0.210068 0)
(-0.437952 -0.155192 0)
(-0.485468 -0.0862736 4.42752e-18)
(-0.513865 -0.00435415 6.14154e-19)
(-0.160289 0.200376 -3.0698e-16)
(0.00310973 0.065193 -1.26302e-16)
(0.0293516 -0.0584297 0)
(0.0108151 -0.143089 0)
(-0.0424945 -0.199721 -5.15113e-17)
(-0.113561 -0.226486 2.8012e-17)
(-0.193497 -0.228675 -3.00613e-17)
(-0.273133 -0.211532 -3.18602e-17)
(-0.34534 -0.178234 3.04999e-18)
(-0.404218 -0.130786 -1.45403e-18)
(-0.444882 -0.0705154 -4.18292e-18)
(-0.464046 0.00131385 -2.68191e-18)
(-0.114446 0.20021 0)
(0.0409707 0.104185 -1.717e-17)
(0.0693619 -0.0017176 1.09048e-17)
(0.0489305 -0.0839233 9.55509e-18)
(-0.00780248 -0.143805 3.60943e-17)
(-0.0822642 -0.176028 -3.42763e-17)
(-0.164058 -0.183922 2.4333e-17)
(-0.243404 -0.17315 6.14655e-17)
(-0.313187 -0.147032 0)
(-0.367944 -0.108141 1.72176e-18)
(-0.402642 -0.0577206 -1.63945e-18)
(-0.414005 0.00280149 3.10913e-18)
(-0.0535529 0.189261 0)
(0.0835656 0.137459 -2.28154e-17)
(0.116461 0.0558075 1.42574e-20)
(0.0935971 -0.020997 1.18725e-16)
(0.0332148 -0.0834457 -1.13138e-16)
(-0.0457767 -0.122143 7.13079e-17)
(-0.13011 -0.137105 -5.60909e-18)
(-0.209524 -0.134052 -5.25106e-17)
(-0.277064 -0.116099 4.93085e-18)
(-0.328364 -0.0866883 1.84642e-17)
(-0.358339 -0.0470438 0)
(-0.36388 0.00127479 4.07154e-18)
(0.0148145 0.165969 0)
(0.12858 0.163528 0)
(0.170573 0.113064 0)
(0.148584 0.0461783 -1.88952e-16)
(0.086514 -0.0172088 3.83175e-16)
(0.000976174 -0.064349 -1.06158e-16)
(-0.0871411 -0.0890029 1.02217e-17)
(-0.167447 -0.0949468 -9.53257e-18)
(-0.232685 -0.0855052 0)
(-0.281145 -0.0658535 -6.8429e-17)
(-0.308031 -0.0372338 3.53123e-17)
(-0.310446 -0.00114817 -8.70431e-18)
(0.033936 0.117455 8.72981e-16)
(0.171562 0.184492 0)
(0.22818 0.165225 -6.35622e-17)
(0.211301 0.118328 4.49931e-16)
(0.156906 0.0554764 -4.00026e-16)
(0.0641369 -0.00715368 -1.37932e-16)
(-0.0200749 -0.0384055 3.88895e-16)
(-0.102195 -0.0531706 -5.86881e-17)
(-0.162077 -0.0515849 2.36543e-17)
(-0.20503 -0.0418774 1.62536e-16)
(-0.229333 -0.0257564 -8.45752e-17)
(-0.233841 -0.00144512 -3.99698e-17)
(-0.802509 -0.0321429 -1.06607e-18)
(-0.875473 0.107931 -1.09274e-18)
(-0.945278 0.273919 1.14361e-18)
(-1.00834 0.46549 0)
(-1.05716 0.675145 -1.25067e-17)
(-1.08488 0.888555 -7.7439e-18)
(-1.0834 1.08074 2.55135e-17)
(-1.04445 1.20421 1.68976e-17)
(-0.963749 1.23427 0)
(-0.850231 1.12734 -9.38417e-20)
(-0.665076 0.825202 -3.99725e-17)
(-0.493558 0.415133 -6.13297e-17)
(-0.775842 0.00623679 -2.15312e-18)
(-0.840575 0.148303 -1.09459e-18)
(-0.897776 0.313677 -8.00416e-18)
(-0.943521 0.499885 2.38548e-18)
(-0.970166 0.695734 7.47748e-18)
(-0.97229 0.8836 -2.62172e-17)
(-0.941937 1.02882 -1.6204e-17)
(-0.881025 1.08995 0)
(-0.784819 1.03095 0)
(-0.66506 0.80042 -2.68325e-17)
(-0.462918 0.295801 -1.4234e-17)
(-0.442315 -0.234217 -1.32464e-16)
(-0.740172 0.0387049 5.41186e-19)
(-0.791583 0.178861 4.9531e-18)
(-0.830397 0.338649 9.09063e-18)
(-0.85261 0.513094 0)
(-0.851594 0.687543 -7.49056e-18)
(-0.823394 0.841329 3.38313e-17)
(-0.767588 0.934018 -1.71761e-17)
(-0.687311 0.932586 0)
(-0.590962 0.788062 0)
(-0.496834 0.466108 0)
(-0.379409 -0.0157516 0)
(-0.411778 -0.340335 1.0378e-16)
(-0.694802 0.0634387 0)
(-0.729518 0.197787 -3.30016e-18)
(-0.746428 0.347304 -1.13781e-18)
(-0.741722 0.504549 2.35228e-18)
(-0.711072 0.652183 4.88197e-18)
(-0.653275 0.766591 -2.36131e-17)
(-0.573012 0.811455 5.90037e-18)
(-0.484692 0.750398 0)
(-0.40314 0.54812 -3.3509e-17)
(-0.361214 0.206654 3.42239e-17)
(-0.373672 -0.158818 -6.14905e-17)
(-0.443176 -0.389856 -8.52924e-17)
(-0.641244 0.0796541 1.66659e-18)
(-0.657646 0.2047 5.56142e-19)
(-0.651406 0.340025 0)
(-0.61926 0.476272 -2.32621e-18)
(-0.559895 0.594585 -1.44194e-17)
(-0.475426 0.670625 -2.58933e-18)
(-0.377414 0.671245 2.00607e-20)
(-0.288469 0.56709 -2.65006e-17)
(-0.231953 0.33949 2.45029e-17)
(-0.243366 0.0291876 -3.15607e-17)
(-0.332471 -0.250527 6.93009e-17)
(-0.421911 -0.446674 1.82119e-21)
(-0.582124 0.0874274 -2.8451e-18)
(-0.580191 0.200314 1.69252e-18)
(-0.551575 0.318603 -1.14373e-18)
(-0.493766 0.431741 2.31795e-18)
(-0.40868 0.520473 1.89438e-17)
(-0.302114 0.561305 2.4683e-18)
(-0.191847 0.526658 1.66122e-17)
(-0.107572 0.3961 4.47217e-17)
(-0.0783773 0.167664 7.76711e-18)
(-0.133549 -0.100907 0)
(-0.265954 -0.327272 0)
(-0.392563 -0.46958 7.61349e-17)
(-0.52036 0.0874686 -1.78318e-26)
(-0.50137 0.186086 -3.52173e-18)
(-0.452565 0.28558 -1.05332e-17)
(-0.372235 0.374921 0)
(-0.26532 0.435455 0)
(-0.141286 0.445937 -4.98012e-18)
(-0.0226318 0.385487 5.50772e-18)
(0.0558468 0.24261 -4.97513e-17)
(0.0630997 0.0264966 -3.73471e-17)
(-0.0220102 -0.202074 1.93289e-17)
(-0.182247 -0.385519 1.05109e-16)
(-0.335118 -0.470652 1.5361e-16)
(-0.458573 0.0808899 1.94186e-18)
(-0.424752 0.16382 6.89878e-18)
(-0.358837 0.243652 1.8564e-17)
(-0.259823 0.309488 -1.98117e-17)
(-0.135104 0.344158 -1.7372e-17)
(0.00266183 0.329474 -7.71088e-18)
(0.127969 0.251396 5.60303e-18)
(0.202926 0.106015 2.50982e-17)
(0.1969 -0.0921823 9.07038e-17)
(0.0948209 -0.283031 7.97676e-17)
(-0.0857515 -0.423683 3.80894e-19)
(-0.268308 -0.447251 5.63265e-19)
(-0.39863 0.0689431 -2.9668e-18)
(-0.352862 0.135284 -5.70441e-18)
(-0.273399 0.195137 -1.11059e-17)
(-0.159692 0.238265 4.12592e-17)
(-0.0209277 0.249622 2.18592e-17)
(0.128048 0.214363 2.8338e-18)
(0.260078 0.124814 -2.40996e-17)
(0.335773 -0.0170015 0)
(0.325444 -0.195213 1.3867e-19)
(0.217366 -0.348921 -1.75396e-16)
(0.0212115 -0.443178 -1.56592e-16)
(-0.186148 -0.404479 2.39106e-17)
(-0.341042 0.0532202 0)
(-0.286555 0.102602 9.12298e-18)
(-0.197165 0.14265 -1.58752e-17)
(-0.0725337 0.164025 -2.75784e-17)
(0.0771311 0.154236 -2.38984e-17)
(0.236017 0.101694 -1.04213e-17)
(0.375963 0.00458515 3.26643e-20)
(0.457364 -0.1306 -5.69629e-17)
(0.450693 -0.288152 -1.62071e-16)
(0.344543 -0.403566 1.14369e-16)
(0.135226 -0.44669 0)
(-0.09505 -0.343276 -4.65974e-16)
(-0.282512 0.0369109 0)
(-0.222246 0.0704465 -2.19602e-17)
(-0.125929 0.0926392 2.09377e-17)
(0.00667068 0.0941261 -5.78984e-18)
(0.16502 0.064514 9.70548e-17)
(0.33364 -0.00448936 4.54606e-17)
(0.482353 -0.108247 4.42463e-17)
(0.573857 -0.239482 9.07031e-17)
(0.57663 -0.374497 1.02952e-16)
(0.473127 -0.44755 0)
(0.263569 -0.429108 0)
(0.0149511 -0.265976 3.01844e-16)
(-0.202999 0.0229686 -1.87092e-17)
(-0.139364 0.041302 1.60909e-16)
(-0.0395697 0.047714 7.07087e-17)
(0.0959487 0.0323666 1.44786e-16)
(0.258518 -0.0135492 -1.15796e-16)
(0.437709 -0.094927 -2.4003e-17)
(0.592185 -0.199326 2.17804e-17)
(0.71335 -0.320122 -2.0371e-17)
(0.695674 -0.42938 3.00793e-17)
(0.575719 -0.430005 0)
(0.387671 -0.375786 0)
(0.104522 -0.218337 7.07292e-16)
(-0.540102 0.18265 0)
(-0.48252 0.28107 -3.42737e-17)
(-0.496348 0.270411 5.35524e-18)
(-0.51315 0.257826 0)
(-0.523577 0.262091 0)
(-0.526791 0.290121 4.44374e-18)
(-0.516734 0.343446 6.49087e-18)
(-0.485736 0.416798 -2.13445e-18)
(-0.430934 0.500899 8.41738e-18)
(-0.35214 0.584966 0)
(-0.257388 0.662723 4.18942e-18)
(-0.148848 0.732429 1.05859e-18)
(-0.17946 0.195198 0)
(-0.348439 0.18768 0)
(-0.418739 0.180917 -2.23598e-17)
(-0.460332 0.190977 0)
(-0.480998 0.213438 -4.6636e-18)
(-0.4867 0.25554 9.00664e-18)
(-0.4756 0.317782 -2.19955e-17)
(-0.443623 0.395142 -2.15553e-18)
(-0.389417 0.479637 2.13903e-18)
(-0.313355 0.562645 8.48874e-18)
(-0.220966 0.639367 0)
(-0.11344 0.708561 -1.06307e-18)
(-0.0254901 0.213702 0)
(-0.234262 0.134962 -8.70485e-18)
(-0.347666 0.125329 3.5196e-17)
(-0.407762 0.144454 -5.11099e-18)
(-0.437826 0.178175 0)
(-0.446431 0.229898 -1.39026e-17)
(-0.435326 0.298221 3.15932e-17)
(-0.403296 0.37789 0)
(-0.350226 0.461723 0)
(-0.276798 0.542448 -7.55937e-18)
(-0.186845 0.61597 3.22542e-18)
(-0.0810211 0.680794 1.07636e-18)
(0.0665541 0.221781 0)
(-0.148549 0.10296 0)
(-0.283652 0.0883613 -2.47298e-17)
(-0.355874 0.10961 5.33885e-18)
(-0.393736 0.150151 -5.01345e-18)
(-0.405398 0.208272 4.34431e-17)
(-0.395199 0.280623 -4.6848e-18)
(-0.364078 0.36135 1.14698e-17)
(-0.312914 0.443639 -1.12688e-17)
(-0.242606 0.520958 8.88308e-18)
(-0.155895 0.589388 -4.38815e-18)
(-0.0532491 0.646909 -1.09042e-18)
(0.126513 0.22149 0)
(-0.081984 0.0791642 3.99809e-17)
(-0.224861 0.0598405 2.63327e-17)
(-0.304388 0.0803126 0)
(-0.348413 0.125094 -1.59681e-17)
(-0.363259 0.187515 -3.06603e-17)
(-0.354805 0.262521 -3.21732e-17)
(-0.325583 0.343448 7.23021e-18)
(-0.277262 0.423544 9.40056e-18)
(-0.21094 0.496596 -9.20874e-18)
(-0.128694 0.558582 0)
(-0.0310576 0.606894 0)
(0.165284 0.212309 0)
(-0.0269443 0.0560891 -4.34879e-17)
(-0.16904 0.0332304 7.12451e-18)
(-0.252496 0.0522949 -6.14483e-18)
(-0.301424 0.100068 2.30205e-17)
(-0.319709 0.165627 5.50757e-18)
(-0.313853 0.242495 1.59294e-17)
(-0.287555 0.323124 -4.36835e-17)
(-0.243119 0.400647 2.49829e-18)
(-0.18187 0.468947 -1.21039e-18)
(-0.105502 0.523752 1.18564e-18)
(-0.0147326 0.561973 0)
(0.189603 0.193232 0)
(0.0211356 0.0291607 -9.69956e-17)
(-0.114162 0.00442854 0)
(-0.199185 0.0226496 -2.72579e-17)
(-0.25221 0.0730872 1.91696e-17)
(-0.274405 0.141358 3.65906e-17)
(-0.272065 0.219767 -2.93324e-18)
(-0.249763 0.299908 1.96515e-17)
(-0.210305 0.374748 0)
(-0.155305 0.4382 -1.30321e-18)
(-0.086239 0.485724 1.26554e-18)
(-0.00405285 0.513889 0)
(0.200098 0.160248 0)
(0.0648773 -0.00300399 -1.40494e-17)
(-0.0587505 -0.0291554 9.03309e-18)
(-0.143417 -0.0105397 -3.13288e-17)
(-0.200084 0.0428176 -5.88562e-17)
(-0.226882 0.113934 -2.10114e-17)
(-0.229089 0.193923 -6.67929e-18)
(-0.211906 0.273625 -2.86414e-17)
(-0.178537 0.345879 3.04695e-18)
(-0.130964 0.404742 -1.30996e-17)
(-0.0705543 0.445426 1.39762e-18)
(0.00159725 0.464347 0)
(0.199983 0.114464 -3.9527e-16)
(0.103896 -0.0408355 1.37351e-16)
(-0.00203154 -0.069119 -7.63351e-17)
(-0.084256 -0.0486022 -9.5495e-18)
(-0.144176 0.0082018 3.60998e-17)
(-0.176445 0.0827419 8.55382e-18)
(-0.184361 0.164634 -8.11758e-18)
(-0.173563 0.24409 3.19384e-21)
(-0.147379 0.313961 0)
(-0.108377 0.368734 1.37884e-17)
(-0.0578284 0.403466 0)
(0.003054 0.414563 0)
(0.189105 0.0536433 4.91902e-16)
(0.137208 -0.0834184 -2.05499e-16)
(0.0555172 -0.116188 1.32098e-16)
(-0.0213175 -0.0932393 1.05594e-16)
(-0.0838013 -0.03276 1.25696e-17)
(-0.122556 0.0463347 4.75084e-17)
(-0.137541 0.130817 -5.02929e-17)
(-0.134482 0.210382 3.14956e-17)
(-0.116465 0.278053 4.92847e-18)
(-0.0869675 0.329409 1.84582e-17)
(-0.0472211 0.359437 -8.65914e-18)
(0.00148396 0.364695 0)
(0.165882 -0.0148014 0)
(0.163332 -0.128414 2.77178e-16)
(0.112807 -0.170304 -2.30477e-16)
(0.0458901 -0.148231 4.72452e-17)
(-0.0175417 -0.0860388 -4.5077e-17)
(-0.0647372 -0.000368131 -8.48778e-17)
(-0.0894256 0.0879498 1.12613e-16)
(-0.0953681 0.168451 -9.53079e-18)
(-0.0858692 0.23386 0)
(-0.0661518 0.282426 -3.21873e-17)
(-0.0374523 0.309408 4.45766e-17)
(-0.000984018 0.311568 0)
(0.117437 -0.0339149 -8.73301e-16)
(0.184365 -0.17148 5.21665e-16)
(0.165011 -0.227947 5.09161e-16)
(0.118087 -0.211008 0)
(0.0551442 -0.156448 -4.57778e-16)
(-0.00752588 -0.0635145 -4.82788e-16)
(-0.0387949 0.0209645 2.11917e-16)
(-0.0535382 0.103326 -2.92209e-17)
(-0.0518899 0.163372 2.36058e-17)
(-0.0421399 0.206476 0)
(-0.0260002 0.231006 2.52261e-21)
(-0.00126176 0.23538 1.98603e-17)
)
;

boundaryField
{
    rotor
    {
        type            noSlip;
    }
    stator
    {
        type            noSlip;
    }
    front
    {
        type            empty;
    }
    back
    {
        type            empty;
    }
}


// ************************************************************************* //
