/*--------------------------------*- C++ -*----------------------------------*\
| =========                 |                                                 |
| \\      /  F ield         | OpenFOAM: The Open Source CFD Toolbox           |
|  \\    /   O peration     | Version:  4.0                                   |
|   \\  /    A nd           | Web:      www.OpenFOAM.org                      |
|    \\/     M anipulation  |                                                 |
\*---------------------------------------------------------------------------*/
FoamFile
{
    version     2.0;
    format      ascii;
    class       surfaceScalarField;
    location    "350";
    object      phi;
}
// * * * * * * * * * * * * * * * * * * * * * * * * * * * * * * * * * * * * * //

dimensions      [0 3 -1 0 0 0 0];

internalField   nonuniform List<scalar> 
5952
(
5.30001e-06
-5.2851e-06
8.9237e-06
-3.62462e-06
1.16326e-05
-2.70787e-06
1.29694e-05
-1.33717e-06
1.27218e-05
2.48649e-07
1.00922e-05
2.63233e-06
4.89991e-06
5.19284e-06
-4.14693e-06
9.0493e-06
-1.86827e-05
1.45356e-05
-3.18898e-05
1.32075e-05
-4.18274e-05
9.93728e-06
7.62294e-06
-4.94505e-05
1.64313e-06
-6.92645e-06
3.72638e-06
-5.7077e-06
3.47899e-06
-2.4593e-06
1.05765e-06
1.08493e-06
-4.30284e-06
5.61009e-06
-1.37658e-05
1.20962e-05
-2.59017e-05
1.73291e-05
-3.5675e-05
1.8823e-05
-3.97032e-05
1.8564e-05
-4.21431e-05
1.56475e-05
-4.46448e-05
1.24389e-05
9.73551e-06
-4.67574e-05
8.23765e-07
-7.74935e-06
-6.96035e-08
-4.81388e-06
-3.17289e-06
6.44607e-07
-9.63676e-06
7.54923e-06
-1.89605e-05
1.49342e-05
-2.68916e-05
2.00278e-05
-3.13588e-05
2.17965e-05
-3.37346e-05
2.11992e-05
-3.45677e-05
1.93972e-05
-3.52398e-05
1.63196e-05
-3.61041e-05
1.33032e-05
1.04374e-05
-3.68061e-05
-2.33924e-06
-5.4095e-06
-6.10503e-06
-1.04776e-06
-1.15247e-05
6.06458e-06
-1.78425e-05
1.38673e-05
-2.2889e-05
1.9981e-05
-2.56687e-05
2.28079e-05
-2.68052e-05
2.29331e-05
-2.71826e-05
2.15769e-05
-2.71518e-05
1.93664e-05
-2.72463e-05
1.6414e-05
-2.74116e-05
1.34684e-05
1.05641e-05
-2.75384e-05
-4.06661e-06
-1.34197e-06
-9.17656e-06
4.06262e-06
-1.40444e-05
1.09329e-05
-1.7817e-05
1.76403e-05
-1.97945e-05
2.19589e-05
-2.02461e-05
2.32599e-05
-1.99635e-05
2.26507e-05
-1.93407e-05
2.09542e-05
-1.86261e-05
1.86518e-05
-1.81594e-05
1.59472e-05
-1.78638e-05
1.31727e-05
1.03748e-05
-1.76746e-05
-4.96395e-06
3.62286e-06
-9.51656e-06
8.61628e-06
-1.28747e-05
1.42918e-05
-1.45335e-05
1.93e-05
-1.45622e-05
2.19884e-05
-1.36696e-05
2.23678e-05
-1.24205e-05
2.14021e-05
-1.11507e-05
1.96846e-05
-1.00344e-05
1.75357e-05
-9.1941e-06
1.51068e-05
-8.58997e-06
1.25686e-05
9.95856e-06
-8.1738e-06
-4.84257e-06
8.46775e-06
-8.55278e-06
1.23278e-05
-1.04441e-05
1.61843e-05
-1.03712e-05
1.92283e-05
-8.95228e-06
2.05702e-05
-7.00836e-06
2.04246e-05
-5.00867e-06
1.94028e-05
-3.18967e-06
1.78661e-05
-1.6589e-06
1.60051e-05
-4.63653e-07
1.39118e-05
4.31557e-07
1.16734e-05
9.31668e-06
1.07354e-06
-4.6522e-06
1.31213e-05
-7.28529e-06
1.49618e-05
-7.636e-06
1.65358e-05
-6.05533e-06
1.76483e-05
-3.44337e-06
1.79588e-05
-5.7928e-07
1.7561e-05
2.13682e-06
1.66871e-05
4.52051e-06
1.54827e-05
6.50422e-06
1.40217e-05
8.07808e-06
1.23381e-05
9.28473e-06
1.04669e-05
8.42519e-06
1.01763e-05
-4.06518e-06
1.71875e-05
-5.54479e-06
1.6442e-05
-4.22591e-06
1.52174e-05
-1.25064e-06
1.46734e-05
2.43e-06
1.42786e-05
6.13182e-06
1.38596e-05
9.51161e-06
1.33077e-05
1.24265e-05
1.25681e-05
1.48394e-05
1.16089e-05
1.6767e-05
1.04106e-05
1.82652e-05
8.96888e-06
7.29506e-06
1.93954e-05
-3.7609e-06
2.09484e-05
-2.61599e-06
1.52974e-05
1.19276e-06
1.14089e-05
5.66933e-06
1.01971e-05
1.02707e-05
9.67748e-06
1.45672e-05
9.56344e-06
1.83473e-05
9.52779e-06
2.15443e-05
9.37126e-06
2.41661e-05
8.98729e-06
2.6258e-05
8.31882e-06
2.78941e-05
7.33292e-06
6.04489e-06
2.91442e-05
5.16014e-07
2.04329e-05
6.19274e-06
9.62082e-06
1.22315e-05
5.37025e-06
1.7723e-05
4.70577e-06
2.25541e-05
4.84667e-06
2.66984e-05
5.41933e-06
3.01907e-05
6.03578e-06
3.30776e-05
6.4846e-06
3.54171e-05
6.64794e-06
3.72729e-05
6.46319e-06
3.87281e-05
5.87784e-06
4.92359e-06
3.98494e-05
2.02972e-05
1.35306e-07
2.86487e-05
1.26917e-06
3.38557e-05
1.63188e-07
3.79019e-05
6.59572e-07
4.10519e-05
1.69672e-06
4.36371e-05
2.83417e-06
4.57997e-05
3.87333e-06
4.7584e-05
4.70046e-06
4.90226e-05
5.20945e-06
5.01488e-05
5.33706e-06
5.103e-05
4.99666e-06
5.17123e-05
4.24131e-06
-5.48454e-05
5.39475e-06
-5.81862e-05
3.34056e-06
-5.96603e-05
1.47416e-06
-5.93353e-05
-3.25274e-07
-5.73345e-05
-2.00076e-06
-5.35957e-05
-3.73916e-06
-4.7975e-05
-5.62069e-06
-4.04048e-05
-7.57011e-06
-3.07317e-05
-9.67316e-06
-1.91517e-05
-1.158e-05
-7.53781e-06
-1.16141e-05
-7.53784e-06
-4.81731e-05
6.81044e-06
-4.89894e-05
4.15668e-06
-4.91457e-05
1.63061e-06
-4.86752e-05
-7.9596e-07
-4.74445e-05
-3.23146e-06
-4.53174e-05
-5.86633e-06
-4.21584e-05
-8.77958e-06
-3.76801e-05
-1.20483e-05
-3.16679e-05
-1.56853e-05
-2.38709e-05
-1.9377e-05
-1.33153e-05
-2.21698e-05
-2.08531e-05
-3.74897e-05
7.49403e-06
-3.79775e-05
4.64437e-06
-3.81786e-05
1.83168e-06
-3.79499e-05
-1.02474e-06
-3.71396e-05
-4.04174e-06
-3.56805e-05
-7.32546e-06
-3.34592e-05
-1.10008e-05
-3.03536e-05
-1.51538e-05
-2.62745e-05
-1.97643e-05
-2.07153e-05
-2.49361e-05
-1.27221e-05
-3.01628e-05
-3.35751e-05
-2.7664e-05
7.61954e-06
-2.77151e-05
4.69536e-06
-2.76205e-05
1.73704e-06
-2.72999e-05
-1.34544e-06
-2.66831e-05
-4.6586e-06
-2.57046e-05
-8.30399e-06
-2.4279e-05
-1.24263e-05
-2.22847e-05
-1.7148e-05
-1.95194e-05
-2.25296e-05
-1.55071e-05
-2.89483e-05
-9.46812e-06
-3.62017e-05
-4.30432e-05
-1.75805e-05
7.52537e-06
-1.75165e-05
4.63125e-06
-1.74213e-05
1.64175e-06
-1.72444e-05
-1.52243e-06
-1.69447e-05
-4.95831e-06
-1.64749e-05
-8.77378e-06
-1.57776e-05
-1.31236e-05
-1.47882e-05
-1.81373e-05
-1.33047e-05
-2.4013e-05
-1.11236e-05
-3.11294e-05
-7.38619e-06
-3.9939e-05
-5.04293e-05
-7.91394e-06
7.2655e-06
-7.76198e-06
4.4792e-06
-7.6761e-06
1.55586e-06
-7.62663e-06
-1.57195e-06
-7.59308e-06
-4.99187e-06
-7.55509e-06
-8.81174e-06
-7.50777e-06
-1.31709e-05
-7.41087e-06
-1.82341e-05
-7.15708e-06
-2.42669e-05
-6.56911e-06
-3.17173e-05
-4.85453e-06
-4.16535e-05
-5.52839e-05
1.50147e-06
6.83756e-06
1.75394e-06
4.22677e-06
1.85818e-06
1.45163e-06
1.82616e-06
-1.53989e-06
1.65559e-06
-4.82126e-06
1.33325e-06
-8.48932e-06
8.3316e-07
-1.26707e-05
1.40793e-07
-1.75417e-05
-7.20567e-07
-2.34054e-05
-1.63756e-06
-3.08005e-05
-2.16978e-06
-4.11215e-05
-5.74537e-05
1.07997e-05
6.21421e-06
1.11897e-05
3.83673e-06
1.13654e-05
1.276e-06
1.13252e-05
-1.49959e-06
1.10474e-05
-4.54343e-06
1.04897e-05
-7.93151e-06
9.58109e-06
-1.1762e-05
8.23363e-06
-1.61941e-05
6.35455e-06
-2.15265e-05
3.91846e-06
-2.83644e-05
1.28564e-06
-3.84887e-05
-5.61682e-05
2.02162e-05
5.39342e-06
2.07638e-05
3.28914e-06
2.1055e-05
9.84914e-07
2.10796e-05
-1.5242e-06
2.08015e-05
-4.26523e-06
2.0154e-05
-7.28394e-06
1.90181e-05
-1.0626e-05
1.7223e-05
-1.43991e-05
1.45294e-05
-1.88327e-05
1.06792e-05
-2.45142e-05
5.74923e-06
-3.35588e-05
-5.0419e-05
3.00813e-05
4.45644e-06
3.07424e-05
2.628e-06
3.1147e-05
5.80385e-07
3.12815e-05
-1.65866e-06
3.1099e-05
-4.08261e-06
3.05148e-05
-6.69969e-06
2.93674e-05
-9.47845e-06
2.74103e-05
-1.24418e-05
2.42398e-05
-1.56622e-05
1.93534e-05
-1.96275e-05
1.19303e-05
-2.61356e-05
-3.84884e-05
4.07232e-05
3.58273e-06
4.13788e-05
1.97253e-06
4.18384e-05
1.20824e-07
4.20876e-05
-1.90778e-06
4.20728e-05
-4.06772e-06
4.16992e-05
-6.3259e-06
4.07779e-05
-8.55699e-06
3.90195e-05
-1.06832e-05
3.58758e-05
-1.25182e-05
3.06127e-05
-1.4364e-05
2.07217e-05
-1.62442e-05
-1.77664e-05
5.23006e-05
2.99449e-06
5.2802e-05
1.47121e-06
5.32399e-05
-3.17068e-07
5.35943e-05
-2.26202e-06
5.38027e-05
-4.27605e-06
5.37632e-05
-6.28626e-06
5.32855e-05
-8.07918e-06
5.21048e-05
-9.50227e-06
4.96949e-05
-1.0108e-05
4.51068e-05
-9.77587e-06
3.46931e-05
-5.83011e-06
1.6927e-05
5.29292e-06
-5.29236e-06
8.91815e-06
-3.62618e-06
1.16289e-05
-2.71062e-06
1.29689e-05
-1.34019e-06
1.27245e-05
2.4418e-07
1.01024e-05
2.62495e-06
4.9137e-06
5.1883e-06
-4.11571e-06
9.032e-06
-1.86492e-05
1.45332e-05
-3.18652e-05
1.32166e-05
-4.18068e-05
9.94144e-06
7.62832e-06
-4.9435e-05
1.64044e-06
-6.93219e-06
3.72957e-06
-5.71515e-06
3.4866e-06
-2.46743e-06
1.07137e-06
1.07525e-06
-4.27882e-06
5.59432e-06
-1.37298e-05
1.20765e-05
-2.58663e-05
1.73249e-05
-3.56571e-05
1.88232e-05
-3.96938e-05
1.85699e-05
-4.2134e-05
1.56568e-05
-4.46378e-05
1.24452e-05
9.74152e-06
-4.67511e-05
8.27114e-07
-7.75828e-06
-5.96952e-08
-4.82806e-06
-3.15377e-06
6.26868e-07
-9.60578e-06
7.52729e-06
-1.89281e-05
1.49167e-05
-2.6875e-05
2.00236e-05
-3.13505e-05
2.18004e-05
-3.37316e-05
2.12045e-05
-3.45663e-05
1.94044e-05
-3.52371e-05
1.63275e-05
-3.61016e-05
1.33096e-05
1.0443e-05
-3.68032e-05
-2.33346e-06
-5.42396e-06
-6.09105e-06
-1.07008e-06
-1.1505e-05
6.04114e-06
-1.78261e-05
1.38485e-05
-2.28822e-05
1.99729e-05
-2.5668e-05
2.28097e-05
-2.68059e-05
2.29382e-05
-2.71841e-05
2.15827e-05
-2.71531e-05
1.93732e-05
-2.72465e-05
1.64209e-05
-2.74114e-05
1.34742e-05
1.05692e-05
-2.75378e-05
-4.06196e-06
-1.3609e-06
-9.17036e-06
4.03928e-06
-1.4041e-05
1.09121e-05
-1.78186e-05
1.76265e-05
-1.98001e-05
2.1955e-05
-2.02522e-05
2.32618e-05
-1.99684e-05
2.26548e-05
-1.93451e-05
2.09592e-05
-1.86291e-05
1.86574e-05
-1.81612e-05
1.59526e-05
-1.78645e-05
1.31776e-05
1.0379e-05
-1.76747e-05
-4.96292e-06
3.60514e-06
-9.51907e-06
8.59612e-06
-1.28811e-05
1.42754e-05
-1.45432e-05
1.92897e-05
-1.45727e-05
2.19849e-05
-1.36781e-05
2.23683e-05
-1.24276e-05
2.14042e-05
-1.11557e-05
1.9688e-05
-1.00381e-05
1.75395e-05
-9.19613e-06
1.51109e-05
-8.59118e-06
1.25723e-05
9.96197e-06
-8.17403e-06
-4.84676e-06
8.45336e-06
-8.56104e-06
1.23122e-05
-1.04558e-05
1.61709e-05
-1.03841e-05
1.92192e-05
-8.96379e-06
2.05658e-05
-7.01795e-06
2.04231e-05
-5.01602e-06
1.9403e-05
-3.19518e-06
1.78675e-05
-1.66258e-06
1.60073e-05
-4.66034e-07
1.39144e-05
4.30299e-07
1.16761e-05
9.31922e-06
1.073e-06
-4.65823e-06
1.31136e-05
-7.29609e-06
1.49507e-05
-7.64902e-06
1.65251e-05
-6.06852e-06
1.76395e-05
-3.45507e-06
1.79531e-05
-5.88904e-07
1.75576e-05
2.12927e-06
1.66854e-05
4.51487e-06
1.54823e-05
6.50026e-06
1.40222e-05
8.07549e-06
1.23394e-05
9.28318e-06
1.04685e-05
8.42694e-06
1.01755e-05
-4.07207e-06
1.71864e-05
-5.5551e-06
1.64349e-05
-4.23793e-06
1.52081e-05
-1.26265e-06
1.46649e-05
2.41925e-06
1.42717e-05
6.12287e-06
1.38545e-05
9.50447e-06
1.33042e-05
1.2421e-05
1.25661e-05
1.48355e-05
1.1608e-05
1.67644e-05
1.04107e-05
1.82635e-05
8.96954e-06
7.29604e-06
1.93944e-05
-3.76525e-06
2.0953e-05
-2.62234e-06
1.52922e-05
1.18498e-06
1.14018e-05
5.66101e-06
1.01891e-05
1.0263e-05
9.6701e-06
1.45606e-05
9.55733e-06
1.83419e-05
9.52321e-06
2.15401e-05
9.36812e-06
2.4163e-05
8.98539e-06
2.62559e-05
8.31795e-06
2.78926e-05
7.33282e-06
6.0453e-06
2.91434e-05
5.16506e-07
2.04373e-05
6.19163e-06
9.61797e-06
1.2229e-05
5.36412e-06
1.77201e-05
4.69842e-06
2.2551e-05
4.8395e-06
2.66956e-05
5.41313e-06
3.01882e-05
6.0309e-06
3.30755e-05
6.48106e-06
3.54155e-05
6.64561e-06
3.72717e-05
6.46189e-06
3.87272e-05
5.87735e-06
4.92373e-06
3.98489e-05
2.03011e-05
1.36678e-07
2.86527e-05
1.26627e-06
3.38589e-05
1.5866e-07
3.79038e-05
6.53604e-07
4.10528e-05
1.69062e-06
4.36374e-05
2.82866e-06
4.57996e-05
3.86881e-06
4.75837e-05
4.69709e-06
4.90222e-05
5.20719e-06
5.01484e-05
5.33578e-06
5.10296e-05
4.9962e-06
5.17119e-05
4.24148e-06
-5.48327e-05
5.39777e-06
-5.81766e-05
3.34384e-06
-5.96526e-05
1.47625e-06
-5.93294e-05
-3.23378e-07
-5.73298e-05
-1.99952e-06
-5.35921e-05
-3.73793e-06
-4.79721e-05
-5.61994e-06
-4.04027e-05
-7.56941e-06
-3.073e-05
-9.67274e-06
-1.91503e-05
-1.15796e-05
-7.53681e-06
-1.16137e-05
-7.53683e-06
-4.81682e-05
6.81488e-06
-4.8985e-05
4.1605e-06
-4.91421e-05
1.63348e-06
-4.86719e-05
-7.93674e-07
-4.74418e-05
-3.2296e-06
-4.53151e-05
-5.86481e-06
-4.21566e-05
-8.77837e-06
-3.76787e-05
-1.20473e-05
-3.16669e-05
-1.56844e-05
-2.38703e-05
-1.93763e-05
-1.3315e-05
-2.2169e-05
-2.08518e-05
-3.7487e-05
7.49857e-06
-3.79749e-05
4.64821e-06
-3.81762e-05
1.83476e-06
-3.79478e-05
-1.02225e-06
-3.71377e-05
-4.03972e-06
-3.56789e-05
-7.3238e-06
-3.34578e-05
-1.09994e-05
-3.03525e-05
-1.51526e-05
-2.62737e-05
-1.97632e-05
-2.07149e-05
-2.49352e-05
-1.27221e-05
-3.01618e-05
-3.35739e-05
-2.76632e-05
7.6237e-06
-2.77139e-05
4.6988e-06
-2.76191e-05
1.73981e-06
-2.72984e-05
-1.34313e-06
-2.66816e-05
-4.65666e-06
-2.57032e-05
-8.30229e-06
-2.42778e-05
-1.24249e-05
-2.22838e-05
-1.71466e-05
-1.95187e-05
-2.25284e-05
-1.55067e-05
-2.89471e-05
-9.46791e-06
-3.62005e-05
-4.30418e-05
-1.758e-05
7.52895e-06
-1.75156e-05
4.63414e-06
-1.74201e-05
1.64423e-06
-1.72431e-05
-1.52036e-06
-1.69434e-05
-4.95645e-06
-1.64737e-05
-8.7721e-06
-1.57765e-05
-1.3122e-05
-1.47874e-05
-1.81358e-05
-1.33041e-05
-2.40115e-05
-1.11233e-05
-3.1128e-05
-7.38627e-06
-3.99378e-05
-5.04281e-05
-7.91372e-06
7.26835e-06
-7.76124e-06
4.4817e-06
-7.6752e-06
1.55797e-06
-7.62553e-06
-1.57004e-06
-7.59201e-06
-4.99013e-06
-7.55402e-06
-8.81006e-06
-7.50691e-06
-1.31692e-05
-7.41013e-06
-1.82325e-05
-7.15655e-06
-2.42653e-05
-6.56894e-06
-3.17159e-05
-4.85447e-06
-4.16522e-05
-5.52829e-05
1.50156e-06
6.83986e-06
1.75438e-06
4.22881e-06
1.85889e-06
1.45347e-06
1.82697e-06
-1.53817e-06
1.65644e-06
-4.8196e-06
1.33403e-06
-8.48767e-06
8.33857e-07
-1.2669e-05
1.41326e-07
-1.754e-05
-7.20307e-07
-2.34037e-05
-1.63735e-06
-3.07988e-05
-2.17006e-06
-4.11203e-05
-5.7453e-05
1.07995e-05
6.21592e-06
1.11899e-05
3.83836e-06
1.13658e-05
1.27758e-06
1.13257e-05
-1.49804e-06
1.1048e-05
-4.54184e-06
1.04902e-05
-7.92986e-06
9.58156e-06
-1.17603e-05
8.23394e-06
-1.61923e-05
6.35484e-06
-2.15245e-05
3.91833e-06
-2.83627e-05
1.28558e-06
-3.84872e-05
-5.61676e-05
2.02158e-05
5.39458e-06
2.07638e-05
3.29038e-06
2.10551e-05
9.86258e-07
2.10799e-05
-1.52277e-06
2.08018e-05
-4.26368e-06
2.01543e-05
-7.28227e-06
1.90183e-05
-1.06241e-05
1.72232e-05
-1.43971e-05
1.45294e-05
-1.88306e-05
1.06791e-05
-2.4512e-05
5.74894e-06
-3.35573e-05
-5.04185e-05
3.00808e-05
4.45718e-06
3.07423e-05
2.62898e-06
3.1147e-05
5.81558e-07
3.12816e-05
-1.6573e-06
3.1099e-05
-4.08108e-06
3.05149e-05
-6.69797e-06
2.93674e-05
-9.47657e-06
2.74103e-05
-1.24397e-05
2.42398e-05
-1.56599e-05
1.93532e-05
-1.96253e-05
1.19301e-05
-2.61339e-05
-3.84878e-05
4.07229e-05
3.58326e-06
4.13786e-05
1.97341e-06
4.18383e-05
1.21952e-07
4.20875e-05
-1.90641e-06
4.20727e-05
-4.06616e-06
4.1699e-05
-6.32414e-06
4.07777e-05
-8.55506e-06
3.90193e-05
-1.0681e-05
3.58756e-05
-1.25159e-05
3.06125e-05
-1.43618e-05
2.07217e-05
-1.62423e-05
-1.7766e-05
5.23002e-05
2.9951e-06
5.28015e-05
1.47216e-06
5.32394e-05
-3.15847e-07
5.35937e-05
-2.26059e-06
5.38021e-05
-4.27442e-06
5.37626e-05
-6.28448e-06
5.3285e-05
-8.07724e-06
5.21044e-05
-9.50015e-06
4.96946e-05
-1.01058e-05
4.51067e-05
-9.7735e-06
3.46929e-05
-5.82863e-06
1.69278e-05
5.29157e-06
-5.28981e-06
8.91451e-06
-3.62307e-06
1.16235e-05
-2.70768e-06
1.29618e-05
-1.33753e-06
1.27146e-05
2.48673e-07
1.00854e-05
2.63353e-06
4.89435e-06
5.19237e-06
-4.15259e-06
9.05045e-06
-1.86852e-05
1.45328e-05
-3.18882e-05
1.32036e-05
-4.18235e-05
9.93501e-06
7.62106e-06
-4.94446e-05
1.63774e-06
-6.92601e-06
3.7204e-06
-5.70521e-06
3.47119e-06
-2.4573e-06
1.04928e-06
1.08561e-06
-4.31154e-06
5.61056e-06
-1.37734e-05
1.20966e-05
-2.59054e-05
1.73248e-05
-3.56727e-05
1.88183e-05
-3.96985e-05
1.85588e-05
-4.21375e-05
1.56427e-05
-4.46382e-05
1.24357e-05
9.73305e-06
-4.67504e-05
8.21085e-07
-7.74648e-06
-7.38262e-08
-4.80997e-06
-3.17859e-06
6.47869e-07
-9.64385e-06
7.55123e-06
-1.8966e-05
1.49331e-05
-2.68909e-05
2.00219e-05
-3.13551e-05
2.17892e-05
-3.3729e-05
2.11925e-05
-3.45614e-05
1.93913e-05
-3.52335e-05
1.63147e-05
-3.60975e-05
1.32996e-05
1.04349e-05
-3.67995e-05
-2.34088e-06
-5.40513e-06
-6.10844e-06
-1.04226e-06
-1.15288e-05
6.06846e-06
-1.78444e-05
1.38671e-05
-2.28867e-05
1.99757e-05
-2.5664e-05
2.27997e-05
-2.67996e-05
2.2925e-05
-2.71764e-05
2.15697e-05
-2.71454e-05
1.93603e-05
-2.72398e-05
1.64092e-05
-2.74051e-05
1.34648e-05
1.05616e-05
-2.75319e-05
-4.0685e-06
-1.33596e-06
-9.1787e-06
4.06841e-06
-1.4045e-05
1.09352e-05
-1.78147e-05
1.76374e-05
-1.979e-05
2.19515e-05
-2.02409e-05
2.32512e-05
-1.9958e-05
2.26425e-05
-1.9335e-05
2.09471e-05
-1.86205e-05
1.8646e-05
-1.81538e-05
1.59427e-05
-1.78583e-05
1.31693e-05
1.03725e-05
-1.76692e-05
-4.96525e-06
3.63056e-06
-9.51712e-06
8.62129e-06
-1.28734e-05
1.42925e-05
-1.45303e-05
1.92953e-05
-1.45582e-05
2.19804e-05
-1.36654e-05
2.23591e-05
-1.24162e-05
2.13942e-05
-1.11465e-05
1.96778e-05
-1.00303e-05
1.75303e-05
-9.18996e-06
1.51026e-05
-8.58585e-06
1.25655e-05
9.95645e-06
-8.16972e-06
-4.84258e-06
8.47546e-06
-8.55201e-06
1.2332e-05
-1.04421e-05
1.61838e-05
-1.03685e-05
1.9223e-05
-8.94952e-06
2.05624e-05
-7.00583e-06
2.04165e-05
-5.00629e-06
1.93953e-05
-3.18729e-06
1.78597e-05
-1.65647e-06
1.59999e-05
-4.61103e-07
1.39077e-05
4.3421e-07
1.16704e-05
9.31465e-06
1.07628e-06
-4.65193e-06
1.31284e-05
-7.28381e-06
1.49651e-05
-7.63373e-06
1.65345e-05
-6.05317e-06
1.76433e-05
-3.44187e-06
1.79518e-05
-5.78255e-07
1.75536e-05
2.13762e-06
1.66801e-05
4.52133e-06
1.54765e-05
6.50518e-06
1.40165e-05
8.07925e-06
1.2334e-05
9.2861e-06
1.04638e-05
8.42314e-06
1.01778e-05
-4.0641e-06
1.71937e-05
-5.54248e-06
1.64442e-05
-4.22334e-06
1.52159e-05
-1.24862e-06
1.46691e-05
2.43124e-06
1.42724e-05
6.13244e-06
1.38528e-05
9.51188e-06
1.33011e-05
1.24267e-05
1.25622e-05
1.48397e-05
1.16039e-05
1.67675e-05
1.04066e-05
1.82657e-05
8.96585e-06
7.29301e-06
1.93961e-05
-3.75882e-06
2.09529e-05
-2.61291e-06
1.52985e-05
1.19613e-06
1.14072e-05
5.67226e-06
1.01931e-05
1.0273e-05
9.67195e-06
1.45687e-05
9.55728e-06
1.83483e-05
9.52173e-06
2.1545e-05
9.36572e-06
2.41666e-05
8.98257e-06
2.62584e-05
8.31502e-06
2.78944e-05
7.33009e-06
6.04302e-06
2.91445e-05
5.18446e-07
2.0435e-05
6.19672e-06
9.62042e-06
1.2236e-05
5.36802e-06
1.77274e-05
4.70177e-06
2.25578e-05
4.8416e-06
2.67015e-05
5.4138e-06
3.0193e-05
6.03036e-06
3.30792e-05
6.47966e-06
3.54183e-05
6.64376e-06
3.72736e-05
6.45989e-06
3.87284e-05
5.87547e-06
4.92215e-06
3.98495e-05
2.03005e-05
1.3435e-07
2.86538e-05
1.26714e-06
3.38611e-05
1.6054e-07
3.7907e-05
6.55764e-07
4.10564e-05
1.6921e-06
4.36409e-05
2.82925e-06
4.58027e-05
3.86855e-06
4.75862e-05
4.69618e-06
4.90241e-05
5.20594e-06
5.01496e-05
5.33445e-06
5.10303e-05
4.99497e-06
5.1712e-05
4.2405e-06
-5.48387e-05
5.39375e-06
-5.81787e-05
3.3399e-06
-5.96528e-05
1.47393e-06
-5.93278e-05
-3.25279e-07
-5.73274e-05
-2.00052e-06
-5.35891e-05
-3.73869e-06
-4.79691e-05
-5.61998e-06
-4.04e-05
-7.56919e-06
-3.07281e-05
-9.672e-06
-1.91495e-05
-1.15786e-05
-7.53715e-06
-1.16128e-05
-7.53724e-06
-4.81657e-05
6.80902e-06
-4.89819e-05
4.15585e-06
-4.91383e-05
1.63034e-06
-4.8668e-05
-7.95806e-07
-4.74377e-05
-3.2309e-06
-4.53112e-05
-5.86538e-06
-4.21529e-05
-8.77825e-06
-3.76755e-05
-1.20467e-05
-3.16642e-05
-1.56832e-05
-2.38685e-05
-1.93745e-05
-1.33141e-05
-2.21673e-05
-2.08513e-05
-3.7483e-05
7.49241e-06
-3.79708e-05
4.64347e-06
-3.81719e-05
1.83145e-06
-3.79435e-05
-1.02435e-06
-3.71338e-05
-4.04076e-06
-3.56753e-05
-7.32396e-06
-3.34547e-05
-1.09988e-05
-3.03498e-05
-1.51515e-05
-2.62715e-05
-1.97615e-05
-2.0713e-05
-2.4933e-05
-1.27207e-05
-3.01595e-05
-3.35719e-05
-2.76576e-05
7.61801e-06
-2.7709e-05
4.6947e-06
-2.76148e-05
1.73714e-06
-2.72946e-05
-1.34465e-06
-2.66783e-05
-4.65718e-06
-2.57003e-05
-8.30199e-06
-2.42753e-05
-1.24238e-05
-2.22817e-05
-1.7145e-05
-1.95169e-05
-2.25262e-05
-1.55054e-05
-2.89445e-05
-9.46719e-06
-3.61976e-05
-4.30391e-05
-1.75753e-05
7.52407e-06
-1.75115e-05
4.63083e-06
-1.74166e-05
1.64212e-06
-1.724e-05
-1.52134e-06
-1.69407e-05
-4.95656e-06
-1.64713e-05
-8.7714e-06
-1.57744e-05
-1.31206e-05
-1.47855e-05
-1.81338e-05
-1.33027e-05
-2.4009e-05
-1.11222e-05
-3.1125e-05
-7.38549e-06
-3.99343e-05
-5.04246e-05
-7.90993e-06
7.26436e-06
-7.75808e-06
4.47893e-06
-7.67235e-06
1.5564e-06
-7.62308e-06
-1.57068e-06
-7.58977e-06
-4.9899e-06
-7.55208e-06
-8.80912e-06
-7.50509e-06
-1.31676e-05
-7.40863e-06
-1.82302e-05
-7.15536e-06
-2.42625e-05
-6.56795e-06
-3.17125e-05
-4.85397e-06
-4.16485e-05
-5.52788e-05
1.50425e-06
6.83646e-06
1.75673e-06
4.22656e-06
1.86091e-06
1.45222e-06
1.8288e-06
-1.53854e-06
1.65808e-06
-4.8192e-06
1.33556e-06
-8.48657e-06
8.35223e-07
-1.26672e-05
1.42513e-07
-1.75376e-05
-7.19234e-07
-2.34007e-05
-1.63671e-06
-3.07954e-05
-2.16937e-06
-4.11162e-05
-5.74482e-05
1.08013e-05
6.2131e-06
1.11915e-05
3.8365e-06
1.13672e-05
1.2766e-06
1.13269e-05
-1.49823e-06
1.1049e-05
-4.54134e-06
1.04912e-05
-7.92871e-06
9.58248e-06
-1.17585e-05
8.23481e-06
-1.61899e-05
6.35542e-06
-2.15216e-05
3.91898e-06
-2.8359e-05
1.28584e-06
-3.84832e-05
-5.61626e-05
2.0217e-05
5.39231e-06
2.07647e-05
3.28892e-06
2.10558e-05
9.85535e-07
2.10804e-05
-1.5228e-06
2.08023e-05
-4.26311e-06
2.01547e-05
-7.28111e-06
1.90187e-05
-1.06224e-05
1.72235e-05
-1.43948e-05
1.45298e-05
-1.88276e-05
1.06794e-05
-2.45086e-05
5.74919e-06
-3.35532e-05
-5.04134e-05
3.00815e-05
4.45548e-06
3.07425e-05
2.62792e-06
3.1147e-05
5.81123e-07
3.12814e-05
-1.65716e-06
3.10988e-05
-4.08042e-06
3.05146e-05
-6.69681e-06
2.93672e-05
-9.47486e-06
2.741e-05
-1.24374e-05
2.42396e-05
-1.56572e-05
1.93531e-05
-1.9622e-05
1.193e-05
-2.61299e-05
-3.84832e-05
4.0723e-05
3.58213e-06
4.13783e-05
1.97274e-06
4.18377e-05
1.218e-07
4.20867e-05
-1.90609e-06
4.20718e-05
-4.06538e-06
4.1698e-05
-6.32292e-06
4.07767e-05
-8.55336e-06
3.90183e-05
-1.06789e-05
3.58747e-05
-1.25133e-05
3.06119e-05
-1.43588e-05
2.07211e-05
-1.62389e-05
-1.77617e-05
5.22998e-05
2.99442e-06
5.28008e-05
1.47186e-06
5.32384e-05
-3.15754e-07
5.35925e-05
-2.26007e-06
5.38007e-05
-4.2735e-06
5.37611e-05
-6.28312e-06
5.32833e-05
-8.07544e-06
5.21026e-05
-9.49788e-06
4.96928e-05
-1.01032e-05
4.5105e-05
-9.77099e-06
3.4692e-05
-5.82542e-06
1.69306e-05
5.2933e-06
-5.29268e-06
8.91873e-06
-3.62637e-06
1.16296e-05
-2.71067e-06
1.29695e-05
-1.34011e-06
1.2725e-05
2.44362e-07
1.01024e-05
2.62546e-06
4.91252e-06
5.18956e-06
-4.12007e-06
9.03519e-06
-1.86558e-05
1.45354e-05
-3.1872e-05
1.32168e-05
-4.18138e-05
9.94172e-06
7.62825e-06
-4.9442e-05
1.64083e-06
-6.93285e-06
3.73013e-06
-5.71549e-06
3.48703e-06
-2.4673e-06
1.07121e-06
1.07596e-06
-4.2805e-06
5.59606e-06
-1.37339e-05
1.20795e-05
-2.58718e-05
1.73276e-05
-3.5662e-05
1.88257e-05
-3.9698e-05
1.85715e-05
-4.21387e-05
1.56575e-05
-4.46426e-05
1.24457e-05
9.74157e-06
-4.6756e-05
8.27446e-07
-7.75926e-06
-5.9181e-08
-4.82858e-06
-3.1535e-06
6.27256e-07
-9.60641e-06
7.52894e-06
-1.89299e-05
1.49196e-05
-2.68775e-05
2.00274e-05
-3.13536e-05
2.18036e-05
-3.37349e-05
2.12072e-05
-3.45696e-05
1.94062e-05
-3.52407e-05
1.63286e-05
-3.61054e-05
1.33102e-05
1.04432e-05
-3.68071e-05
-2.33305e-06
-5.42531e-06
-6.09033e-06
-1.07088e-06
-1.15045e-05
6.04181e-06
-1.78265e-05
1.38511e-05
-2.28838e-05
1.9977e-05
-2.56702e-05
2.2814e-05
-2.68085e-05
2.29418e-05
-2.71868e-05
2.15855e-05
-2.71559e-05
1.93751e-05
-2.72496e-05
1.64221e-05
-2.74146e-05
1.34749e-05
1.05694e-05
-2.7541e-05
-4.06144e-06
-1.36272e-06
-9.16976e-06
4.03846e-06
-1.40409e-05
1.09132e-05
-1.78193e-05
1.763e-05
-1.98016e-05
2.19597e-05
-2.02539e-05
2.32664e-05
-1.99703e-05
2.26586e-05
-1.93472e-05
2.09621e-05
-1.86312e-05
1.86594e-05
-1.81634e-05
1.59539e-05
-1.78668e-05
1.31783e-05
1.03792e-05
-1.76769e-05
-4.9625e-06
3.60316e-06
-9.51889e-06
8.59557e-06
-1.28814e-05
1.42771e-05
-1.45441e-05
1.92937e-05
-1.45736e-05
2.19898e-05
-1.36792e-05
2.2373e-05
-1.24287e-05
2.14081e-05
-1.11569e-05
1.9691e-05
-1.00394e-05
1.75416e-05
-9.19749e-06
1.51123e-05
-8.59252e-06
1.2573e-05
9.96215e-06
-8.17535e-06
-4.84677e-06
8.45147e-06
-8.56128e-06
1.2312e-05
-1.04564e-05
1.6173e-05
-1.03847e-05
1.92232e-05
-8.9643e-06
2.05706e-05
-7.0183e-06
2.04277e-05
-5.01631e-06
1.94069e-05
-3.1955e-06
1.78705e-05
-1.66295e-06
1.60095e-05
-4.66403e-07
1.39158e-05
4.29959e-07
1.16768e-05
9.31936e-06
1.07271e-06
-4.65838e-06
1.3112e-05
-7.29665e-06
1.4951e-05
-7.64975e-06
1.65274e-05
-6.06895e-06
1.76433e-05
-3.45508e-06
1.79575e-05
-5.88591e-07
1.75619e-05
2.12975e-06
1.66891e-05
4.51543e-06
1.54852e-05
6.50084e-06
1.40244e-05
8.07608e-06
1.23407e-05
9.2838e-06
1.04692e-05
8.42706e-06
1.01762e-05
-4.07265e-06
1.71854e-05
-5.55594e-06
1.64355e-05
-4.23864e-06
1.52103e-05
-1.26292e-06
1.46682e-05
2.41946e-06
1.42757e-05
6.12348e-06
1.38584e-05
9.50536e-06
1.33077e-05
1.24221e-05
1.25688e-05
1.48367e-05
1.161e-05
1.67656e-05
1.04119e-05
1.82648e-05
8.97015e-06
7.29612e-06
1.93958e-05
-3.76575e-06
2.09527e-05
-2.62306e-06
1.5293e-05
1.18429e-06
1.1404e-05
5.66059e-06
1.01922e-05
1.0263e-05
9.67366e-06
1.4561e-05
9.56083e-06
1.83427e-05
9.5263e-06
2.15412e-05
9.37061e-06
2.41642e-05
8.98717e-06
2.62573e-05
8.31903e-06
2.78942e-05
7.33329e-06
6.04528e-06
2.91451e-05
5.16314e-07
2.04371e-05
6.19089e-06
9.61938e-06
1.22279e-05
5.36667e-06
1.7719e-05
4.70156e-06
2.25502e-05
4.84283e-06
2.66951e-05
5.41627e-06
3.01881e-05
6.03358e-06
3.30758e-05
6.48315e-06
3.54162e-05
6.64703e-06
3.72727e-05
6.46264e-06
3.87285e-05
5.87755e-06
4.92348e-06
3.98504e-05
2.02995e-05
1.38106e-07
2.86502e-05
1.2686e-06
3.3856e-05
1.61621e-07
3.79009e-05
6.56782e-07
4.10501e-05
1.69365e-06
4.36352e-05
2.83133e-06
4.57979e-05
3.87096e-06
4.75826e-05
4.69862e-06
4.90217e-05
5.20807e-06
5.01484e-05
5.33601e-06
5.10301e-05
4.99592e-06
5.17128e-05
4.24081e-06
-5.48395e-05
5.39763e-06
-5.81831e-05
3.3435e-06
-5.96587e-05
1.47584e-06
-5.9335e-05
-3.23861e-07
-5.73348e-05
-2.00004e-06
-5.35966e-05
-3.73854e-06
-4.7976e-05
-5.62052e-06
-4.04059e-05
-7.57004e-06
-3.07326e-05
-9.67338e-06
-1.91523e-05
-1.15803e-05
-7.53803e-06
-1.16144e-05
-7.53805e-06
-4.8173e-05
6.81467e-06
-4.89897e-05
4.16006e-06
-4.91466e-05
1.63287e-06
-4.86762e-05
-7.94418e-07
-4.74457e-05
-3.23049e-06
-4.53186e-05
-5.86582e-06
-4.21596e-05
-8.77947e-06
-3.76811e-05
-1.20485e-05
-3.16687e-05
-1.56857e-05
-2.38715e-05
-1.93775e-05
-1.33156e-05
-2.21703e-05
-2.08536e-05
-3.74909e-05
7.49837e-06
-3.79787e-05
4.64768e-06
-3.81799e-05
1.83396e-06
-3.79512e-05
-1.02328e-06
-3.71408e-05
-4.04097e-06
-3.56815e-05
-7.32523e-06
-3.346e-05
-1.1001e-05
-3.03542e-05
-1.51543e-05
-2.62749e-05
-1.97649e-05
-2.07155e-05
-2.49369e-05
-1.27223e-05
-3.01636e-05
-3.35759e-05
-2.76663e-05
7.62346e-06
-2.77169e-05
4.69818e-06
-2.7622e-05
1.73886e-06
-2.7301e-05
-1.34438e-06
-2.6684e-05
-4.65819e-06
-2.57052e-05
-8.30406e-06
-2.42794e-05
-1.24268e-05
-2.2285e-05
-1.71487e-05
-1.95195e-05
-2.25304e-05
-1.55072e-05
-2.89492e-05
-9.46816e-06
-3.62026e-05
-4.30441e-05
-1.75822e-05
7.52868e-06
-1.75178e-05
4.63346e-06
-1.74221e-05
1.64316e-06
-1.7245e-05
-1.52177e-06
-1.69451e-05
-4.95818e-06
-1.64751e-05
-8.77411e-06
-1.57776e-05
-1.31243e-05
-1.47881e-05
-1.81382e-05
-1.33045e-05
-2.4014e-05
-1.11233e-05
-3.11304e-05
-7.3861e-06
-3.994e-05
-5.04302e-05
-7.91499e-06
7.26805e-06
-7.76245e-06
4.48095e-06
-7.67632e-06
1.55682e-06
-7.62655e-06
-1.57155e-06
-7.59289e-06
-4.99199e-06
-7.55475e-06
-8.81222e-06
-7.50745e-06
-1.31717e-05
-7.41044e-06
-1.8235e-05
-7.15664e-06
-2.42679e-05
-6.56879e-06
-3.17184e-05
-4.85427e-06
-4.16544e-05
-5.52847e-05
1.50129e-06
6.83952e-06
1.75415e-06
4.22803e-06
1.85869e-06
1.4523e-06
1.82682e-06
-1.53973e-06
1.65634e-06
-4.8215e-06
1.33399e-06
-8.48988e-06
8.33896e-07
-1.26715e-05
1.41477e-07
-1.75427e-05
-7.20013e-07
-2.34064e-05
-1.63694e-06
-3.08014e-05
-2.16964e-06
-4.11224e-05
-5.74543e-05
1.08001e-05
6.21557e-06
1.11906e-05
3.83758e-06
1.13665e-05
1.27641e-06
1.13264e-05
-1.49957e-06
1.10486e-05
-4.54371e-06
1.04908e-05
-7.93204e-06
9.58211e-06
-1.17627e-05
8.2345e-06
-1.6195e-05
6.35542e-06
-2.15273e-05
3.91893e-06
-2.83652e-05
1.28607e-06
-3.84892e-05
-5.61684e-05
2.02172e-05
5.39421e-06
2.07652e-05
3.28962e-06
2.10565e-05
9.85129e-07
2.10812e-05
-1.52424e-06
2.0803e-05
-4.26546e-06
2.01554e-05
-7.28435e-06
1.90193e-05
-1.06265e-05
1.72241e-05
-1.43997e-05
1.45302e-05
-1.88333e-05
1.06798e-05
-2.45145e-05
5.74951e-06
-3.3559e-05
-5.04187e-05
3.00826e-05
4.45674e-06
3.0744e-05
2.6282e-06
3.11487e-05
5.80453e-07
3.12833e-05
-1.65871e-06
3.11006e-05
-4.08276e-06
3.05163e-05
-6.69988e-06
2.93687e-05
-9.47871e-06
2.74113e-05
-1.2442e-05
2.42406e-05
-1.56624e-05
1.93539e-05
-1.96275e-05
1.19306e-05
-2.61354e-05
-3.84873e-05
4.07246e-05
3.58267e-06
4.13803e-05
1.97253e-06
4.18401e-05
1.20809e-07
4.20893e-05
-1.90779e-06
4.20744e-05
-4.06773e-06
4.17005e-05
-6.32586e-06
4.0779e-05
-8.55694e-06
3.90203e-05
-1.06831e-05
3.58763e-05
-1.25181e-05
3.06129e-05
-1.43638e-05
2.07221e-05
-1.62435e-05
-1.7765e-05
5.23014e-05
2.99418e-06
5.2803e-05
1.47105e-06
5.3241e-05
-3.17129e-07
5.35953e-05
-2.26201e-06
5.38036e-05
-4.27592e-06
5.3764e-05
-6.28602e-06
5.32861e-05
-8.07882e-06
5.21051e-05
-9.50183e-06
4.96949e-05
-1.01075e-05
4.51067e-05
-9.77507e-06
3.46929e-05
-5.82972e-06
1.69286e-05
6.61214e-05
3.88634e-06
-6.98719e-05
6.55413e-05
1.84926e-06
6.42667e-05
1.43772e-06
6.36001e-05
1.32615e-06
6.34479e-05
1.84885e-06
6.35929e-05
2.68924e-06
6.38571e-05
3.60917e-06
6.41157e-05
4.44197e-06
6.43014e-05
5.02381e-06
6.43924e-05
5.24618e-06
6.4436e-05
4.95318e-06
4.21455e-06
6.44629e-05
8.50724e-05
2.94145e-06
-8.4128e-05
8.4814e-05
2.10741e-06
8.42133e-05
2.03812e-06
8.34184e-05
2.12089e-06
8.26399e-05
2.62716e-06
8.18943e-05
3.43479e-06
8.11481e-05
4.35525e-06
8.03683e-05
5.22178e-06
7.95487e-05
5.84344e-06
7.87177e-05
6.07724e-06
7.7969e-05
5.702e-06
4.80293e-06
7.73807e-05
9.8341e-05
1.93094e-06
-9.73305e-05
9.86864e-05
1.76176e-06
9.86791e-05
2.04525e-06
9.83175e-05
2.48219e-06
9.76829e-05
3.26165e-06
9.68112e-05
4.30638e-06
9.57254e-05
5.44094e-06
9.44627e-05
6.4845e-06
9.30904e-05
7.21578e-06
9.17259e-05
7.44178e-06
9.05404e-05
6.88754e-06
5.60103e-06
8.97424e-05
0.000110323
-0.000109746
1.35282e-06
0.000110584
1.50067e-06
0.000110541
2.0878e-06
0.000110151
2.87175e-06
0.000109418
3.99502e-06
0.000108368
5.35556e-06
0.000107053
6.75625e-06
0.000105561
7.97637e-06
0.00010403
8.74683e-06
0.000102673
8.79851e-06
0.000101738
7.82216e-06
0.00010168
5.65949e-06
6.46287e-05
2.82877e-06
6.49045e-05
1.19559e-06
6.53131e-05
-7.25464e-07
6.58128e-05
-2.76158e-06
6.63174e-05
-4.78051e-06
6.67009e-05
-6.66967e-06
6.67874e-05
-8.16551e-06
6.6375e-05
-9.08965e-06
6.52384e-05
-8.97137e-06
6.31075e-05
-7.64445e-06
6.14537e-05
-4.1763e-06
8.5078e-06
6.9873e-05
7.72323e-05
2.97722e-06
7.74246e-05
1.00331e-06
7.79662e-05
-1.26697e-06
7.87581e-05
-3.55333e-06
7.96685e-05
-5.69086e-06
8.05234e-05
-7.52446e-06
8.11361e-05
-8.77814e-06
8.12991e-05
-9.25263e-06
8.0942e-05
-8.61398e-06
7.9917e-05
-6.6196e-06
7.96457e-05
-3.9049e-06
4.02372e-06
8.41297e-05
8.97729e-05
2.94698e-06
9.03193e-05
4.57103e-07
9.13363e-05
-2.28376e-06
9.26235e-05
-4.84038e-06
9.39977e-05
-7.06495e-06
9.52383e-05
-8.76488e-06
9.61573e-05
-9.6971e-06
9.65468e-05
-9.64196e-06
9.64035e-05
-8.47079e-06
9.57046e-05
-5.92049e-06
9.51968e-05
-3.39716e-06
1.88772e-06
9.73327e-05
0.000102862
1.7653e-06
0.00010433
-1.01079e-06
0.000106065
-4.01843e-06
0.000107802
-6.57781e-06
0.000109366
-8.62891e-06
0.000110563
-9.96138e-06
0.000111266
-1.04005e-05
0.000111354
-9.73012e-06
0.00011089
-8.00668e-06
0.000110055
-5.08562e-06
0.000109096
-2.4385e-06
0.000109748
1.23564e-06
6.61247e-05
3.88495e-06
6.55447e-05
1.84645e-06
6.42698e-05
1.43312e-06
6.36026e-05
1.32086e-06
6.34498e-05
1.84345e-06
6.35942e-05
2.68428e-06
6.3858e-05
3.60507e-06
6.41162e-05
4.43893e-06
6.43016e-05
5.02187e-06
6.43923e-05
5.24521e-06
6.44356e-05
4.95305e-06
4.21501e-06
6.44622e-05
8.50746e-05
2.94004e-06
8.48161e-05
2.10465e-06
8.42155e-05
2.03397e-06
8.34203e-05
2.11583e-06
8.26416e-05
2.62202e-06
8.18957e-05
3.43009e-06
8.11492e-05
4.35148e-06
8.0369e-05
5.21914e-06
7.95489e-05
5.84199e-06
7.87173e-05
6.07685e-06
7.79681e-05
5.70243e-06
4.8039e-06
7.73793e-05
9.83429e-05
1.92965e-06
9.86883e-05
1.75928e-06
9.86809e-05
2.04092e-06
9.83194e-05
2.47722e-06
9.76846e-05
3.25665e-06
9.68126e-05
4.30191e-06
9.57264e-05
5.43754e-06
9.44631e-05
6.48244e-06
9.309e-05
7.21507e-06
9.17247e-05
7.44222e-06
9.05385e-05
6.88875e-06
5.60258e-06
8.974e-05
0.000110326
1.35209e-06
0.000110586
1.49826e-06
0.000110544
2.08369e-06
0.000110153
2.86701e-06
0.000109419
3.99037e-06
0.000108369
5.35164e-06
0.000107053
6.7536e-06
0.00010556
7.97526e-06
0.000104028
8.74721e-06
0.00010267
8.79998e-06
0.000101735
7.82415e-06
0.000101677
5.66134e-06
6.46279e-05
2.82963e-06
6.49036e-05
1.19674e-06
6.5312e-05
-7.2409e-07
6.58116e-05
-2.76008e-06
6.63162e-05
-4.77886e-06
6.66998e-05
-6.66791e-06
6.67864e-05
-8.16363e-06
6.63742e-05
-9.08766e-06
6.52379e-05
-8.96919e-06
6.3107e-05
-7.64264e-06
6.14536e-05
-4.17452e-06
8.50812e-06
6.98728e-05
7.72307e-05
2.97841e-06
7.74229e-05
1.00471e-06
7.79644e-05
-1.2655e-06
7.87562e-05
-3.5518e-06
7.96667e-05
-5.68926e-06
8.05217e-05
-7.52275e-06
8.11345e-05
-8.77635e-06
8.12978e-05
-9.25076e-06
8.09408e-05
-8.61211e-06
7.99162e-05
-6.61777e-06
7.9645e-05
-3.90375e-06
4.02434e-06
8.4129e-05
8.97703e-05
2.94845e-06
9.03167e-05
4.58643e-07
9.13337e-05
-2.2823e-06
9.2621e-05
-4.83892e-06
9.39954e-05
-7.06346e-06
9.5236e-05
-8.76327e-06
9.61552e-05
-9.6954e-06
9.65447e-05
-9.6402e-06
9.64017e-05
-8.46902e-06
9.57031e-05
-5.91924e-06
9.51958e-05
-3.39611e-06
1.8879e-06
9.73317e-05
0.000102858
1.76677e-06
0.000104327
-1.00937e-06
0.000106061
-4.01709e-06
0.000107799
-6.5765e-06
0.000109363
-8.62752e-06
0.00011056
-9.95988e-06
0.000111263
-1.03989e-05
0.000111352
-9.7285e-06
0.000110888
-8.00521e-06
0.000110053
-5.08456e-06
0.000109095
-2.43823e-06
0.000109747
1.23558e-06
6.61231e-05
3.8841e-06
6.55433e-05
1.84678e-06
6.42694e-05
1.43432e-06
6.36031e-05
1.32191e-06
6.3451e-05
1.84411e-06
6.35957e-05
2.68442e-06
6.38595e-05
3.60467e-06
6.41175e-05
4.43815e-06
6.43026e-05
5.02092e-06
6.43928e-05
5.2443e-06
6.44356e-05
4.95228e-06
4.2145e-06
6.44618e-05
8.50732e-05
2.93972e-06
8.48147e-05
2.10494e-06
8.42144e-05
2.03444e-06
8.34197e-05
2.11634e-06
8.26413e-05
2.62218e-06
8.18957e-05
3.42983e-06
8.11494e-05
4.35081e-06
8.03691e-05
5.21824e-06
7.95489e-05
5.84109e-06
7.87171e-05
6.0761e-06
7.79675e-05
5.70194e-06
4.80368e-06
7.73784e-05
9.83417e-05
1.92953e-06
9.86869e-05
1.75949e-06
9.86796e-05
2.04147e-06
9.83182e-05
2.47754e-06
9.76835e-05
3.2566e-06
9.68117e-05
4.30142e-06
9.57257e-05
5.43666e-06
9.44624e-05
6.48138e-06
9.30893e-05
7.21409e-06
9.17239e-05
7.44152e-06
9.05374e-05
6.88843e-06
5.60259e-06
8.97386e-05
0.000110324
1.35189e-06
0.000110585
1.4985e-06
0.000110542
2.08402e-06
0.000110152
2.86721e-06
0.000109418
3.99015e-06
0.000108368
5.35091e-06
0.000107052
6.75246e-06
0.000105559
7.974e-06
0.000104027
8.74616e-06
0.000102669
8.79941e-06
0.000101734
7.82412e-06
0.000101675
5.66168e-06
6.46271e-05
2.8293e-06
6.49024e-05
1.1967e-06
6.53106e-05
-7.23804e-07
6.58101e-05
-2.75936e-06
6.63145e-05
-4.77774e-06
6.66978e-05
-6.66633e-06
6.67842e-05
-8.16159e-06
6.63716e-05
-9.08512e-06
6.52349e-05
-8.96643e-06
6.31041e-05
-7.63968e-06
6.14505e-05
-4.17176e-06
8.51159e-06
6.98696e-05
7.72295e-05
2.97831e-06
7.74215e-05
1.00484e-06
7.79628e-05
-1.26502e-06
7.87544e-05
-3.55087e-06
7.96646e-05
-5.68784e-06
8.05192e-05
-7.52083e-06
8.11316e-05
-8.7739e-06
8.12944e-05
-9.24783e-06
8.0937e-05
-8.60883e-06
7.9912e-05
-6.61479e-06
7.96408e-05
-3.90042e-06
4.02752e-06
8.41248e-05
8.97687e-05
2.94845e-06
9.03149e-05
4.58882e-07
9.13318e-05
-2.28162e-06
9.26187e-05
-4.8377e-06
9.39927e-05
-7.06163e-06
9.52328e-05
-8.76087e-06
9.61515e-05
-9.69245e-06
9.65406e-05
-9.63681e-06
9.63971e-05
-8.4654e-06
9.56982e-05
-5.91567e-06
9.51906e-05
-3.39289e-06
1.89131e-06
9.73267e-05
0.000102856
1.76683e-06
0.000104324
-1.00889e-06
0.000106059
-4.01609e-06
0.000107796
-6.57483e-06
0.00010936
-8.62521e-06
0.000110556
-9.95697e-06
0.000111259
-1.03955e-05
0.000111347
-9.72473e-06
0.000110883
-8.00129e-06
0.000110048
-5.08094e-06
0.000109089
-2.43466e-06
0.000109742
1.23879e-06
6.61198e-05
3.88781e-06
6.55391e-05
1.8495e-06
6.42641e-05
1.43614e-06
6.35972e-05
1.32372e-06
6.34449e-05
1.84597e-06
6.35899e-05
2.68636e-06
6.38544e-05
3.60658e-06
6.41133e-05
4.43978e-06
6.42994e-05
5.02204e-06
6.43908e-05
5.24471e-06
6.44348e-05
4.95205e-06
4.21369e-06
6.44621e-05
8.50691e-05
2.94345e-06
8.48103e-05
2.10801e-06
8.42096e-05
2.03713e-06
8.34144e-05
2.11868e-06
8.26358e-05
2.62441e-06
8.18901e-05
3.43191e-06
8.11441e-05
4.35257e-06
8.03645e-05
5.21939e-06
7.95451e-05
5.84138e-06
7.87144e-05
6.07543e-06
7.79662e-05
5.70046e-06
4.80167e-06
7.73784e-05
9.8337e-05
1.93303e-06
9.86823e-05
1.76263e-06
9.86749e-05
2.0441e-06
9.83133e-05
2.4801e-06
9.76785e-05
3.25907e-06
9.68066e-05
4.30366e-06
9.57207e-05
5.43838e-06
9.44579e-05
6.48216e-06
9.30856e-05
7.21362e-06
9.17214e-05
7.4397e-06
9.05364e-05
6.88559e-06
5.59928e-06
8.9739e-05
0.000110319
1.35523e-06
0.00011058
1.50143e-06
0.000110538
2.08673e-06
0.000110148
2.86981e-06
0.000109414
3.99269e-06
0.000108364
5.35316e-06
0.000107048
6.75396e-06
0.000105556
7.97418e-06
0.000104025
8.74461e-06
0.000102669
8.79612e-06
0.000101735
7.81976e-06
0.000101677
5.65733e-06
6.46283e-05
2.82817e-06
6.49044e-05
1.19522e-06
6.53131e-05
-7.25623e-07
6.58128e-05
-2.76157e-06
6.63173e-05
-4.78029e-06
6.67007e-05
-6.66924e-06
6.6787e-05
-8.1649e-06
6.63744e-05
-9.08895e-06
6.52376e-05
-8.9705e-06
6.31064e-05
-7.64378e-06
6.14527e-05
-4.17541e-06
8.50922e-06
7.72305e-05
2.97622e-06
7.74232e-05
1.00268e-06
7.79649e-05
-1.26731e-06
7.87568e-05
-3.55334e-06
7.96672e-05
-5.69056e-06
8.05219e-05
-7.52384e-06
8.11345e-05
-8.77733e-06
8.12974e-05
-9.25174e-06
8.09401e-05
-8.61311e-06
7.99152e-05
-6.61857e-06
7.96438e-05
-3.90433e-06
4.02516e-06
8.977e-05
2.94553e-06
9.03168e-05
4.56232e-07
9.13339e-05
-2.28419e-06
9.26211e-05
-4.84032e-06
9.39952e-05
-7.06452e-06
9.52356e-05
-8.76412e-06
9.61546e-05
-9.6962e-06
9.6544e-05
-9.64104e-06
9.64009e-05
-8.46988e-06
9.5702e-05
-5.91987e-06
9.51944e-05
-3.39647e-06
1.88884e-06
0.000102859
1.76372e-06
0.000104327
-1.01168e-06
0.000106061
-4.0187e-06
0.000107799
-6.57761e-06
0.000109363
-8.62833e-06
0.000110559
-9.96055e-06
0.000111263
-1.03996e-05
0.000111351
-9.72927e-06
0.000110887
-8.00598e-06
0.000110052
-5.08509e-06
0.000109093
-2.4382e-06
1.23642e-06
-3.8658e-05
1.27794e-06
3.87325e-05
-3.90355e-05
1.87772e-06
-3.97664e-05
2.8182e-06
-4.086e-05
3.96495e-06
-4.22503e-05
5.3849e-06
-4.38107e-05
6.91565e-06
-4.53699e-05
8.31525e-06
-4.6709e-05
9.31533e-06
-4.75759e-05
9.61363e-06
-4.76957e-05
8.91824e-06
-4.68249e-05
6.95131e-06
3.56433e-06
-4.473e-05
-3.44178e-05
1.70059e-06
3.39945e-05
-3.52483e-05
2.70776e-06
-3.64062e-05
3.97554e-06
-3.78593e-05
5.41759e-06
-3.9482e-05
7.00727e-06
-4.10912e-05
8.52448e-06
-4.24595e-05
9.68338e-06
-4.33289e-05
1.01846e-05
-4.34573e-05
9.74188e-06
-4.26837e-05
8.14454e-06
-4.09301e-05
5.1975e-06
7.49137e-07
-3.81145e-05
-3.04377e-05
2.42031e-06
2.97175e-05
-3.14973e-05
3.76693e-06
-3.28244e-05
5.30217e-06
-3.43506e-05
6.9434e-06
-3.59215e-05
8.57775e-06
-3.73296e-05
9.93227e-06
-3.83347e-05
1.06882e-05
-3.86966e-05
1.05463e-05
-3.82376e-05
9.28272e-06
-3.69296e-05
6.83641e-06
-3.49135e-05
3.18133e-06
-1.94617e-06
-3.22185e-05
-2.65573e-05
2.57297e-05
3.24748e-06
-2.76466e-05
4.85586e-06
-2.89282e-05
6.58333e-06
-3.03116e-05
8.32638e-06
-3.16339e-05
9.89971e-06
-3.26841e-05
1.09822e-05
-3.32246e-05
1.12285e-05
-3.30253e-05
1.03468e-05
-3.19248e-05
8.18206e-06
-2.99484e-05
4.86003e-06
-2.73902e-05
6.22951e-07
-2.63538e-05
-2.98239e-06
-4.16204e-05
-1.34376e-06
-3.94994e-05
-3.13148e-06
-3.77036e-05
-5.81402e-06
-3.63418e-05
-7.93958e-06
-3.55077e-05
-9.46288e-06
-3.52419e-05
-1.02272e-05
-3.55345e-05
-1.01079e-05
-3.62876e-05
-8.97695e-06
-3.73419e-05
-6.95254e-06
-3.82925e-05
-4.13499e-06
-3.90443e-05
-1.68683e-06
9.21131e-07
-3.873e-05
-3.41827e-05
-5.27544e-06
-3.20564e-05
-5.25769e-06
-3.06244e-05
-7.24605e-06
-2.97288e-05
-8.83532e-06
-2.94139e-05
-9.77788e-06
-2.96432e-05
-9.99795e-06
-3.03351e-05
-9.41607e-06
-3.13277e-05
-7.98453e-06
-3.24172e-05
-5.86307e-06
-3.32879e-05
-3.26457e-06
-3.39074e-05
-1.06748e-06
1.00543e-06
-3.39918e-05
-2.77988e-05
-9.69475e-06
-2.60247e-05
-7.03174e-06
-2.50966e-05
-8.17421e-06
-2.46342e-05
-9.29777e-06
-2.46615e-05
-9.75061e-06
-2.51316e-05
-9.52787e-06
-2.59479e-05
-8.5999e-06
-2.6948e-05
-6.98447e-06
-2.79481e-05
-4.8631e-06
-2.87352e-05
-2.47751e-06
-2.93387e-05
-4.64113e-07
1.38154e-06
-2.97149e-05
-2.15158e-05
-1.45324e-05
-2.06811e-05
-7.86644e-06
-2.04347e-05
-8.42086e-06
-2.04046e-05
-9.32811e-06
-2.06758e-05
-9.47967e-06
-2.12554e-05
-8.94844e-06
-2.20711e-05
-7.78437e-06
-2.29916e-05
-6.06404e-06
-2.38747e-05
-3.98019e-06
-2.45883e-05
-1.76414e-06
-2.51925e-05
1.40007e-07
-2.57275e-05
1.91641e-06
-3.86553e-05
1.27717e-06
-3.90326e-05
1.87547e-06
-3.97639e-05
2.81457e-06
-4.08582e-05
3.96103e-06
-4.22495e-05
5.38128e-06
-4.38112e-05
6.91297e-06
-4.53719e-05
8.31394e-06
-4.67123e-05
9.3155e-06
-4.75803e-05
9.61508e-06
-4.77007e-05
8.92036e-06
-4.68299e-05
6.95338e-06
3.56589e-06
-4.47347e-05
-3.44149e-05
1.70016e-06
-3.52456e-05
2.70598e-06
-3.64042e-05
3.97291e-06
-3.78584e-05
5.41488e-06
-3.94826e-05
7.00512e-06
-4.10935e-05
8.52345e-06
-4.24635e-05
9.6837e-06
-4.33344e-05
1.01861e-05
-4.34635e-05
9.74411e-06
-4.269e-05
8.14681e-06
-4.09361e-05
5.19917e-06
7.50003e-07
-3.81197e-05
-3.04351e-05
2.42019e-06
-3.14951e-05
3.76585e-06
-3.28231e-05
5.30065e-06
-3.43507e-05
6.94213e-06
-3.59232e-05
8.5773e-06
-3.73332e-05
9.93303e-06
-3.83401e-05
1.06902e-05
-3.87032e-05
1.0549e-05
-3.82448e-05
9.28547e-06
-3.69367e-05
6.83846e-06
-3.49198e-05
3.18224e-06
-1.94634e-06
-3.22238e-05
-2.65552e-05
3.24789e-06
-2.76451e-05
4.8556e-06
-2.89277e-05
6.58305e-06
-3.03124e-05
8.32659e-06
-3.16364e-05
9.90098e-06
-3.26885e-05
1.09847e-05
-3.32306e-05
1.1232e-05
-3.30324e-05
1.03505e-05
-3.19322e-05
8.18508e-06
-2.99553e-05
4.86151e-06
-2.7396e-05
6.22602e-07
-2.63585e-05
-2.98378e-06
-4.16246e-05
-1.3427e-06
-3.95033e-05
-3.13027e-06
-3.77073e-05
-5.81289e-06
-3.63452e-05
-7.93856e-06
-3.55108e-05
-9.46181e-06
-3.52446e-05
-1.0226e-05
-3.55368e-05
-1.01066e-05
-3.62895e-05
-8.97572e-06
-3.73433e-05
-6.95142e-06
-3.82936e-05
-4.13444e-06
-3.90452e-05
-1.68665e-06
9.20836e-07
-3.8731e-05
-3.41872e-05
-5.27514e-06
-3.20604e-05
-5.25686e-06
-3.06281e-05
-7.2453e-06
-2.9732e-05
-8.83475e-06
-2.94166e-05
-9.77732e-06
-2.96454e-05
-9.9973e-06
-3.03368e-05
-9.41531e-06
-3.13289e-05
-7.98372e-06
-3.24181e-05
-5.86235e-06
-3.32886e-05
-3.26412e-06
-3.39081e-05
-1.06758e-06
1.00519e-06
-3.39926e-05
-2.78031e-05
-9.69549e-06
-2.60284e-05
-7.0314e-06
-2.50999e-05
-8.17389e-06
-2.4637e-05
-9.29771e-06
-2.46638e-05
-9.75063e-06
-2.51333e-05
-9.52778e-06
-2.5949e-05
-8.59963e-06
-2.69488e-05
-6.98404e-06
-2.79486e-05
-4.86263e-06
-2.87356e-05
-2.4773e-06
-2.93391e-05
-4.6414e-07
1.38118e-06
-2.97156e-05
-2.15195e-05
-1.45343e-05
-2.06844e-05
-7.86655e-06
-2.04376e-05
-8.42093e-06
-2.0407e-05
-9.32856e-06
-2.06776e-05
-9.48025e-06
-2.12566e-05
-8.94888e-06
-2.20719e-05
-7.78454e-06
-2.29921e-05
-6.06396e-06
-2.38749e-05
-3.97996e-06
-2.45884e-05
-1.76395e-06
-2.51927e-05
1.39846e-07
-2.57278e-05
1.91602e-06
-3.86565e-05
1.277e-06
-3.9034e-05
1.8755e-06
-3.97651e-05
2.81467e-06
-4.08592e-05
3.96086e-06
-4.22502e-05
5.38069e-06
-4.38116e-05
6.91193e-06
-4.53722e-05
8.31268e-06
-4.67129e-05
9.31438e-06
-4.75815e-05
9.61448e-06
-4.77026e-05
8.92049e-06
-4.68327e-05
6.95409e-06
3.56669e-06
-4.47379e-05
-3.4416e-05
1.69986e-06
-3.52466e-05
2.70569e-06
-3.6405e-05
3.9725e-06
-3.78588e-05
5.41423e-06
-3.94827e-05
7.00412e-06
-4.10933e-05
8.52216e-06
-4.24635e-05
9.68249e-06
-4.33348e-05
1.01854e-05
-4.34648e-05
9.74431e-06
-4.26925e-05
8.14799e-06
-4.09396e-05
5.20091e-06
7.51274e-07
-3.81238e-05
-3.04358e-05
2.41974e-06
-3.14957e-05
3.76519e-06
-3.28234e-05
5.29978e-06
-3.43506e-05
6.94099e-06
-3.59228e-05
8.57592e-06
-3.73327e-05
9.93159e-06
-3.83398e-05
1.06892e-05
-3.87036e-05
1.05489e-05
-3.82462e-05
9.28667e-06
-3.69394e-05
6.84094e-06
-3.49237e-05
3.1852e-06
-1.94444e-06
-3.22283e-05
-2.65556e-05
3.24718e-06
-2.76454e-05
4.8545e-06
-2.89276e-05
6.58167e-06
-3.0312e-05
8.32499e-06
-3.16357e-05
9.89928e-06
-3.26877e-05
1.09832e-05
-3.32301e-05
1.12313e-05
-3.30325e-05
1.03511e-05
-3.19334e-05
8.18731e-06
-2.99579e-05
4.86532e-06
-2.73998e-05
6.2695e-07
-2.63632e-05
-2.98095e-06
-4.16279e-05
-1.3427e-06
-3.9507e-05
-3.12952e-06
-3.77114e-05
-5.8115e-06
-3.63497e-05
-7.93643e-06
-3.55158e-05
-9.45908e-06
-3.52499e-05
-1.02228e-05
-3.55423e-05
-1.0103e-05
-3.62951e-05
-8.97189e-06
-3.73488e-05
-6.94762e-06
-3.8299e-05
-4.13079e-06
-3.90504e-05
-1.68342e-06
9.24028e-07
-3.87357e-05
-3.41911e-05
-5.27532e-06
-3.20646e-05
-5.25588e-06
-3.06327e-05
-7.2435e-06
-2.9737e-05
-8.8322e-06
-2.94219e-05
-9.77421e-06
-2.9651e-05
-9.99383e-06
-3.03424e-05
-9.41162e-06
-3.13344e-05
-7.97999e-06
-3.24233e-05
-5.85874e-06
-3.32935e-05
-3.26084e-06
-3.39125e-05
-1.06447e-06
1.008e-06
-3.39966e-05
-2.78071e-05
-9.69616e-06
-2.60327e-05
-7.03029e-06
-2.51044e-05
-8.17178e-06
-2.46419e-05
-9.29484e-06
-2.46689e-05
-9.74725e-06
-2.51386e-05
-9.52417e-06
-2.59543e-05
-8.59599e-06
-2.69538e-05
-6.98053e-06
-2.79532e-05
-4.85939e-06
-2.87398e-05
-2.47434e-06
-2.93428e-05
-4.61536e-07
1.38369e-06
-2.97186e-05
-2.15232e-05
-1.45357e-05
-2.06883e-05
-7.86522e-06
-2.04418e-05
-8.41851e-06
-2.04114e-05
-9.32539e-06
-2.06822e-05
-9.47666e-06
-2.12613e-05
-8.94518e-06
-2.20765e-05
-7.781e-06
-2.29964e-05
-6.06071e-06
-2.38788e-05
-3.97709e-06
-2.45918e-05
-1.7615e-06
-2.51955e-05
1.42083e-07
-2.573e-05
1.91805e-06
-3.86608e-05
1.28005e-06
-3.90378e-05
1.87827e-06
-3.97686e-05
2.8172e-06
-4.08625e-05
3.96331e-06
-4.22531e-05
5.3829e-06
-4.38138e-05
6.91353e-06
-4.53733e-05
8.31312e-06
-4.67124e-05
9.3131e-06
-4.75791e-05
9.61118e-06
-4.76986e-05
8.9156e-06
-4.68276e-05
6.9488e-06
3.56231e-06
-4.47328e-05
-3.44193e-05
1.70262e-06
-3.52495e-05
2.70823e-06
-3.64073e-05
3.97483e-06
-3.78607e-05
5.41628e-06
-3.94838e-05
7.00562e-06
-4.10932e-05
8.52262e-06
-4.24618e-05
9.68134e-06
-4.33312e-05
1.01823e-05
-4.34595e-05
9.73933e-06
-4.26858e-05
8.14183e-06
-4.09321e-05
5.19495e-06
7.47164e-07
-3.81166e-05
-3.04383e-05
2.42211e-06
-3.14976e-05
3.76737e-06
-3.28246e-05
5.30167e-06
-3.43511e-05
6.94242e-06
-3.59223e-05
8.57644e-06
-3.73307e-05
9.93068e-06
-3.83361e-05
1.06864e-05
-3.86981e-05
1.0544e-05
-3.82391e-05
9.28015e-06
-3.69311e-05
6.83364e-06
-3.49149e-05
3.1787e-06
-1.94833e-06
-3.22197e-05
-2.65571e-05
3.24915e-06
-2.76462e-05
4.85628e-06
-2.89277e-05
6.58304e-06
-3.03112e-05
8.32567e-06
-3.16339e-05
9.89873e-06
-3.26844e-05
1.09809e-05
-3.32252e-05
1.12269e-05
-3.30261e-05
1.03447e-05
-3.19257e-05
8.17957e-06
-2.99494e-05
4.85725e-06
-2.73911e-05
6.20169e-07
-2.63538e-05
-2.98571e-06
-4.16236e-05
-1.3449e-06
-3.95028e-05
-3.13212e-06
-3.77071e-05
-5.81415e-06
-3.63453e-05
-7.9393e-06
-3.55113e-05
-9.46227e-06
-3.52454e-05
-1.02264e-05
-3.5538e-05
-1.0107e-05
-3.6291e-05
-8.97619e-06
-3.73451e-05
-6.95193e-06
-3.82955e-05
-4.13481e-06
-3.90471e-05
-1.68667e-06
9.21446e-07
-3.41854e-05
-5.276e-06
-3.20593e-05
-5.25802e-06
-3.06275e-05
-7.24607e-06
-2.97319e-05
-8.83494e-06
-2.94171e-05
-9.77719e-06
-2.96465e-05
-9.99704e-06
-3.03384e-05
-9.41515e-06
-3.13309e-05
-7.98378e-06
-3.24204e-05
-5.8626e-06
-3.32909e-05
-3.26439e-06
-3.39104e-05
-1.06765e-06
1.00543e-06
-2.78008e-05
-9.69461e-06
-2.6027e-05
-7.03177e-06
-2.5099e-05
-8.17408e-06
-2.46368e-05
-9.29724e-06
-2.46643e-05
-9.74977e-06
-2.51345e-05
-9.52681e-06
-2.59508e-05
-8.59887e-06
-2.6951e-05
-6.98366e-06
-2.79511e-05
-4.86264e-06
-2.87381e-05
-2.47753e-06
-2.93415e-05
-4.64398e-07
1.38117e-06
-2.15172e-05
-1.45309e-05
-2.06829e-05
-7.86618e-06
-2.04366e-05
-8.42053e-06
-2.04067e-05
-9.3274e-06
-2.0678e-05
-9.4786e-06
-2.12578e-05
-8.94716e-06
-2.20737e-05
-7.78315e-06
-2.29944e-05
-6.06314e-06
-2.38774e-05
-3.97976e-06
-2.45909e-05
-1.76421e-06
-2.5195e-05
1.39405e-07
1.91563e-06
-2.2727e-05
4.036e-06
2.19381e-05
-2.36936e-05
5.82213e-06
-2.47704e-05
7.65972e-06
-2.5858e-05
9.41361e-06
-2.67956e-05
1.08371e-05
-2.7375e-05
1.15614e-05
-2.73485e-05
1.12018e-05
-2.64354e-05
9.43357e-06
-2.431e-05
6.05652e-06
-2.05155e-05
1.06545e-06
-1.39074e-05
-5.98504e-06
-1.68897e-05
-1.89675e-05
4.6831e-06
1.832e-05
-1.97087e-05
6.56298e-06
-2.0479e-05
8.42978e-06
-2.11807e-05
1.01151e-05
-2.16644e-05
1.13206e-05
-2.17331e-05
1.16299e-05
-2.11375e-05
1.06061e-05
-1.95643e-05
7.86025e-06
-1.6607e-05
3.09921e-06
-1.1662e-05
-3.8794e-06
-4.97133e-06
-1.26756e-05
-2.18608e-05
-1.53316e-05
5.12581e-06
1.48886e-05
-1.57907e-05
7.02177e-06
-1.6207e-05
8.84577e-06
-1.64933e-05
1.04012e-05
-1.65239e-05
1.1351e-05
-1.61346e-05
1.12405e-05
-1.51171e-05
9.58849e-06
-1.32211e-05
5.96416e-06
-1.02354e-05
1.13561e-07
-6.20893e-06
-7.90578e-06
-2.10171e-06
-1.67824e-05
-2.39619e-05
-1.18813e-05
5.33357e-06
1.16733e-05
-1.20383e-05
7.17856e-06
-1.20948e-05
8.90201e-06
-1.19828e-05
1.02891e-05
-1.1613e-05
1.09812e-05
-1.08776e-05
1.05049e-05
-9.65228e-06
8.36311e-06
-7.82414e-06
4.13598e-06
-5.44962e-06
-2.26094e-06
-2.92718e-06
-1.0428e-05
-8.86241e-07
-1.88231e-05
-2.48481e-05
-8.67286e-06
5.29936e-06
8.7068e-06
-8.53292e-06
7.03842e-06
-8.25058e-06
8.61955e-06
-7.78363e-06
9.82205e-06
-7.0879e-06
1.02854e-05
-6.12591e-06
9.54293e-06
-4.87498e-06
7.11216e-06
-3.35794e-06
2.61894e-06
-1.78182e-06
-3.83696e-06
-4.93135e-07
-1.17166e-05
3.08471e-07
-1.96242e-05
-2.45387e-05
-5.74857e-06
5.0331e-06
6.01463e-06
-5.33218e-06
6.62192e-06
-4.74512e-06
8.0324e-06
-3.9744e-06
9.05128e-06
-3.02337e-06
9.33429e-06
-1.92647e-06
8.44598e-06
-7.53924e-07
5.93952e-06
3.79467e-07
1.48549e-06
1.21658e-06
-4.67409e-06
1.5415e-06
-1.20415e-05
1.32337e-06
-1.94058e-05
-2.32154e-05
-3.13358e-06
4.55549e-06
3.61098e-06
-2.46946e-06
5.95765e-06
-1.61537e-06
7.17835e-06
-5.87893e-07
8.02372e-06
5.65373e-07
8.18112e-06
1.74573e-06
7.26559e-06
2.80997e-06
4.87532e-06
3.59369e-06
7.01824e-07
3.82333e-06
-4.90375e-06
3.36595e-06
-1.15839e-05
2.28526e-06
-1.83249e-05
-2.09293e-05
-8.3525e-07
3.89334e-06
1.49718e-06
4.49318e-08
5.07749e-06
1.13035e-06
6.09288e-06
2.37711e-06
6.77703e-06
3.70064e-06
6.85749e-06
4.94954e-06
6.01667e-06
5.92478e-06
3.89995e-06
6.43655e-06
1.89895e-07
6.18456e-06
-4.65178e-06
5.04669e-06
-1.04462e-05
3.11498e-06
-1.6393e-05
-1.78145e-05
1.15757e-06
3.07602e-06
-3.40138e-07
2.2228e-06
4.01177e-06
3.50887e-06
4.80736e-06
4.94871e-06
5.33656e-06
6.43003e-06
5.3768e-06
7.75744e-06
4.68888e-06
8.68759e-06
2.97e-06
9.01479e-06
-1.37001e-07
8.37938e-06
-4.01697e-06
6.61634e-06
-8.6821e-06
3.8318e-06
-1.36093e-05
-1.39822e-05
2.87948e-06
2.13138e-06
-1.93517e-06
4.10244e-06
2.78872e-06
5.56461e-06
3.3453e-06
7.18327e-06
3.71778e-06
8.82427e-06
3.73598e-06
1.02541e-05
3.25894e-06
1.11862e-05
2.03806e-06
1.14066e-05
-3.5745e-07
1.04501e-05
-3.06049e-06
8.0787e-06
-6.31058e-06
4.40332e-06
-9.93415e-06
-9.57955e-06
4.4176e-06
1.08732e-06
-3.37432e-06
5.77341e-06
1.43261e-06
7.39287e-06
1.72603e-06
9.18374e-06
1.92665e-06
1.09898e-05
1.93014e-06
1.25563e-05
1.69231e-06
1.35266e-05
1.06783e-06
1.36724e-05
-5.03232e-07
1.23759e-05
-1.76426e-06
9.39728e-06
-3.33176e-06
4.87758e-06
-5.41508e-06
-4.70353e-06
5.94258e-06
-4.8556e-06
7.37525e-06
9.10121e-06
1.10279e-05
1.2958e-05
1.46503e-05
1.57182e-05
1.52149e-05
1.34507e-05
1.01188e-05
4.70353e-06
-1.33868e-05
-1.14615e-06
-1.56843e-05
-5.56923e-06
-1.6332e-05
-7.77336e-06
-1.6741e-05
-8.91937e-06
-1.71981e-05
-9.02267e-06
-1.78207e-05
-8.32593e-06
-1.85833e-05
-7.0219e-06
-1.93958e-05
-5.25165e-06
-2.01579e-05
-3.21814e-06
-2.07932e-05
-1.12896e-06
-2.13669e-05
7.13571e-07
2.48576e-06
-2.19364e-05
-8.48335e-06
7.33716e-06
-1.16485e-05
-2.40424e-06
-1.28196e-05
-6.60253e-06
-1.35259e-05
-8.21334e-06
-1.41059e-05
-8.44295e-06
-1.47329e-05
-7.69913e-06
-1.5423e-05
-6.33196e-06
-1.61225e-05
-4.55234e-06
-1.67651e-05
-2.57572e-06
-1.73087e-05
-5.85566e-07
-1.78106e-05
1.21539e-06
2.99384e-06
-1.83188e-05
-5.7198e-06
1.30568e-05
-8.48623e-06
3.61927e-07
-9.83571e-06
-5.25327e-06
-1.06809e-05
-7.36839e-06
-1.13275e-05
-7.79652e-06
-1.19377e-05
-7.089e-06
-1.25533e-05
-5.71646e-06
-1.31462e-05
-3.95955e-06
-1.36734e-05
-2.04867e-06
-1.41119e-05
-1.47146e-07
-1.45062e-05
1.60963e-06
3.37527e-06
-1.48878e-05
-3.78558e-06
1.68419e-05
-5.95483e-06
2.53106e-06
-7.26601e-06
-3.94234e-06
-8.14064e-06
-6.49404e-06
-8.81132e-06
-7.12611e-06
-9.39806e-06
-6.50248e-06
-9.94765e-06
-5.16706e-06
-1.04469e-05
-3.4605e-06
-1.08669e-05
-1.62876e-06
-1.11931e-05
1.78892e-07
-1.14561e-05
1.87253e-06
3.59195e-06
-1.16729e-05
-2.20372e-06
1.90468e-05
-3.80249e-06
4.12979e-06
-4.98775e-06
-2.75718e-06
-5.83739e-06
-5.64456e-06
-6.51414e-06
-6.44952e-06
-7.08453e-06
-5.93221e-06
-7.58422e-06
-4.66752e-06
-8.00717e-06
-3.03765e-06
-8.33247e-06
-1.30358e-06
-8.54762e-06
3.93957e-07
-8.67033e-06
1.99512e-06
3.62824e-06
-8.70672e-06
-8.05082e-07
1.98515e-05
-1.86786e-06
5.1924e-06
-2.89823e-06
-1.72703e-06
-3.71035e-06
-4.83274e-06
-4.39772e-06
-5.7624e-06
-4.97166e-06
-5.35852e-06
-5.44393e-06
-4.19543e-06
-5.81165e-06
-2.67009e-06
-6.05836e-06
-1.05699e-06
-6.17126e-06
5.06728e-07
-6.15727e-06
1.98102e-06
3.48574e-06
-6.01486e-06
5.10385e-07
1.9342e-05
-4.62701e-08
5.74928e-06
-9.14111e-07
-8.59389e-07
-1.70693e-06
-4.03997e-06
-2.43032e-06
-5.03926e-06
-3.03572e-06
-4.75323e-06
-3.50846e-06
-3.72287e-06
-3.84515e-06
-2.3335e-06
-4.03266e-06
-8.69624e-07
-4.05752e-06
5.31511e-07
-3.91913e-06
1.84249e-06
3.17794e-06
-3.61144e-06
1.77213e-06
1.75701e-05
1.71704e-06
5.80399e-06
1.02169e-06
-1.64182e-07
2.17794e-07
-3.23645e-06
-5.78534e-07
-4.24316e-06
-1.25169e-06
-4.08037e-06
-1.75749e-06
-3.21727e-06
-2.09012e-06
-2.00107e-06
-2.23996e-06
-7.19917e-07
-2.19468e-06
4.86066e-07
-1.94989e-06
1.59758e-06
2.72572e-06
-1.49779e-06
2.97104e-06
1.45972e-05
3.44662e-06
5.32947e-06
2.94356e-06
3.37727e-07
2.10095e-06
-2.39314e-06
1.19304e-06
-3.33608e-06
4.11004e-07
-3.29804e-06
-1.64487e-07
-2.64222e-06
-5.22541e-07
-1.64296e-06
-6.57585e-07
-5.85174e-07
-5.61798e-07
3.90317e-07
-2.32021e-07
1.26767e-06
2.15413e-06
3.39468e-07
4.14478e-06
1.04514e-05
5.13561e-06
4.33806e-06
4.87082e-06
6.01868e-07
3.9831e-06
-1.50563e-06
2.93725e-06
-2.29082e-06
2.00612e-06
-2.36717e-06
1.31818e-06
-1.95468e-06
8.98996e-07
-1.22403e-06
7.53558e-07
-4.40031e-07
8.79754e-07
2.64005e-07
1.27101e-06
8.7632e-07
1.49052e-06
1.93449e-06
5.10135e-06
5.34796e-06
6.7466e-06
2.6918e-06
6.8138e-06
5.33127e-07
5.94004e-06
-6.32456e-07
4.77397e-06
-1.12592e-06
3.66231e-06
-1.25614e-06
2.80154e-06
-1.09486e-06
2.26831e-06
-6.91516e-07
2.07997e-06
-2.52447e-07
2.2161e-06
1.27549e-07
2.64531e-06
4.46829e-07
7.62065e-07
3.37347e-06
5.34776e-06
8.03923e-06
8.57225e-06
7.93957e-06
6.81353e-06
5.5572e-06
4.4622e-06
3.77051e-06
3.51799e-06
3.64548e-06
4.09225e-06
4.85427e-06
-2.27255e-05
4.03693e-06
-2.36927e-05
5.8227e-06
-2.47704e-05
7.66064e-06
-2.58593e-05
9.41524e-06
-2.67985e-05
1.08399e-05
-2.73795e-05
1.15654e-05
-2.73543e-05
1.12065e-05
-2.64421e-05
9.43799e-06
-2.43166e-05
6.0594e-06
-2.05211e-05
1.06579e-06
-1.3911e-05
-5.98764e-06
-1.6895e-05
-1.89665e-05
4.68459e-06
-1.97082e-05
6.56434e-06
-2.04795e-05
8.43177e-06
-2.11823e-05
1.01179e-05
-2.16673e-05
1.13247e-05
-2.17372e-05
1.16351e-05
-2.11426e-05
1.06117e-05
-1.95698e-05
7.86497e-06
-1.66122e-05
3.10158e-06
-1.16659e-05
-3.88058e-06
-4.97331e-06
-1.26804e-05
-2.18685e-05
-1.53311e-05
5.1278e-06
-1.57906e-05
7.02381e-06
-1.62076e-05
8.84866e-06
-1.64948e-05
1.0405e-05
-1.65264e-05
1.13561e-05
-1.6138e-05
1.12465e-05
-1.51211e-05
9.59462e-06
-1.32252e-05
5.96888e-06
-1.0239e-05
1.15295e-07
-6.21153e-06
-7.90816e-06
-2.10306e-06
-1.67888e-05
-2.39714e-05
-1.1881e-05
5.33589e-06
-1.20384e-05
7.18108e-06
-1.20954e-05
8.90558e-06
-1.1984e-05
1.02936e-05
-1.16149e-05
1.09869e-05
-1.08799e-05
1.05114e-05
-9.65491e-06
8.36941e-06
-7.82667e-06
4.14048e-06
-5.45172e-06
-2.25979e-06
-2.92869e-06
-1.04312e-05
-8.87186e-07
-1.88305e-05
-2.4859e-05
-8.67277e-06
5.30187e-06
-8.53299e-06
7.04124e-06
-8.25097e-06
8.62353e-06
-7.78434e-06
9.82692e-06
-7.08892e-06
1.02914e-05
-6.12709e-06
9.54949e-06
-4.87616e-06
7.11834e-06
-3.35891e-06
2.62311e-06
-1.78249e-06
-3.83626e-06
-4.93506e-07
-1.17203e-05
3.08334e-07
-1.96322e-05
-2.45502e-05
-5.74859e-06
5.03553e-06
-5.33218e-06
6.62478e-06
-4.74522e-06
8.03658e-06
-3.97454e-06
9.0562e-06
-3.02351e-06
9.34023e-06
-1.92646e-06
8.4523e-06
-7.53692e-07
5.9454e-06
3.79977e-07
1.48923e-06
1.21727e-06
-4.67369e-06
1.54221e-06
-1.20453e-05
1.32386e-06
-1.94139e-05
-2.32269e-05
-3.13364e-06
4.55765e-06
-2.46931e-06
5.96041e-06
-1.61514e-06
7.18237e-06
-5.87442e-07
8.02844e-06
5.66098e-07
8.18669e-06
1.74687e-06
7.27143e-06
2.8115e-06
4.88066e-06
3.59555e-06
7.05143e-07
3.82524e-06
-4.90357e-06
3.36766e-06
-1.15876e-05
2.28638e-06
-1.83327e-05
-2.09401e-05
-8.35288e-07
3.89507e-06
4.52358e-08
5.07986e-06
1.13092e-06
6.09665e-06
2.3781e-06
6.78125e-06
3.70216e-06
6.86248e-06
4.95169e-06
6.02175e-06
5.92747e-06
3.90464e-06
6.43961e-06
1.92706e-07
6.1876e-06
-4.65167e-06
5.0493e-06
-1.04497e-05
3.11658e-06
-1.64e-05
-1.7824e-05
1.15757e-06
3.0769e-06
2.22332e-06
4.01407e-06
3.5097e-06
4.81029e-06
4.9502e-06
5.34025e-06
6.43218e-06
5.38077e-06
7.76047e-06
4.69318e-06
8.69125e-06
2.97372e-06
9.01892e-06
-1.34612e-07
8.38342e-06
-4.01706e-06
6.61982e-06
-8.68482e-06
3.83381e-06
-1.36151e-05
-1.39898e-05
2.87956e-06
2.13173e-06
4.10307e-06
2.79055e-06
5.56568e-06
3.34736e-06
7.18509e-06
3.72045e-06
8.82695e-06
3.73881e-06
1.02578e-05
3.26203e-06
1.11907e-05
2.04072e-06
1.14116e-05
-3.55761e-07
1.04551e-05
-3.06066e-06
8.08296e-06
-6.31255e-06
4.40566e-06
-9.9382e-06
-9.5849e-06
4.41752e-06
1.08749e-06
5.77402e-06
1.43387e-06
7.394e-06
1.72675e-06
9.18575e-06
1.92787e-06
1.09929e-05
1.93137e-06
1.25605e-05
1.69383e-06
1.35318e-05
1.06909e-06
1.36783e-05
-5.02531e-07
1.23817e-05
-1.76455e-06
9.40218e-06
-3.3328e-06
4.88026e-06
-5.41706e-06
-4.70657e-06
5.94173e-06
7.37548e-06
9.10205e-06
1.10299e-05
1.29611e-05
1.46549e-05
1.57239e-05
1.52213e-05
1.34568e-05
1.01239e-05
4.70657e-06
-1.33894e-05
-1.14574e-06
-1.56869e-05
-5.56929e-06
-1.63344e-05
-7.77371e-06
-1.67429e-05
-8.92023e-06
-1.71996e-05
-9.02373e-06
-1.78217e-05
-8.32685e-06
-1.85838e-05
-7.02246e-06
-1.93961e-05
-5.25185e-06
-2.01581e-05
-3.21808e-06
-2.07933e-05
-1.12893e-06
-2.1367e-05
7.13425e-07
2.48524e-06
-2.19365e-05
-8.48513e-06
7.33895e-06
-1.16506e-05
-2.40402e-06
-1.28215e-05
-6.60308e-06
-1.35275e-05
-8.21452e-06
-1.4107e-05
-8.44441e-06
-1.47337e-05
-7.70044e-06
-1.54235e-05
-6.33285e-06
-1.61227e-05
-4.55274e-06
-1.67652e-05
-2.57579e-06
-1.73087e-05
-5.85549e-07
-1.78107e-05
1.21513e-06
2.99321e-06
-1.83189e-05
-5.72108e-06
1.30595e-05
-8.48788e-06
3.6247e-07
-9.83727e-06
-5.25394e-06
-1.06822e-05
-7.36981e-06
-1.13284e-05
-7.79829e-06
-1.19384e-05
-7.09062e-06
-1.25537e-05
-5.7176e-06
-1.31464e-05
-3.96013e-06
-1.36735e-05
-2.04883e-06
-1.4112e-05
-1.47207e-07
-1.45064e-05
1.60936e-06
3.37453e-06
-1.4888e-05
-3.78654e-06
1.68454e-05
-5.95612e-06
2.53188e-06
-7.26727e-06
-3.94301e-06
-8.14172e-06
-6.49563e-06
-8.81217e-06
-7.12807e-06
-9.39867e-06
-6.50433e-06
-9.94806e-06
-5.16838e-06
-1.04472e-05
-3.46118e-06
-1.08672e-05
-1.62897e-06
-1.11934e-05
1.78844e-07
-1.14564e-05
1.87224e-06
3.59115e-06
-1.16733e-05
-2.20444e-06
1.90508e-05
-3.80345e-06
4.13084e-06
-4.98875e-06
-2.75782e-06
-5.83829e-06
-5.6462e-06
-6.5149e-06
-6.4516e-06
-7.08514e-06
-5.93418e-06
-7.58471e-06
-4.66894e-06
-8.0076e-06
-3.03839e-06
-8.3329e-06
-1.30381e-06
-8.54809e-06
3.93903e-07
-8.67088e-06
1.99487e-06
3.62748e-06
-8.70737e-06
-8.05602e-07
1.98558e-05
-1.86855e-06
5.19362e-06
-2.89898e-06
-1.72758e-06
-3.71109e-06
-4.83435e-06
-4.39842e-06
-5.76449e-06
-4.97229e-06
-5.36052e-06
-5.44452e-06
-4.19689e-06
-5.81224e-06
-2.67083e-06
-6.05898e-06
-1.05721e-06
-6.17195e-06
5.06728e-07
-6.15805e-06
1.98085e-06
3.48506e-06
-6.0158e-06
5.10078e-07
1.93465e-05
-4.66826e-08
5.75058e-06
-9.14626e-07
-8.59833e-07
-1.70752e-06
-4.04146e-06
-2.43096e-06
-5.04125e-06
-3.03638e-06
-4.75517e-06
-3.50915e-06
-3.72428e-06
-3.84589e-06
-2.3342e-06
-4.03346e-06
-8.69803e-07
-4.05841e-06
5.31553e-07
-3.92014e-06
1.84243e-06
3.17745e-06
-3.61266e-06
1.77208e-06
1.75744e-05
1.71691e-06
5.8053e-06
1.02142e-06
-1.64474e-07
2.17379e-07
-3.23779e-06
-5.79103e-07
-4.24498e-06
-1.25237e-06
-4.08217e-06
-1.75827e-06
-3.21858e-06
-2.09099e-06
-2.00167e-06
-2.24092e-06
-7.20048e-07
-2.19573e-06
4.86187e-07
-1.95107e-06
1.59765e-06
2.72544e-06
-1.49924e-06
2.97127e-06
1.46009e-05
3.44682e-06
5.33081e-06
2.94355e-06
3.37546e-07
2.10073e-06
-2.3942e-06
1.19258e-06
-3.33761e-06
4.10331e-07
-3.29963e-06
-1.65305e-07
-2.64331e-06
-5.23517e-07
-1.64345e-06
-6.5865e-07
-5.85209e-07
-5.62957e-07
3.90469e-07
-2.33295e-07
1.26789e-06
2.15416e-06
3.37917e-07
4.14536e-06
1.0454e-05
5.13616e-06
4.33926e-06
4.87115e-06
6.01827e-07
3.98317e-06
-1.50638e-06
2.93697e-06
-2.29196e-06
2.00553e-06
-2.3684e-06
1.31737e-06
-1.9555e-06
8.97991e-07
-1.22436e-06
7.52448e-07
-4.40014e-07
8.78583e-07
2.64167e-07
1.26978e-06
8.76651e-07
1.49064e-06
1.93294e-06
5.10221e-06
5.34895e-06
6.74756e-06
2.69261e-06
6.81459e-06
5.33089e-07
5.94055e-06
-6.32863e-07
4.77403e-06
-1.12652e-06
3.66192e-06
-1.25685e-06
2.80084e-06
-1.09528e-06
2.26738e-06
-6.91697e-07
2.07894e-06
-2.52455e-07
2.21506e-06
1.27619e-07
2.6443e-06
4.471e-07
7.61993e-07
3.37217e-06
5.34869e-06
8.04093e-06
8.57392e-06
7.94085e-06
6.81423e-06
5.55721e-06
4.46178e-06
3.76989e-06
3.51733e-06
3.64489e-06
4.09183e-06
4.85363e-06
-2.27257e-05
4.036e-06
-2.36927e-05
5.82123e-06
-2.47702e-05
7.65881e-06
-2.58587e-05
9.41323e-06
-2.67977e-05
1.08379e-05
-2.73786e-05
1.15639e-05
-2.73537e-05
1.1206e-05
-2.6442e-05
9.43912e-06
-2.43173e-05
6.06243e-06
-2.05226e-05
1.07051e-06
-1.39127e-05
-5.98297e-06
-1.68936e-05
-1.89666e-05
4.68341e-06
-1.97081e-05
6.56252e-06
-2.04792e-05
8.42958e-06
-2.11817e-05
1.01156e-05
-2.16666e-05
1.13226e-05
-2.17364e-05
1.16335e-05
-2.1142e-05
1.06115e-05
-1.95696e-05
7.86651e-06
-1.66123e-05
3.10507e-06
-1.16662e-05
-3.87566e-06
-4.97302e-06
-1.2676e-05
-2.18666e-05
-1.53312e-05
5.12642e-06
-1.57906e-05
7.02171e-06
-1.62074e-05
8.84618e-06
-1.64945e-05
1.04024e-05
-1.65259e-05
1.13539e-05
-1.61375e-05
1.12449e-05
-1.51207e-05
9.5945e-06
-1.3225e-05
5.97064e-06
-1.02388e-05
1.18863e-07
-6.21106e-06
-7.90333e-06
-2.10232e-06
-1.67845e-05
-2.39683e-05
-1.18814e-05
5.33441e-06
-1.20387e-05
7.17878e-06
-1.20956e-05
8.90289e-06
-1.19841e-05
1.02908e-05
-1.16149e-05
1.09845e-05
-1.08799e-05
1.05098e-05
-9.65487e-06
8.36935e-06
-7.82663e-06
4.14228e-06
-5.45147e-06
-2.25632e-06
-2.92815e-06
-1.04266e-05
-8.86451e-07
-1.8826e-05
-2.48549e-05
-8.67351e-06
5.30036e-06
-8.53372e-06
7.03886e-06
-8.25169e-06
8.62075e-06
-7.78499e-06
9.82403e-06
-7.08956e-06
1.02891e-05
-6.12766e-06
9.54785e-06
-4.87666e-06
7.11831e-06
-3.35927e-06
2.62483e-06
-1.78253e-06
-3.83308e-06
-4.9333e-07
-1.17156e-05
3.08569e-07
-1.96277e-05
-2.45453e-05
-5.7497e-06
5.03414e-06
-5.33338e-06
6.6224e-06
-4.74651e-06
8.0338e-06
-3.97583e-06
9.05325e-06
-3.02486e-06
9.33804e-06
-1.92773e-06
8.45062e-06
-7.54853e-07
5.94531e-06
3.7903e-07
1.49082e-06
1.21674e-06
-4.67084e-06
1.54183e-06
-1.20406e-05
1.3238e-06
-1.94095e-05
-2.32217e-05
-3.13513e-06
4.55643e-06
-2.47099e-06
5.95822e-06
-1.61702e-06
7.1797e-06
-5.8937e-07
8.02565e-06
5.64011e-07
8.1846e-06
1.74488e-06
7.26979e-06
2.80964e-06
4.88055e-06
3.59393e-06
7.06469e-07
3.82415e-06
-4.90097e-06
3.36671e-06
-1.15832e-05
2.28595e-06
-1.83284e-05
-2.09351e-05
-8.37079e-07
3.8942e-06
4.31421e-08
5.07788e-06
1.12852e-06
6.09431e-06
2.37558e-06
6.77848e-06
3.6994e-06
6.86078e-06
4.94901e-06
6.02006e-06
5.92492e-06
3.9045e-06
6.43734e-06
1.93933e-07
6.18594e-06
-4.64986e-06
5.04787e-06
-1.04451e-05
3.11591e-06
-1.63966e-05
-1.78192e-05
1.15553e-06
3.07612e-06
2.22096e-06
4.01276e-06
3.50682e-06
4.80786e-06
4.9473e-06
5.33852e-06
6.4288e-06
5.37878e-06
7.75724e-06
4.692e-06
8.68814e-06
2.97361e-06
9.01595e-06
-1.34174e-07
8.38151e-06
-4.01453e-06
6.61772e-06
-8.68243e-06
3.83315e-06
-1.36111e-05
-1.39868e-05
2.87751e-06
2.1312e-06
4.10051e-06
2.7896e-06
5.56261e-06
3.34551e-06
7.18184e-06
3.71932e-06
8.82322e-06
3.73724e-06
1.02541e-05
3.26121e-06
1.11871e-05
2.04062e-06
1.14083e-05
-3.55359e-07
1.04527e-05
-3.05887e-06
8.08072e-06
-6.31098e-06
4.40471e-06
-9.9356e-06
-9.58292e-06
4.41564e-06
1.08687e-06
5.77155e-06
1.4333e-06
7.39088e-06
1.72561e-06
9.18242e-06
1.92776e-06
1.09889e-05
1.93042e-06
1.25566e-05
1.69366e-06
1.35279e-05
1.0692e-06
1.36746e-05
-5.02222e-07
1.23791e-05
-1.7634e-06
9.39985e-06
-3.33255e-06
4.87934e-06
-5.41584e-06
-4.70565e-06
5.94042e-06
7.3736e-06
9.09921e-06
1.10269e-05
1.29573e-05
1.4651e-05
1.57202e-05
1.5218e-05
1.34544e-05
1.01218e-05
4.70565e-06
-1.33918e-05
-1.14466e-06
-1.56901e-05
-5.5671e-06
-1.6338e-05
-7.77091e-06
-1.67467e-05
-8.91683e-06
-1.72035e-05
-9.02001e-06
-1.78256e-05
-8.32316e-06
-1.85876e-05
-7.01908e-06
-1.93995e-05
-5.24892e-06
-2.0161e-05
-3.21565e-06
-2.07957e-05
-1.12691e-06
-2.13689e-05
7.15117e-07
2.48684e-06
-2.19378e-05
-8.4868e-06
7.34218e-06
-1.16531e-05
-2.40097e-06
-1.28243e-05
-6.59989e-06
-1.35305e-05
-8.21091e-06
-1.41101e-05
-8.44061e-06
-1.47367e-05
-7.69679e-06
-1.54263e-05
-6.32966e-06
-1.61252e-05
-4.55015e-06
-1.67672e-05
-2.57378e-06
-1.73102e-05
-5.84029e-07
-1.78116e-05
1.21639e-06
2.99433e-06
-1.83192e-05
-5.72228e-06
1.30642e-05
-8.48962e-06
3.66103e-07
-9.83927e-06
-5.25047e-06
-1.06843e-05
-7.36609e-06
-1.13306e-05
-7.7945e-06
-1.19404e-05
-7.08709e-06
-1.25555e-05
-5.71466e-06
-1.31478e-05
-3.9579e-06
-1.36744e-05
-2.04726e-06
-1.41124e-05
-1.4613e-07
-1.45063e-05
1.61015e-06
3.37523e-06
-1.48873e-05
-3.78721e-06
1.68511e-05
-5.95713e-06
2.53592e-06
-7.26842e-06
-3.9394e-06
-8.1429e-06
-6.49187e-06
-8.81327e-06
-7.12436e-06
-9.3996e-06
-6.50095e-06
-9.94872e-06
-5.16569e-06
-1.04474e-05
-3.45931e-06
-1.0867e-05
-1.6278e-06
-1.11927e-05
1.79492e-07
-1.14553e-05
1.87262e-06
3.59147e-06
-1.16717e-05
-2.2046e-06
1.90569e-05
-3.80374e-06
4.13503e-06
-4.98905e-06
-2.7542e-06
-5.83848e-06
-5.64258e-06
-6.51493e-06
-6.44807e-06
-7.08497e-06
-5.93103e-06
-7.58424e-06
-4.66656e-06
-8.00674e-06
-3.0369e-06
-8.33161e-06
-1.30304e-06
-8.54638e-06
3.9417e-07
-8.66876e-06
1.99488e-06
3.62745e-06
-8.70484e-06
-8.05247e-07
1.98619e-05
-1.86811e-06
5.19776e-06
-2.89842e-06
-1.72409e-06
-3.71031e-06
-4.83098e-06
-4.39738e-06
-5.76122e-06
-4.97101e-06
-5.35761e-06
-5.44293e-06
-4.19479e-06
-5.81027e-06
-2.66969e-06
-6.05663e-06
-1.05676e-06
-6.16922e-06
5.06662e-07
-6.15498e-06
1.98053e-06
3.48474e-06
-6.01238e-06
5.10895e-07
1.93519e-05
-4.55452e-08
5.75444e-06
-9.13216e-07
-8.56592e-07
-1.70578e-06
-4.03845e-06
-2.42889e-06
-5.03834e-06
-3.03403e-06
-4.75256e-06
-3.50649e-06
-3.72251e-06
-3.84286e-06
-2.3334e-06
-4.03009e-06
-8.69675e-07
-4.05472e-06
5.31224e-07
-3.91619e-06
1.84185e-06
3.17686e-06
-3.60843e-06
1.77328e-06
1.7579e-05
1.71869e-06
5.80869e-06
1.02364e-06
-1.61665e-07
2.20026e-07
-3.2352e-06
-5.7605e-07
-4.24247e-06
-1.24902e-06
-4.07986e-06
-1.7546e-06
-3.21709e-06
-2.08698e-06
-2.00119e-06
-2.23662e-06
-7.20146e-07
-2.19118e-06
4.85652e-07
-1.94635e-06
1.59688e-06
2.72468e-06
-1.49429e-06
2.97276e-06
1.46045e-05
3.44915e-06
5.33341e-06
2.94653e-06
3.39854e-07
2.1042e-06
-2.39219e-06
1.19653e-06
-3.33556e-06
4.14611e-07
-3.29765e-06
-1.60733e-07
-2.64216e-06
-5.18612e-07
-1.64322e-06
-6.53531e-07
-5.85555e-07
-5.57668e-07
3.89878e-07
-2.27927e-07
1.26701e-06
2.15322e-06
3.43412e-07
4.14707e-06
1.04566e-05
5.13895e-06
4.34105e-06
4.87474e-06
6.03464e-07
3.98733e-06
-1.50496e-06
2.94169e-06
-2.29045e-06
2.01064e-06
-2.36682e-06
1.32278e-06
-1.95465e-06
9.0368e-07
-1.22435e-06
7.58288e-07
-4.4044e-07
8.84494e-07
2.63636e-07
1.27563e-06
8.75802e-07
1.48984e-06
1.93887e-06
5.104e-06
5.35076e-06
6.75066e-06
2.69354e-06
6.81861e-06
5.34101e-07
5.94521e-06
-6.32068e-07
4.77937e-06
-1.12565e-06
3.66779e-06
-1.25579e-06
2.80707e-06
-1.09476e-06
2.27382e-06
-6.91715e-07
2.08542e-06
-2.52706e-07
2.22149e-06
1.27416e-07
2.65052e-06
4.46567e-07
7.61684e-07
3.37836e-06
5.3506e-06
8.04384e-06
8.57785e-06
7.94558e-06
6.81983e-06
5.56387e-06
4.46899e-06
3.77712e-06
3.52438e-06
3.65175e-06
4.09825e-06
4.85989e-06
-2.27262e-05
4.03751e-06
-2.36926e-05
5.82253e-06
-2.47693e-05
7.6596e-06
-2.58569e-05
9.41314e-06
-2.67949e-05
1.08364e-05
-2.73746e-05
1.15604e-05
-2.73484e-05
1.12003e-05
-2.64357e-05
9.43166e-06
-2.43104e-05
6.05415e-06
-2.0516e-05
1.06267e-06
-1.39077e-05
-5.98825e-06
-1.68936e-05
-1.89662e-05
4.68447e-06
-1.97071e-05
6.56335e-06
-2.04774e-05
8.42979e-06
-2.11792e-05
1.01148e-05
-2.16632e-05
1.13201e-05
-2.17322e-05
1.16291e-05
-2.1137e-05
1.06049e-05
-1.95641e-05
7.85858e-06
-1.66072e-05
3.09705e-06
-1.16625e-05
-3.88211e-06
-4.97174e-06
-1.26792e-05
-2.18657e-05
-1.533e-05
5.12707e-06
-1.57888e-05
7.02212e-06
-1.6205e-05
8.84591e-06
-1.64914e-05
1.04011e-05
-1.65223e-05
1.13508e-05
-1.61334e-05
1.124e-05
-1.51162e-05
9.58762e-06
-1.32206e-05
5.9628e-06
-1.02354e-05
1.11677e-07
-6.20922e-06
-7.90837e-06
-2.10203e-06
-1.67863e-05
-2.39675e-05
-1.18793e-05
5.33467e-06
-1.20361e-05
7.17885e-06
-1.20925e-05
8.90227e-06
-1.19807e-05
1.02892e-05
-1.16111e-05
1.09812e-05
-1.0876e-05
1.05047e-05
-9.65114e-06
8.36256e-06
-7.82344e-06
4.13494e-06
-5.44934e-06
-2.26256e-06
-2.92714e-06
-1.04306e-05
-8.86313e-07
-1.88273e-05
-2.48542e-05
-8.67056e-06
5.30033e-06
-8.53043e-06
7.03867e-06
-8.24808e-06
8.61989e-06
-7.78121e-06
9.82228e-06
-7.08572e-06
1.02856e-05
-6.12406e-06
9.54297e-06
-4.87352e-06
7.1119e-06
-3.35689e-06
2.61819e-06
-1.78113e-06
-3.83837e-06
-4.92615e-07
-1.17192e-05
3.08835e-07
-1.96286e-05
-2.45449e-05
-5.74596e-06
5.03383e-06
-5.32941e-06
6.62208e-06
-4.74237e-06
8.03286e-06
-3.97173e-06
9.05161e-06
-3.02091e-06
9.33472e-06
-1.9243e-06
8.44622e-06
-7.52104e-07
5.93954e-06
3.80938e-07
1.48496e-06
1.21776e-06
-4.67534e-06
1.54249e-06
-1.2044e-05
1.32403e-06
-1.94102e-05
-2.32214e-05
-3.13064e-06
4.55595e-06
-2.46639e-06
5.9578e-06
-1.61237e-06
7.17883e-06
-5.84968e-07
8.02414e-06
5.68116e-07
8.18166e-06
1.74824e-06
7.266e-06
2.81218e-06
4.87551e-06
3.59562e-06
7.01475e-07
3.82497e-06
-4.90486e-06
3.36735e-06
-1.15863e-05
2.28617e-06
-1.83291e-05
-2.09348e-05
-8.31946e-07
3.89352e-06
4.83097e-08
5.07752e-06
1.13361e-06
6.0935e-06
2.38028e-06
6.77749e-06
3.70367e-06
6.85812e-06
4.95239e-06
6.01715e-06
5.92739e-06
3.90028e-06
6.43891e-06
1.89662e-07
6.18664e-06
-4.65271e-06
5.04844e-06
-1.04485e-05
3.11607e-06
-1.63967e-05
-1.78192e-05
1.16124e-06
3.07562e-06
2.22656e-06
4.01216e-06
3.51238e-06
4.80772e-06
4.95215e-06
5.33715e-06
6.43332e-06
5.37732e-06
7.76063e-06
4.68947e-06
8.69057e-06
2.97032e-06
9.01758e-06
-1.37062e-07
8.38184e-06
-4.01778e-06
6.61841e-06
-8.68382e-06
3.83301e-06
-1.36124e-05
-1.39858e-05
2.88358e-06
2.13081e-06
4.10655e-06
2.7892e-06
5.56842e-06
3.34549e-06
7.18694e-06
3.71821e-06
8.82783e-06
3.73636e-06
1.02576e-05
3.25941e-06
1.11895e-05
2.03832e-06
1.14097e-05
-3.57484e-07
1.04529e-05
-3.06109e-06
8.08102e-06
-6.3118e-06
4.40462e-06
-9.93637e-06
-9.58195e-06
4.42198e-06
1.087e-06
5.77785e-06
1.43314e-06
7.39693e-06
1.72571e-06
9.18764e-06
1.92663e-06
1.09936e-05
1.93009e-06
1.25601e-05
1.69243e-06
1.35303e-05
1.06782e-06
1.36759e-05
-5.03409e-07
1.23791e-05
-1.76467e-06
9.39982e-06
-3.33239e-06
4.87895e-06
-5.41628e-06
-4.70493e-06
5.94686e-06
7.37987e-06
9.10539e-06
1.1032e-05
1.2962e-05
1.46543e-05
1.57221e-05
1.52186e-05
1.3454e-05
1.01215e-05
4.70493e-06
-1.33878e-05
-1.14405e-06
-1.56855e-05
-5.56878e-06
-1.63334e-05
-7.77284e-06
-1.67426e-05
-8.91845e-06
-1.71999e-05
-9.02134e-06
-1.78228e-05
-8.32442e-06
-1.85855e-05
-7.02048e-06
-1.93981e-05
-5.25063e-06
-2.01603e-05
-3.21769e-06
-2.07955e-05
-1.12923e-06
-2.1369e-05
7.1271e-07
2.48454e-06
-8.48383e-06
7.33943e-06
-1.16492e-05
-2.40357e-06
-1.28205e-05
-6.60179e-06
-1.35271e-05
-8.21219e-06
-1.41073e-05
-8.44139e-06
-1.47345e-05
-7.69735e-06
-1.54248e-05
-6.33034e-06
-1.61244e-05
-4.55118e-06
-1.6767e-05
-2.57528e-06
-1.73105e-05
-5.85938e-07
-1.78122e-05
1.21421e-06
2.99216e-06
-5.72003e-06
1.30589e-05
-8.48664e-06
3.62715e-07
-9.83631e-06
-5.25236e-06
-1.06816e-05
-7.36705e-06
-1.13284e-05
-7.79476e-06
-1.19388e-05
-7.087e-06
-1.25546e-05
-5.71465e-06
-1.31476e-05
-3.95829e-06
-1.36748e-05
-2.04823e-06
-1.41132e-05
-1.47693e-07
-1.45074e-05
1.60818e-06
3.3732e-06
-3.78566e-06
1.6844e-05
-5.95504e-06
2.53194e-06
-7.26633e-06
-3.94129e-06
-8.14105e-06
-6.49258e-06
-8.81184e-06
-7.12418e-06
-9.39872e-06
-6.50033e-06
-9.94843e-06
-5.1651e-06
-1.04477e-05
-3.45915e-06
-1.08678e-05
-1.62833e-06
-1.11939e-05
1.7824e-07
-1.14567e-05
1.87086e-06
3.58958e-06
-2.20375e-06
1.90488e-05
-3.80255e-06
4.1307e-06
-4.98784e-06
-2.7561e-06
-5.83747e-06
-5.64305e-06
-6.51425e-06
-6.44753e-06
-7.0847e-06
-5.92996e-06
-7.58445e-06
-4.66546e-06
-8.00746e-06
-3.03624e-06
-8.33277e-06
-1.30315e-06
-8.54788e-06
3.93196e-07
-8.67049e-06
1.99326e-06
3.62574e-06
-8.05099e-07
1.98534e-05
-1.86785e-06
5.19331e-06
-2.89815e-06
-1.72598e-06
-3.71016e-06
-4.83129e-06
-4.39745e-06
-5.76044e-06
-4.97135e-06
-5.35627e-06
-5.44362e-06
-4.19335e-06
-5.81136e-06
-2.66866e-06
-6.0581e-06
-1.05655e-06
-6.17101e-06
5.05936e-07
-6.15696e-06
1.97907e-06
3.48323e-06
5.10361e-07
1.93438e-05
-4.62052e-08
5.7501e-06
-9.13912e-07
-8.58454e-07
-1.70652e-06
-4.03866e-06
-2.42971e-06
-5.03744e-06
-3.03497e-06
-4.75108e-06
-3.50762e-06
-3.72085e-06
-3.84429e-06
-2.33208e-06
-4.03183e-06
-8.69173e-07
-4.05677e-06
5.30715e-07
-3.91842e-06
1.84053e-06
3.17568e-06
1.7721e-06
1.75718e-05
1.71712e-06
5.80467e-06
1.02196e-06
-1.63395e-07
2.18356e-07
-3.23541e-06
-5.77669e-07
-4.2416e-06
-1.25057e-06
-4.07843e-06
-1.75619e-06
-3.2154e-06
-2.08874e-06
-1.99972e-06
-2.23862e-06
-7.19479e-07
-2.19347e-06
4.85357e-07
-1.94882e-06
1.59574e-06
2.72382e-06
2.97097e-06
1.45986e-05
3.44673e-06
5.33004e-06
2.94385e-06
3.38244e-07
2.10159e-06
-2.39235e-06
1.19409e-06
-3.33487e-06
4.12413e-07
-3.29644e-06
-1.6277e-07
-2.64057e-06
-5.20694e-07
-1.64179e-06
-6.55757e-07
-5.84722e-07
-5.60187e-07
3.89734e-07
-2.30683e-07
1.26612e-06
2.15277e-06
4.14472e-06
1.04525e-05
5.13573e-06
4.33836e-06
4.87112e-06
6.02163e-07
3.98378e-06
-1.50513e-06
2.93841e-06
-2.29001e-06
2.00777e-06
-2.36595e-06
1.32025e-06
-1.95337e-06
9.01287e-07
-1.22309e-06
7.55839e-07
-4.3965e-07
8.81755e-07
2.63609e-07
1.27254e-06
8.75166e-07
1.48958e-06
5.1015e-06
5.34838e-06
6.74675e-06
2.69194e-06
6.81413e-06
5.33162e-07
5.94077e-06
-6.322e-07
4.77523e-06
-1.12546e-06
3.66417e-06
-1.25536e-06
2.804e-06
-1.09397e-06
2.2711e-06
-6.9095e-07
2.08278e-06
-2.52277e-07
2.21857e-06
1.27248e-07
2.6471e-06
4.45923e-07
7.61174e-07
5.34815e-06
8.03974e-06
8.57283e-06
7.94043e-06
6.81488e-06
5.55937e-06
4.46525e-06
3.77409e-06
3.52168e-06
3.64879e-06
4.09443e-06
)
;

boundaryField
{
    rotor
    {
        type            calculated;
        value           uniform 0;
    }
    stator
    {
        type            calculated;
        value           uniform 0;
    }
    front
    {
        type            empty;
        value           nonuniform 0();
    }
    back
    {
        type            empty;
        value           nonuniform 0();
    }
}


// ************************************************************************* //
