/*--------------------------------*- C++ -*----------------------------------*\
| =========                 |                                                 |
| \\      /  F ield         | OpenFOAM: The Open Source CFD Toolbox           |
|  \\    /   O peration     | Version:  4.0                                   |
|   \\  /    A nd           | Web:      www.OpenFOAM.org                      |
|    \\/     M anipulation  |                                                 |
\*---------------------------------------------------------------------------*/
FoamFile
{
    version     2.0;
    format      ascii;
    class       volVectorField;
    location    "350";
    object      U;
}
// * * * * * * * * * * * * * * * * * * * * * * * * * * * * * * * * * * * * * //

dimensions      [0 1 -1 0 0 0 0];

internalField   nonuniform List<vector> 
3072
(
(0.269582 2.22046 0)
(0.293735 1.9314 0)
(0.377437 1.75879 1.4039e-19)
(0.493016 1.65791 7.4297e-19)
(0.613272 1.58422 -1.24866e-18)
(0.736684 1.568 8.48198e-19)
(0.927149 1.72173 3.88232e-19)
(1.4438 1.65071 6.97489e-19)
(2.46488 1.52314 -1.98994e-19)
(2.97377 1.95528 8.61799e-19)
(3.17867 2.19698 7.30224e-19)
(3.48831 2.35153 6.71118e-19)
(-0.392124 2.74568 -2.57991e-19)
(-0.221114 2.37779 -5.73543e-19)
(0.0416328 2.35389 5.22158e-19)
(0.332125 2.37874 0)
(0.698871 2.4439 1.02735e-18)
(1.34616 2.42443 -1.22654e-18)
(2.18615 2.64853 0)
(2.74695 2.81904 0)
(3.00169 2.82202 0)
(3.09036 2.89137 7.49222e-19)
(3.1373 2.88592 -2.71227e-18)
(3.25617 2.87368 3.67496e-19)
(-0.351438 3.00942 1.7334e-19)
(-0.0735334 2.72425 0)
(0.380272 2.77273 0)
(0.950247 2.81622 -3.39292e-18)
(1.67557 2.9569 1.16659e-18)
(2.32636 3.06462 -1.97852e-18)
(2.75112 3.07924 1.81995e-18)
(2.99189 3.02074 0)
(3.14108 2.89045 0)
(3.19937 2.80891 -1.0281e-18)
(3.26049 2.72392 -1.07597e-18)
(3.33878 2.63987 3.75735e-18)
(-0.267774 3.32355 -1.35487e-18)
(0.166125 3.15159 -2.35901e-18)
(0.772844 3.26409 1.95312e-18)
(1.44729 3.34279 -1.66634e-18)
(2.07185 3.38752 3.55803e-18)
(2.51744 3.32678 -3.67506e-18)
(2.78576 3.20947 -2.33971e-18)
(2.94947 3.06545 -5.69965e-18)
(3.05142 2.92718 -2.80379e-19)
(3.10499 2.8164 3.35068e-18)
(3.16055 2.71408 3.71994e-18)
(3.22047 2.61478 -2.97216e-18)
(-0.0393629 3.5243 0)
(0.443533 3.50342 1.19015e-18)
(1.05606 3.60937 -2.58177e-18)
(1.67818 3.62965 3.21054e-18)
(2.18478 3.56053 5.89387e-19)
(2.50995 3.41806 2.24058e-18)
(2.7106 3.25279 2.30947e-18)
(2.83485 3.0882 2.20608e-18)
(2.91675 2.93195 -4.66335e-18)
(2.9765 2.7956 3.97323e-18)
(3.03569 2.67223 -5.37839e-18)
(3.0958 2.55649 7.13921e-18)
(0.181395 3.70024 -4.30483e-18)
(0.676812 3.77341 1.65212e-18)
(1.23419 3.84043 4.75511e-18)
(1.76525 3.79302 0)
(2.16522 3.65595 -7.13555e-18)
(2.42111 3.47389 7.34532e-18)
(2.5874 3.28254 0)
(2.70174 3.09735 -5.44912e-18)
(2.78627 2.92563 4.65033e-18)
(2.85427 2.77277 0)
(2.9183 2.63467 2.65671e-19)
(2.98097 2.50748 4.22508e-18)
(0.382301 3.8642 0)
(0.850821 4.0164 -3.83486e-18)
(1.33212 4.02664 3.52167e-18)
(1.76448 3.92709 0)
(2.0839 3.74611 -4.20934e-18)
(2.3003 3.53439 6.64461e-19)
(2.45275 3.32013 6.00921e-18)
(2.56635 3.11659 5.5346e-18)
(2.6565 2.92931 -4.87186e-18)
(2.73292 2.76054 4.81793e-18)
(2.80332 2.60789 -4.17021e-18)
(2.87049 2.4685 -1.16839e-17)
(0.567717 4.05069 0)
(0.972737 4.25995 3.29549e-18)
(1.36273 4.20485 -4.85242e-18)
(1.70492 4.06326 4.83607e-18)
(1.96806 3.84796 0)
(2.16335 3.60893 -6.2848e-18)
(2.31246 3.3716 6.17271e-18)
(2.43101 3.14784 1.16518e-19)
(2.52927 2.94226 -1.02468e-17)
(2.61415 2.75624 -4.79349e-18)
(2.69097 2.5882 -2.64317e-19)
(2.76262 2.43572 8.60555e-18)
(0.709605 4.22453 0)
(1.04731 4.49708 -3.88817e-18)
(1.33761 4.36907 -5.42959e-18)
(1.60329 4.18533 -3.87794e-18)
(1.82644 3.93965 7.80817e-18)
(2.01017 3.67576 0)
(2.16157 3.41683 0)
(2.28809 3.17364 0)
(2.3958 2.95041 0)
(2.48954 2.74825 4.8616e-18)
(2.57318 2.56596 -4.88402e-18)
(2.64956 2.40127 4.6724e-18)
(0.823298 4.49174 0)
(1.03442 4.70635 2.72957e-18)
(1.22759 4.47401 -6.16628e-19)
(1.44464 4.23077 4.46686e-18)
(1.64464 3.9568 4.43414e-18)
(1.82394 3.67566 -7.11258e-18)
(1.98194 3.40514 0)
(2.11971 3.15266 -2.15099e-19)
(2.23965 2.92109 -1.75774e-17)
(2.3446 2.71108 0)
(2.43721 2.52152 1.09099e-17)
(2.5202 2.35023 -5.10499e-18)
(0.972668 4.56388 0)
(0.940371 4.68441 3.14719e-18)
(1.02643 4.36721 9.29521e-18)
(1.20903 4.0674 -7.93846e-18)
(1.39946 3.79101 -1.1127e-17)
(1.58452 3.52197 1.75998e-17)
(1.75611 3.26802 -1.98631e-19)
(1.91057 3.03157 -6.89337e-18)
(2.04721 2.81317 5.63813e-18)
(2.16743 2.61312 -1.1986e-17)
(2.27261 2.43084 -1.66126e-17)
(2.36548 2.26456 1.67858e-17)
(0.393813 4.17962 -1.85998e-18)
(0.563333 4.10596 -1.23797e-17)
(0.691199 3.79971 2.36591e-18)
(0.884984 3.54631 0)
(1.0963 3.348 0)
(1.30277 3.15286 3.57415e-19)
(1.49438 2.96196 1.86008e-17)
(1.66832 2.77751 1.1489e-17)
(1.82348 2.6007 0)
(1.96088 2.43371 1.08254e-17)
(2.08067 2.2775 0)
(2.1857 2.13142 4.89821e-19)
(3.73688 2.32897 3.41493e-19)
(3.96414 2.28885 -4.36271e-19)
(4.10282 2.15768 -2.73442e-19)
(4.19409 2.01961 -5.57988e-19)
(4.19562 1.84269 -2.74471e-19)
(4.15208 1.6546 0)
(4.01351 1.45329 0)
(3.81224 1.252 7.89271e-19)
(3.52121 1.04203 -9.26407e-19)
(3.13544 0.799836 0)
(2.70173 0.392582 0)
(2.56866 -0.175974 -6.43436e-19)
(3.34437 2.8537 1.60182e-18)
(3.45115 2.79166 0)
(3.55217 2.69363 -8.98397e-19)
(3.64991 2.5603 4.74258e-19)
(3.72767 2.39676 2.82345e-19)
(3.76676 2.23068 2.63399e-18)
(3.75878 2.06798 -4.27743e-18)
(3.69958 1.9195 6.70754e-19)
(3.58546 1.80486 0)
(3.3306 1.6963 0)
(3.06 1.56413 0)
(3.19601 1.07877 7.10033e-19)
(3.41197 2.55425 1.49693e-18)
(3.4911 2.46336 -4.10654e-18)
(3.56515 2.36471 1.13383e-18)
(3.62802 2.26261 2.7316e-18)
(3.67091 2.16086 -2.7857e-18)
(3.68748 2.06449 0)
(3.6728 1.98432 0)
(3.62719 1.93006 -2.28111e-19)
(3.55851 1.90543 1.08387e-18)
(3.41984 1.89637 0)
(3.19578 1.88837 0)
(3.40582 1.77441 -4.62046e-19)
(3.27801 2.5195 3.32352e-19)
(3.33866 2.42463 4.08087e-18)
(3.39836 2.32877 2.86367e-18)
(3.45186 2.23408 -2.84681e-18)
(3.49396 2.14551 0)
(3.52084 2.06916 1.66618e-18)
(3.52898 2.01271 0)
(3.52174 1.98555 2.47272e-18)
(3.49603 1.98884 -7.56221e-19)
(3.42808 2.04597 0)
(3.2485 2.13262 -5.45788e-19)
(3.54779 2.19313 6.46381e-19)
(3.15586 2.44802 -2.91123e-18)
(3.21698 2.34471 0)
(3.2762 2.24625 0)
(3.33054 2.15488 0)
(3.37758 2.07463 0)
(3.41607 2.01048 -3.02076e-18)
(3.44456 1.97097 -1.36194e-19)
(3.46268 1.96262 -1.3671e-18)
(3.47727 1.99483 0)
(3.47215 2.08313 -1.17174e-18)
(3.35639 2.22875 4.86026e-19)
(3.76874 2.43104 -1.65722e-19)
(3.04291 2.38999 -2.32677e-19)
(3.10471 2.28071 -6.94901e-18)
(3.16512 2.17953 3.27566e-18)
(3.22289 2.08822 1.9547e-21)
(3.27726 2.01005 2.14593e-19)
(3.32812 1.94954 4.70445e-18)
(3.37648 1.91285 -1.50737e-19)
(3.4244 1.90702 -5.27534e-18)
(3.47405 1.94288 -2.12315e-18)
(3.52822 2.03712 1.06981e-18)
(3.47454 2.2268 -1.32298e-18)
(3.93638 2.55115 -5.34006e-19)
(2.93571 2.34079 1.11511e-17)
(2.99983 2.22346 3.6452e-18)
(3.06287 2.11635 0)
(3.12498 2.02065 0)
(3.18679 1.93888 2.03749e-19)
(3.24968 1.87478 -3.42754e-18)
(3.3161 1.83346 5.3757e-18)
(3.38963 1.82152 -1.26846e-19)
(3.47379 1.84968 1.82303e-18)
(3.57528 1.93699 0)
(3.59706 2.12505 -2.38773e-19)
(4.09418 2.53234 -7.92687e-20)
(2.83081 2.29692 -4.12263e-18)
(2.89694 2.17026 -3.79206e-18)
(2.96206 2.05521 4.06562e-18)
(3.02741 1.95228 -3.80594e-18)
(3.0948 1.86317 9.7166e-22)
(3.16683 1.79055 7.55831e-18)
(3.24749 1.7382 -3.47268e-18)
(3.3424 1.71178 1.96272e-18)
(3.45735 1.72109 0)
(3.60475 1.78632 1.18792e-18)
(3.70443 1.95967 6.05012e-19)
(4.20152 2.41117 -9.12671e-19)
(2.72064 2.25203 4.52512e-18)
(2.78843 2.11615 -4.3805e-18)
(2.85472 1.99264 -4.08999e-18)
(2.92162 1.88121 -8.51386e-18)
(2.9918 1.78261 8.19401e-18)
(3.0689 1.69846 -7.86484e-18)
(3.15831 1.63074 0)
(3.268 1.58341 -1.87334e-18)
(3.40686 1.56385 0)
(3.59431 1.59132 0)
(3.77427 1.72813 0)
(4.25924 2.14858 4.35338e-19)
(2.59547 2.19503 4.944e-18)
(2.66555 2.05321 -9.92314e-18)
(2.73277 1.92348 9.66827e-18)
(2.79973 1.80479 9.27271e-18)
(2.86963 1.69699 4.47558e-18)
(2.94696 1.60061 0)
(3.0384 1.51555 0)
(3.15369 1.44328 4.35881e-18)
(3.30562 1.38711 0)
(3.5238 1.36275 -1.22387e-18)
(3.76614 1.42492 7.96589e-19)
(4.2465 1.73571 -1.26633e-18)
(2.44734 2.11271 -1.09999e-17)
(2.52125 1.97201 1.0146e-17)
(2.58973 1.84149 -9.90808e-18)
(2.65564 1.71954 -2.48851e-17)
(2.72236 1.60553 -2.45304e-19)
(2.79451 1.49902 1.34132e-19)
(2.88026 1.39774 -4.77253e-18)
(2.98958 1.29999 -4.36839e-18)
(3.13943 1.20278 0)
(3.36812 1.11631 3.69879e-18)
(3.64427 1.0505 9.02865e-19)
(4.1158 1.03532 -1.7794e-18)
(2.27569 1.99539 -4.87158e-19)
(2.35418 1.86525 0)
(2.42349 1.74157 0)
(2.48627 1.62245 4.77606e-18)
(2.54634 1.50724 1.45882e-17)
(2.60783 1.39521 -4.76439e-18)
(2.68003 1.28244 -2.1925e-19)
(2.77091 1.16419 -2.47106e-18)
(2.89985 1.02975 -2.29936e-18)
(3.09516 0.879446 -2.31044e-18)
(3.38135 0.656528 0)
(3.71424 -0.0293101 2.32787e-18)
(2.2209 -0.269179 9.23673e-23)
(1.93185 -0.293578 0)
(1.75901 -0.377338 -1.40396e-19)
(1.65798 -0.49297 0)
(1.58428 -0.61328 -6.25946e-19)
(1.56769 -0.736893 8.46569e-19)
(1.72111 -0.926856 0)
(1.65126 -1.442 4.73469e-19)
(1.52214 -2.46316 -1.9005e-19)
(1.95391 -2.97367 -9.35728e-20)
(2.19632 -3.17822 -7.66749e-19)
(2.35079 -3.48803 -6.7146e-19)
(2.74599 0.392232 -3.17279e-19)
(2.3777 0.221203 -1.68575e-19)
(2.35373 -0.0415262 5.88074e-19)
(2.37825 -0.331905 0)
(2.44366 -0.698148 -1.0287e-18)
(2.42392 -1.344 5.30234e-19)
(2.64701 -2.18478 0)
(2.81849 -2.74654 8.72855e-19)
(2.8212 -3.00176 -2.89405e-18)
(2.89074 -3.0907 1.93595e-18)
(2.88542 -3.13748 1.44673e-18)
(2.87319 -3.2563 -3.64639e-18)
(3.00942 0.351869 -1.73321e-19)
(2.72404 0.0742377 0)
(2.7724 -0.379247 -1.71907e-18)
(2.81557 -0.948665 0)
(2.95577 -1.67377 0)
(3.06399 -2.32563 -8.03922e-19)
(3.07865 -2.75098 4.10944e-18)
(3.02058 -2.99209 -2.96912e-18)
(2.89015 -3.14136 1.02875e-18)
(2.8086 -3.19971 0)
(2.72361 -3.26071 2.6437e-18)
(2.63957 -3.33895 -1.59495e-18)
(3.32365 0.268521 8.72585e-19)
(3.15129 -0.164986 1.36557e-18)
(3.26363 -0.771508 1.43156e-18)
(3.3422 -1.44606 2.51345e-18)
(3.38717 -2.0712 -1.64282e-18)
(3.3267 -2.51749 -1.25921e-18)
(3.20933 -2.78606 0)
(3.06538 -2.94979 0)
(2.92702 -3.05179 2.17982e-18)
(2.8162 -3.10535 0)
(2.71386 -3.16082 4.58399e-19)
(2.61457 -3.22068 1.29298e-18)
(3.52451 0.0402204 1.43737e-18)
(3.50329 -0.442358 -9.55227e-19)
(3.60931 -1.055 -2.58537e-18)
(3.62974 -1.67745 0)
(3.56075 -2.18463 0)
(3.41827 -2.51017 3.09998e-18)
(3.2529 -2.71088 0)
(3.08824 -2.8352 -5.25665e-18)
(2.93192 -2.91708 -2.22708e-18)
(2.79551 -2.9768 3.97548e-18)
(2.67211 -3.03592 -5.38113e-18)
(2.55635 -3.09598 3.39234e-18)
(3.70059 -0.180467 -2.41769e-18)
(3.77351 -0.675801 -1.42605e-18)
(3.84074 -1.2334 2.04657e-18)
(3.79346 -1.76483 3.63865e-19)
(3.6564 -2.16521 3.59653e-18)
(3.47425 -2.4213 -7.05185e-18)
(3.28277 -2.58765 6.31024e-18)
(3.09748 -2.70202 6.16529e-19)
(2.92567 -2.78653 0)
(2.77274 -2.85451 0)
(2.6346 -2.91849 8.22057e-18)
(2.50739 -2.98111 5.05507e-20)
(3.86462 -0.381571 -3.83304e-20)
(4.01666 -0.850076 -2.12306e-18)
(4.02714 -1.33157 0)
(3.92767 -1.7642 -4.25436e-18)
(3.74664 -2.08388 4.47638e-18)
(3.53481 -2.30042 1.08227e-17)
(3.32042 -2.45292 6.62529e-18)
(3.11678 -2.56655 8.22917e-19)
(2.9294 -2.6567 -1.02573e-17)
(2.76056 -2.7331 4.48943e-18)
(2.60786 -2.80347 4.78418e-18)
(2.46844 -2.87061 2.53295e-19)
(4.05108 -0.567228 2.0952e-19)
(4.26029 -0.972235 3.29768e-18)
(4.20541 -1.36234 0)
(4.06387 -1.70469 -4.83746e-18)
(3.84851 -1.968 -3.54113e-18)
(3.60937 -2.1634 6.1467e-19)
(3.37193 -2.31256 -1.16853e-17)
(3.14807 -2.43115 4.06228e-19)
(2.9424 -2.52941 -2.63659e-19)
(2.75631 -2.61428 5.03865e-18)
(2.58821 -2.69109 -4.06639e-18)
(2.4357 -2.76271 2.14198e-19)
(4.22489 -0.709426 -3.45803e-18)
(4.49742 -1.047 1.55921e-18)
(4.36958 -1.3373 -7.90312e-18)
(4.18589 -1.60308 3.87785e-18)
(3.94016 -1.82634 0)
(3.67619 -2.01015 0)
(3.41717 -2.1616 6.44978e-18)
(3.17389 -2.28817 1.17403e-17)
(2.95058 -2.39589 -5.35249e-18)
(2.74835 -2.48963 -4.863e-18)
(2.56601 -2.57326 -4.65272e-18)
(2.40128 -2.64963 0)
(4.49202 -0.823355 7.18759e-20)
(4.70654 -1.03421 4.14806e-18)
(4.47435 -1.22734 9.40634e-18)
(4.23117 -1.44442 0)
(3.95719 -1.64448 7.75165e-18)
(3.676 -1.82384 0)
(3.40543 -1.9819 3.31161e-19)
(3.15287 -2.11971 -5.70625e-18)
(2.92125 -2.23968 6.15485e-18)
(2.71118 -2.34465 0)
(2.52158 -2.43726 0)
(2.35025 -2.52024 -1.05356e-17)
(4.56389 -0.972865 -6.6168e-18)
(4.68443 -0.940235 3.14721e-18)
(4.36732 -1.02622 5.26549e-19)
(4.06757 -1.20879 -8.74815e-18)
(3.7912 -1.39925 -3.44436e-18)
(3.52216 -1.58435 -3.51917e-18)
(3.26819 -1.75599 -6.84362e-18)
(3.03172 -1.9105 -1.92933e-17)
(2.81328 -2.04718 -5.63823e-18)
(2.61319 -2.16743 -1.19866e-17)
(2.43089 -2.27263 1.16119e-17)
(2.26458 -2.3655 1.06605e-17)
(4.17956 -0.393924 3.5591e-18)
(4.10579 -0.563216 -1.42065e-18)
(3.79959 -0.690998 3.52053e-19)
(3.54626 -0.884744 7.39309e-18)
(3.34802 -1.09607 0)
(3.15292 -1.30258 -6.68804e-18)
(2.96203 -1.49424 5.99251e-18)
(2.77758 -1.66822 5.33971e-18)
(2.60076 -1.82342 -1.73544e-17)
(2.43375 -1.96085 1.08252e-17)
(2.27752 -2.08066 -1.05983e-17)
(2.13143 -2.18571 0)
(2.32853 -3.73658 -4.93038e-19)
(2.2884 -3.96391 1.20027e-18)
(2.1574 -4.10263 -9.95179e-19)
(2.01932 -4.19393 -3.30468e-19)
(1.84254 -4.19548 -3.92276e-20)
(1.65445 -4.15196 6.88645e-20)
(1.45321 -4.01341 -1.23582e-19)
(1.25193 -3.81216 -3.05713e-19)
(1.042 -3.52114 -9.26539e-19)
(0.799808 -3.13538 0)
(0.392561 -2.7017 0)
(-0.176067 -2.5686 -6.43517e-19)
(2.85334 -3.34443 -5.22735e-20)
(2.79136 -3.45116 2.11561e-18)
(2.6934 -3.55214 -8.98357e-19)
(2.56013 -3.64986 0)
(2.39661 -3.72762 1.69257e-18)
(2.23057 -3.76671 0)
(2.06789 -3.75873 1.27737e-18)
(1.91942 -3.69953 2.21671e-18)
(1.80481 -3.58542 -1.89132e-18)
(1.69626 -3.33058 0)
(1.56409 -3.05998 0)
(1.07867 -3.19601 -2.63499e-20)
(2.55398 -3.41207 1.0737e-18)
(2.46312 -3.49117 -1.01588e-18)
(2.3645 -3.56518 1.13431e-18)
(2.26243 -3.62803 0)
(2.16071 -3.6709 -1.22611e-18)
(2.06437 -3.68746 3.11614e-18)
(1.98422 -3.67277 -4.51117e-18)
(1.92998 -3.62717 -5.08189e-18)
(1.90537 -3.55849 3.04843e-18)
(1.89631 -3.41982 0)
(1.88831 -3.19577 6.0043e-19)
(1.77436 -3.40584 1.50326e-19)
(2.5193 -3.27816 1.25213e-18)
(2.42445 -3.33876 -2.84157e-18)
(2.32861 -3.39842 2.86474e-18)
(2.23394 -3.45188 -2.84784e-18)
(2.14539 -3.49396 0)
(2.06905 -3.52083 1.66664e-18)
(2.01262 -3.52896 1.15058e-18)
(1.98547 -3.52172 6.81892e-19)
(1.98878 -3.49601 -1.53541e-18)
(2.04591 -3.42806 0)
(2.13256 -3.24849 -3.51936e-19)
(2.19306 -3.54779 5.81452e-19)
(2.44788 -3.15598 3.26004e-18)
(2.34457 -3.21705 -1.69132e-18)
(2.24612 -3.27624 0)
(2.15477 -3.33055 0)
(2.07453 -3.37758 1.63928e-18)
(2.01038 -3.41605 -1.38157e-18)
(1.97089 -3.44455 -2.47012e-19)
(1.96254 -3.46266 0)
(1.99476 -3.47725 -8.13304e-19)
(2.08306 -3.47214 1.17198e-18)
(2.22869 -3.35639 -1.06386e-18)
(2.43098 -3.76877 -2.6755e-19)
(2.38989 -3.04301 -7.00042e-18)
(2.2806 -3.10477 3.35313e-18)
(2.17943 -3.16516 6.77258e-18)
(2.08813 -3.22291 1.95664e-21)
(2.00996 -3.27726 -8.10207e-18)
(1.94946 -3.32811 -3.44623e-18)
(1.91277 -3.37647 -2.37359e-19)
(1.90694 -3.42439 0)
(1.9428 -3.47404 0)
(2.03706 -3.52821 -1.06993e-18)
(2.22674 -3.47454 -7.70107e-19)
(2.5511 -3.93639 2.34084e-19)
(2.34072 -2.93579 3.80998e-18)
(2.22338 -2.99988 -7.51396e-18)
(2.11627 -3.0629 -3.33929e-18)
(2.02057 -3.12499 -1.93183e-19)
(1.93881 -3.18679 3.22296e-18)
(1.8747 -3.24968 3.19681e-18)
(1.83338 -3.31609 1.81242e-18)
(1.82145 -3.38962 1.77425e-18)
(1.84961 -3.47379 -1.97772e-18)
(1.93693 -3.57528 0)
(2.125 -3.59707 1.24051e-18)
(2.53231 -4.09421 -3.57073e-19)
(2.29688 -2.83087 0)
(2.17021 -2.89698 3.79329e-18)
(2.05515 -2.96208 0)
(1.95222 -3.02743 -1.93226e-19)
(1.8631 -3.09481 9.74882e-22)
(1.79049 -3.16684 7.56012e-18)
(1.73814 -3.24749 -7.32791e-18)
(1.71171 -3.34241 0)
(1.72102 -3.45736 -2.10847e-18)
(1.78625 -3.60476 1.18805e-18)
(1.95962 -3.70444 -2.31527e-18)
(2.41114 -4.20153 1.16458e-18)
(2.25201 -2.72069 4.52646e-18)
(2.11612 -2.78847 -4.38179e-18)
(1.9926 -2.85475 -4.43351e-18)
(1.88116 -2.92164 4.33541e-18)
(1.78255 -2.99182 4.1012e-18)
(1.6984 -3.06892 -1.20484e-17)
(1.63068 -3.15833 3.7762e-18)
(1.58334 -3.26801 0)
(1.56377 -3.40687 1.9372e-18)
(1.59125 -3.59432 0)
(1.72807 -3.77428 2.83244e-18)
(2.14857 -4.25926 -2.07048e-18)
(2.19502 -2.59551 0)
(2.05319 -2.66559 -9.92549e-18)
(1.92344 -2.73279 -5.14955e-18)
(1.80475 -2.79975 -8.99858e-18)
(1.69695 -2.86965 4.47651e-18)
(1.60056 -2.94698 4.23257e-18)
(1.51549 -3.03842 0)
(1.44322 -3.15371 0)
(1.38703 -3.30564 0)
(1.36268 -3.52382 0)
(1.42487 -3.76615 -7.98974e-19)
(1.7357 -4.24651 -1.03593e-19)
(2.11271 -2.44736 5.3619e-18)
(1.97199 -2.52128 4.91693e-18)
(1.84146 -2.58976 2.03905e-17)
(1.71951 -2.65567 5.23612e-18)
(1.60549 -2.72239 1.96908e-17)
(1.49898 -2.79454 -4.74778e-18)
(1.39769 -2.88028 -4.77309e-18)
(1.29993 -2.98961 0)
(1.20271 -3.13945 -4.56639e-18)
(1.11624 -3.36814 -2.45987e-18)
(1.05045 -3.64428 -1.84986e-18)
(1.03531 -4.11579 -1.10577e-25)
(1.9954 -2.27571 0)
(1.86524 -2.35421 0)
(1.74155 -2.42352 -2.03877e-17)
(1.62242 -2.48631 -1.48577e-17)
(1.50721 -2.54638 -4.70648e-18)
(1.39517 -2.60787 0)
(1.28239 -2.68007 4.74619e-18)
(1.16413 -2.77095 0)
(1.02968 -2.89988 -2.00262e-19)
(0.879379 -3.09518 2.31042e-18)
(0.656476 -3.38136 6.68491e-19)
(-0.0293214 -3.71424 4.60934e-18)
(-0.269272 -2.22096 1.14837e-19)
(-0.293745 -1.9319 1.92577e-19)
(-0.377534 -1.75917 -1.77572e-19)
(-0.493152 -1.65825 1.92419e-20)
(-0.613442 -1.58449 0)
(-0.736889 -1.56822 6.69441e-20)
(-0.927502 -1.72194 0)
(-1.44425 -1.65061 4.68572e-19)
(-2.46503 -1.5234 1.17042e-18)
(-2.97354 -1.95545 2.59117e-20)
(-3.17849 -2.19699 4.01448e-19)
(-3.48805 -2.35149 8.37443e-19)
(0.392036 -2.74603 4.32994e-19)
(0.220876 -2.37793 -5.75109e-19)
(-0.0418116 -2.35418 5.56254e-19)
(-0.332216 -2.37911 -3.25298e-20)
(-0.69904 -2.44418 -1.03053e-18)
(-1.34661 -2.42466 -2.05945e-19)
(-2.18619 -2.64884 -9.95747e-19)
(-2.74674 -2.81907 -1.5164e-18)
(-3.00138 -2.82209 2.73251e-18)
(-3.09004 -2.89135 -6.28923e-19)
(-3.13704 -2.88583 7.64892e-19)
(-3.25592 -2.87355 4.58816e-19)
(0.351379 -3.00951 -3.47024e-19)
(0.0733596 -2.72437 0)
(-0.380466 -2.77287 0)
(-0.950491 -2.8164 -1.44422e-18)
(-1.67577 -2.95721 0)
(-2.32614 -3.06477 -1.17522e-18)
(-2.75073 -3.07933 6.95437e-19)
(-2.99146 -3.02074 2.55237e-18)
(-3.14067 -2.89044 -1.27095e-18)
(-3.19899 -2.80888 -1.8433e-18)
(-3.26017 -2.72386 -3.72054e-18)
(-3.33848 -2.63979 3.75728e-18)
(0.267556 -3.32356 -1.74735e-18)
(-0.166431 -3.15163 -1.36792e-18)
(-0.773134 -3.26418 2.53001e-18)
(-1.4474 -3.34292 8.45099e-19)
(-2.07164 -3.3876 0)
(-2.51699 -3.32679 -4.49278e-18)
(-2.7853 -3.20946 3.63083e-18)
(-2.94903 -3.06543 0)
(-3.051 -2.92715 3.26065e-18)
(-3.10463 -2.81635 -4.80643e-18)
(-3.16024 -2.71401 3.26135e-18)
(-3.2202 -2.61469 4.40203e-19)
(0.0391479 -3.52424 2.17236e-18)
(-0.443816 -3.50345 2.90892e-18)
(-1.0562 -3.60942 8.37335e-19)
(-1.67806 -3.62966 0)
(-2.1844 -3.56051 -2.78649e-18)
(-2.50948 -3.41803 4.7996e-18)
(-2.71013 -3.25277 0)
(-2.83443 -3.08817 -2.86201e-18)
(-2.91638 -2.93192 -2.66089e-18)
(-2.97619 -2.79556 3.97241e-18)
(-3.03542 -2.67218 0)
(-3.09557 -2.55642 -3.06934e-18)
(-0.181661 -3.70014 1.8937e-18)
(-0.677035 -3.77342 6.63367e-19)
(-1.23422 -3.84042 -2.04451e-18)
(-1.76503 -3.79299 -8.84241e-18)
(-2.16483 -3.65593 -2.90827e-19)
(-2.42067 -3.47389 7.34703e-18)
(-2.58699 -3.28254 0)
(-2.70139 -3.09735 8.23482e-18)
(-2.78596 -2.92563 -4.80643e-18)
(-2.85402 -2.77275 4.22126e-18)
(-2.91809 -2.63464 2.65567e-19)
(-2.98078 -2.50743 -5.04884e-20)
(-0.38257 -3.8641 -1.70999e-18)
(-0.850986 -4.01637 -1.37928e-18)
(-1.33209 -4.02659 0)
(-1.76423 -3.92705 9.16872e-18)
(-2.08354 -3.74611 -1.26396e-17)
(-2.29993 -3.53443 -2.07548e-19)
(-2.45241 -3.32018 -1.26257e-17)
(-2.56606 -3.11664 5.03591e-19)
(-2.65626 -2.92935 -4.87038e-18)
(-2.73272 -2.76057 -4.8165e-18)
(-2.80315 -2.6079 4.7807e-18)
(-2.87036 -2.46848 -3.96e-18)
(-0.567961 -4.05061 -1.55021e-19)
(-0.972861 -4.2599 -1.77278e-18)
(-1.36266 -4.20478 0)
(-1.70469 -4.06323 4.83323e-18)
(-1.96775 -3.84798 3.32952e-18)
(-2.16304 -3.609 2.95896e-18)
(-2.31218 -3.3717 -4.93e-19)
(-2.43078 -3.14793 -1.16471e-19)
(-2.52908 -2.94235 -5.48584e-18)
(-2.61399 -2.75631 -5.75002e-19)
(-2.69085 -2.58824 2.26778e-19)
(-2.76253 -2.43574 0)
(-0.709858 -4.22446 2.15001e-18)
(-1.04738 -4.49698 0)
(-1.33752 -4.36898 0)
(-1.60309 -4.18528 -3.87636e-18)
(-1.82618 -3.93966 3.42567e-18)
(-2.00991 -3.67582 -7.02826e-18)
(-2.16133 -3.41692 0)
(-2.28789 -3.17374 5.7459e-18)
(-2.39564 -2.95051 -2.39696e-19)
(-2.48941 -2.74834 4.86022e-18)
(-2.57308 -2.56603 -5.07095e-18)
(-2.64948 -2.40131 9.72915e-18)
(-0.82344 -4.49163 4.47497e-18)
(-1.03445 -4.70623 -1.41899e-18)
(-1.2275 -4.47389 -5.0112e-18)
(-1.44446 -4.23068 -8.58045e-18)
(-1.64441 -3.95676 0)
(-1.8237 -3.67567 6.44481e-18)
(-1.98172 -3.40519 -1.30136e-17)
(-2.11951 -3.15273 5.77249e-18)
(-2.23949 -2.92117 6.15228e-18)
(-2.34448 -2.71115 0)
(-2.43712 -2.52158 -5.83035e-18)
(-2.52014 -2.35027 -9.82119e-18)
(-0.972802 -4.56379 -6.56537e-18)
(-0.940371 -4.68426 1.43098e-18)
(-1.02633 -4.36706 4.38374e-18)
(-1.20885 -4.06725 3.71473e-18)
(-1.39924 -3.7909 -4.89688e-20)
(-1.58428 -3.52191 -1.08779e-17)
(-1.75588 -3.26801 1.29974e-17)
(-1.91038 -3.03159 2.53671e-17)
(-2.04705 -2.81321 -1.77282e-17)
(-2.16731 -2.61316 -1.19828e-17)
(-2.27253 -2.43089 1.09527e-17)
(-2.36543 -2.2646 0)
(-0.393808 -4.17952 5.50009e-18)
(-0.563247 -4.10579 1.87483e-18)
(-0.691072 -3.79952 2.01365e-18)
(-0.884807 -3.54613 7.94327e-18)
(-1.09609 -3.34786 0)
(-1.30256 -3.15277 6.33016e-18)
(-1.49418 -2.96191 -1.26062e-17)
(-1.66814 -2.77749 -5.585e-18)
(-1.82333 -2.60071 -5.71311e-18)
(-1.96078 -2.43373 1.08239e-17)
(-2.0806 -2.27753 5.6567e-18)
(-2.18567 -2.13145 1.62449e-17)
(-3.73662 -2.32889 1.50916e-19)
(-3.96385 -2.28876 5.67874e-19)
(-4.10253 -2.15757 3.29599e-19)
(-4.1938 -2.01949 -7.92206e-19)
(-4.19535 -1.84258 2.34924e-19)
(-4.15183 -1.65448 0)
(-4.01329 -1.45318 -4.95392e-19)
(-3.81205 -1.2519 3.73775e-19)
(-3.52106 -1.04194 0)
(-3.13534 -0.799746 1.13545e-19)
(-2.70169 -0.392505 0)
(-2.56862 0.176026 0)
(-3.34415 -2.85352 -4.15883e-18)
(-3.45093 -2.79146 2.98941e-18)
(-3.55196 -2.69343 2.24707e-18)
(-3.64969 -2.5601 -9.36297e-19)
(-3.72746 -2.39658 0)
(-3.76655 -2.23052 0)
(-3.75859 -2.06783 1.46594e-18)
(-3.69941 -1.91935 -1.58436e-18)
(-3.58532 -1.80472 0)
(-3.3305 -1.69615 5.93735e-19)
(-3.05995 -1.564 -4.83854e-20)
(-3.19597 -1.07871 -1.07925e-18)
(-3.4117 -2.55416 1.55454e-18)
(-3.49084 -2.46325 -2.66931e-18)
(-3.5649 -2.36459 0)
(-3.6278 -2.26249 -2.76092e-18)
(-3.67071 -2.16072 -2.85766e-18)
(-3.6873 -2.06435 6.15731e-18)
(-3.67265 -1.98416 -5.50692e-18)
(-3.62707 -1.9299 0)
(-3.55841 -1.90526 0)
(-3.41976 -1.89619 0)
(-3.19573 -1.88819 -5.28303e-19)
(-3.40575 -1.77424 1.61471e-19)
(-3.27776 -2.51939 -1.2516e-18)
(-3.33844 -2.4245 -3.77175e-19)
(-3.39817 -2.32863 0)
(-3.4517 -2.23394 -3.53741e-19)
(-3.49381 -2.14535 0)
(-3.52072 -2.06899 0)
(-3.52888 -2.01254 1.30569e-18)
(-3.52166 -1.98537 -1.57424e-18)
(-3.49596 -1.98866 1.68964e-18)
(-3.42802 -2.04577 0)
(-3.24848 -2.13242 -5.45894e-19)
(-3.54774 -2.19294 -6.4657e-19)
(-3.15566 -2.44793 6.78915e-18)
(-3.21681 -2.3446 -1.69023e-18)
(-3.27606 -2.24613 3.0413e-18)
(-3.33041 -2.15475 1.37152e-18)
(-3.37747 -2.07448 -4.65989e-18)
(-3.41597 -2.01032 0)
(-3.44448 -1.9708 -1.59408e-18)
(-3.46261 -1.96243 0)
(-3.47721 -1.99463 0)
(-3.47211 -2.08292 1.17189e-18)
(-3.35639 -2.22853 3.22733e-20)
(-3.76869 -2.43082 7.29075e-19)
(-3.04276 -2.38992 -3.2608e-18)
(-3.10458 -2.28062 -2.45182e-19)
(-3.16501 -2.17943 0)
(-3.2228 -2.0881 0)
(-3.27718 -2.00991 -5.12539e-18)
(-3.32805 -1.94939 3.23156e-18)
(-3.37643 -1.91268 3.30566e-18)
(-3.42435 -1.90683 1.72957e-18)
(-3.47401 -1.94267 -4.11792e-18)
(-3.52819 -2.0369 -1.06985e-18)
(-3.47455 -2.22657 0)
(-3.93634 -2.55093 8.34131e-19)
(-2.9356 -2.34075 -7.82e-18)
(-2.99974 -2.2234 3.21804e-18)
(-3.0628 -2.11627 3.55684e-18)
(-3.12492 -2.02055 1.9379e-19)
(-3.18674 -1.93876 -4.00106e-19)
(-3.24964 -1.87464 -3.61591e-18)
(-3.31607 -1.8333 -5.275e-18)
(-3.3896 -1.82134 -1.90233e-18)
(-3.47378 -1.84948 1.82268e-18)
(-3.57527 -1.93678 0)
(-3.59708 -2.12483 2.09743e-18)
(-4.09415 -2.53211 -5.34285e-19)
(-2.83073 -2.29691 8.05583e-18)
(-2.89688 -2.17023 -4.3752e-18)
(-2.96201 -2.05515 -4.06438e-18)
(-3.02738 -1.9522 -7.41643e-18)
(-3.09478 -1.86306 7.28623e-18)
(-3.16682 -1.79043 -1.88811e-19)
(-3.24748 -1.73806 1.09981e-17)
(-3.3424 -1.71161 1.75633e-18)
(-3.45735 -1.7209 2.10767e-18)
(-3.60476 -1.78611 0)
(-3.70444 -1.95946 -1.44004e-18)
(-4.20151 -2.41095 -6.87861e-19)
(-2.72059 -2.25204 0)
(-2.7884 -2.11614 4.19634e-18)
(-2.8547 -1.99261 4.08873e-18)
(-2.92162 -1.88115 -4.17826e-18)
(-2.99181 -1.78253 -1.59236e-19)
(-3.06892 -1.69835 -4.17953e-18)
(-3.15834 -1.63061 -3.77426e-18)
(-3.26802 -1.58326 0)
(-3.40688 -1.56366 -1.93646e-18)
(-3.59433 -1.59112 -1.20562e-18)
(-3.77429 -1.72792 4.63398e-18)
(-4.25925 -2.14838 -9.91568e-19)
(-2.59543 -2.19505 0)
(-2.66555 -2.05321 0)
(-2.73278 -1.92346 0)
(-2.79975 -1.80475 -1.40197e-17)
(-2.86967 -1.69693 8.92393e-18)
(-2.94701 -1.60053 8.61548e-18)
(-3.03845 -1.51544 0)
(-3.15374 -1.44314 -4.35733e-18)
(-3.30567 -1.38694 0)
(-3.52384 -1.36257 -2.49938e-18)
(-3.76617 -1.42473 -7.98856e-19)
(-4.24652 -1.73553 -1.26646e-18)
(-2.44732 -2.11274 0)
(-2.52126 -1.97202 0)
(-2.58977 -1.84148 1.0476e-17)
(-2.6557 -1.71952 1.46547e-17)
(-2.72243 -1.60548 4.0324e-19)
(-2.79459 -1.49896 4.87962e-18)
(-2.88034 -1.39765 -2.33872e-18)
(-2.98967 -1.29987 6.61238e-18)
(-3.13951 -1.20264 4.56457e-18)
(-3.36819 -1.11615 2.29566e-18)
(-3.64432 -1.05033 -1.84956e-18)
(-4.11583 -1.03517 -1.95055e-18)
(-2.2757 -1.99542 0)
(-2.35422 -1.86527 0)
(-2.42355 -1.74158 -9.95483e-18)
(-2.48635 -1.62244 5.24171e-18)
(-2.54644 -1.50721 -4.70549e-18)
(-2.60794 -1.39516 -4.76362e-18)
(-2.68015 -1.28236 4.96437e-18)
(-2.77104 -1.16408 0)
(-2.89997 -1.02962 -4.5195e-18)
(-3.09527 -0.879308 -2.40279e-18)
(-3.38142 -0.656379 2.29634e-18)
(-3.71429 0.0294123 -4.62822e-18)
(-2.22091 0.269144 1.14437e-19)
(-1.93184 0.293547 0)
(-1.75899 0.377313 0)
(-1.65796 0.492952 5.99391e-19)
(-1.58426 0.613259 -6.51558e-19)
(-1.5677 0.73685 0)
(-1.72115 0.92686 0)
(-1.65119 1.44223 4.67969e-19)
(-1.52224 2.46348 1.2774e-18)
(-1.95417 2.97384 9.88902e-19)
(-2.19649 3.17841 -3.65223e-19)
(-2.35101 3.48824 7.30797e-19)
(-2.74599 -0.392265 -5.9877e-19)
(-2.37769 -0.221222 0)
(-2.35371 0.0415275 0)
(-2.37824 0.331932 -9.96711e-19)
(-2.44364 0.69822 2.09437e-18)
(-2.42399 1.34421 -2.18451e-18)
(-2.64716 2.18501 8.51707e-19)
(-2.81859 2.74674 7.69587e-19)
(-2.82133 3.00192 -3.9107e-19)
(-2.89087 3.09081 7.49855e-19)
(-2.88556 3.1376 0)
(-2.87335 3.25642 -1.62033e-18)
(-3.00943 -0.351912 3.46523e-19)
(-2.72403 -0.0742596 0)
(-2.77238 0.379265 0)
(-2.81557 0.948736 -8.68044e-19)
(-2.95578 1.6739 6.08752e-19)
(-3.06401 2.32582 -1.4918e-18)
(-3.0787 2.7512 0)
(-3.02061 2.99228 -3.38e-18)
(-2.89021 3.14151 3.97503e-18)
(-2.80868 3.19984 -1.02791e-18)
(-2.7237 3.26083 -2.61617e-18)
(-2.63967 3.33906 3.7575e-18)
(-3.32367 -0.26859 -8.72423e-19)
(-3.15127 0.164942 1.36533e-18)
(-3.2636 0.771521 0)
(-3.34217 1.44615 8.45269e-19)
(-3.38716 2.0714 -6.35442e-19)
(-3.3267 2.51773 1.25895e-18)
(-3.20935 2.78627 0)
(-3.06541 2.94997 -2.05371e-18)
(-2.92707 3.05193 -5.43897e-18)
(-2.81626 3.10547 3.3519e-18)
(-2.71394 3.16092 3.26296e-18)
(-2.61465 3.22078 -6.38679e-18)
(-3.52453 -0.0402989 1.08352e-18)
(-3.50327 0.442313 -1.19079e-18)
(-3.60928 1.05504 2.58504e-18)
(-3.62972 1.67761 0)
(-3.56073 2.18486 -5.87859e-18)
(-3.41826 2.5104 5.65459e-18)
(-3.25289 2.71109 3.08676e-18)
(-3.08825 2.83536 2.20699e-18)
(-2.93194 2.91721 0)
(-2.79555 2.9769 0)
(-2.67216 3.03601 0)
(-2.55641 3.09605 -6.78753e-19)
(-3.70063 0.180377 4.83682e-18)
(-3.77349 0.675766 0)
(-3.84073 1.23346 -2.04637e-18)
(-3.79344 1.76501 4.60584e-18)
(-3.65637 2.16543 3.56091e-18)
(-3.47421 2.42152 -7.014e-18)
(-3.28274 2.58783 3.22953e-18)
(-3.09746 2.70216 -1.12892e-17)
(-2.92566 2.78664 -1.57534e-19)
(-2.77275 2.85459 -4.00211e-19)
(-2.63462 2.91855 2.6581e-19)
(-2.50742 2.98115 1.10178e-17)
(-3.86466 0.381488 -6.11146e-18)
(-4.01665 0.850059 3.83934e-18)
(-4.02715 1.33165 -5.89723e-18)
(-3.92765 1.76438 -4.25405e-18)
(-3.7466 2.08409 -7.89907e-18)
(-3.53476 2.30061 -4.21001e-18)
(-3.32037 2.45308 -6.25609e-18)
(-3.11673 2.56667 1.04045e-17)
(-2.92937 2.65678 0)
(-2.76054 2.73316 9.03621e-18)
(-2.60786 2.8035 -1.26642e-17)
(-2.46845 2.87062 4.23602e-18)
(-4.05111 0.56717 -3.04682e-18)
(-4.2603 0.972238 -5.22925e-18)
(-4.20543 1.36243 7.46047e-18)
(-4.06386 1.70485 0)
(-3.84847 1.96818 -4.14164e-18)
(-3.60931 2.16356 6.28729e-18)
(-3.37186 2.3127 -3.09456e-19)
(-3.14799 2.43124 1.16585e-19)
(-2.94234 2.52947 -5.08567e-18)
(-2.75626 2.61431 -9.55584e-18)
(-2.58818 2.6911 4.27318e-18)
(-2.43568 2.7627 -4.31701e-18)
(-4.22493 0.70937 2.15106e-18)
(-4.49745 1.04703 0)
(-4.3696 1.33739 0)
(-4.18588 1.60321 0)
(-3.94012 1.82648 3.42735e-18)
(-3.67612 2.01028 0)
(-3.41708 2.16171 -3.97891e-19)
(-3.1738 2.28824 1.14221e-17)
(-2.9505 2.39593 2.70332e-19)
(-2.74828 2.48964 4.86287e-18)
(-2.56595 2.57325 -4.88528e-18)
(-2.40124 2.64959 1.44081e-17)
(-4.49206 0.82336 7.18805e-20)
(-4.70657 1.03424 7.53499e-18)
(-4.47437 1.22742 -2.30753e-18)
(-4.23117 1.44454 0)
(-3.95716 1.64461 0)
(-3.67595 1.82396 0)
(-3.40536 1.982 0)
(-3.1528 2.11978 6.02997e-18)
(-2.92118 2.23971 -2.30667e-17)
(-2.71111 2.34465 -1.13502e-17)
(-2.52152 2.43724 1.09115e-17)
(-2.3502 2.5202 5.81527e-18)
(-4.56392 0.972829 -6.56502e-18)
(-4.68445 0.940264 -4.35293e-18)
(-4.36735 1.0263 -2.61594e-18)
(-4.06759 1.2089 0)
(-3.7912 1.39937 0)
(-3.52215 1.58446 7.3107e-18)
(-3.26817 1.75609 -1.34874e-17)
(-3.03168 1.91057 2.55929e-17)
(-2.81323 2.04721 1.80692e-17)
(-2.61315 2.16743 1.12925e-17)
(-2.43085 2.27261 -1.09557e-17)
(-2.26454 2.36546 6.26999e-19)
(-4.17961 0.393942 -1.85982e-18)
(-4.10587 0.563284 0)
(-3.79968 0.691104 3.85639e-18)
(-3.54636 0.884873 -1.18101e-17)
(-3.3481 1.09621 1.07021e-17)
(-3.15297 1.30271 3.57369e-19)
(-2.96207 1.49434 5.99216e-18)
(-2.7776 1.6683 -5.5852e-18)
(-2.60077 1.82347 -2.84662e-17)
(-2.43375 1.96088 0)
(-2.27752 2.08066 0)
(-2.13142 2.18568 4.89774e-19)
(-2.32871 3.73678 -6.0557e-19)
(-2.28858 3.96412 -4.09979e-19)
(-2.15756 4.10282 -8.31658e-20)
(-2.01947 4.19412 -7.00374e-19)
(-1.84266 4.19566 2.11066e-19)
(-1.65455 4.15213 6.87538e-20)
(-1.45329 4.01355 -4.94896e-19)
(-1.252 3.81229 1.33067e-18)
(-1.04206 3.52125 -6.60483e-19)
(-0.799851 3.13547 -1.1353e-19)
(-0.392602 2.70175 0)
(0.17597 2.56867 0)
(-2.8535 3.34455 3.70692e-18)
(-2.79151 3.45129 -1.739e-18)
(-2.69355 3.55227 -8.98348e-19)
(-2.56026 3.64999 0)
(-2.39674 3.72774 -1.40986e-18)
(-2.23068 3.76682 0)
(-2.06799 3.75883 -6.40963e-19)
(-1.91951 3.69962 1.58375e-18)
(-1.80489 3.58549 0)
(-1.69632 3.33062 1.42794e-18)
(-1.56416 3.06001 -1.824e-18)
(-1.07879 3.19602 2.45436e-19)
(-2.5541 3.41218 1.49721e-18)
(-2.46323 3.49127 -4.10751e-18)
(-2.36462 3.56528 1.13411e-18)
(-2.26255 3.62813 0)
(-2.16083 3.67099 1.22589e-18)
(-2.06448 3.68753 3.11569e-18)
(-1.98433 3.67284 -4.27487e-18)
(-1.93008 3.62722 1.98498e-18)
(-1.90547 3.55852 -8.80304e-19)
(-1.89641 3.41984 0)
(-1.8884 3.19577 0)
(-1.77445 3.40583 -1.50302e-19)
(-2.5194 3.27824 -2.95478e-18)
(-2.42455 3.33884 2.47258e-18)
(-2.32872 3.39849 2.86439e-18)
(-2.23405 3.45194 -1.56309e-18)
(-2.1455 3.49401 -2.91978e-18)
(-2.06917 3.52087 0)
(-2.01274 3.52899 1.55638e-19)
(-1.98558 3.52175 3.18676e-18)
(-1.98889 3.49602 -2.44611e-18)
(-2.04601 3.42807 9.50241e-19)
(-2.13266 3.24849 -5.78518e-20)
(-2.19318 3.54779 -5.81361e-19)
(-2.44795 3.15604 3.25975e-18)
(-2.34465 3.2171 -1.69118e-18)
(-2.24621 3.27628 3.04284e-18)
(-2.15487 3.33059 -1.63576e-18)
(-2.07463 3.37761 0)
(-2.01049 3.41607 0)
(-1.971 3.44456 -1.34747e-18)
(-1.96266 3.46266 -3.35828e-18)
(-1.99487 3.47725 1.80224e-18)
(-2.08317 3.47213 1.17167e-18)
(-2.22879 3.35637 -1.06375e-18)
(-2.43108 3.76875 0)
(-2.38993 3.04304 -2.32774e-19)
(-2.28066 3.10479 -6.95115e-18)
(-2.1795 3.16517 0)
(-2.08821 3.22291 3.21693e-18)
(-2.01005 3.27726 -3.20213e-18)
(-1.94956 3.3281 0)
(-1.91288 3.37646 -1.29735e-19)
(-1.90706 3.42437 -1.4451e-19)
(-1.94292 3.47402 0)
(-2.03717 3.52819 -2.33286e-18)
(-2.22684 3.47452 1.08539e-18)
(-2.55119 3.93638 -6.04192e-19)
(-2.34073 2.93579 -4.03498e-18)
(-2.22341 2.99987 1.09466e-17)
(-2.11631 3.06288 0)
(-2.02063 3.12496 -3.48275e-18)
(-1.93888 3.18676 3.43994e-18)
(-1.87479 3.24964 3.41211e-18)
(-1.83348 3.31606 -3.78747e-18)
(-1.82156 3.38959 -1.79981e-18)
(-1.84972 3.47376 0)
(-1.93703 3.57525 -1.4865e-18)
(-2.12509 3.59704 1.47916e-18)
(-2.53237 4.09419 0)
(-2.29687 2.83085 8.26507e-18)
(-2.17022 2.89694 -7.78371e-18)
(-2.05517 2.96204 7.95904e-18)
(-1.95226 3.02737 -7.61095e-18)
(-1.86316 3.09475 9.86432e-22)
(-1.79056 3.16678 3.69296e-18)
(-1.73822 3.24744 3.47316e-18)
(-1.7118 3.34236 0)
(-1.72112 3.45731 -2.10833e-18)
(-1.78635 3.60472 4.78002e-18)
(-1.9597 3.70441 -1.4399e-18)
(-2.41118 4.20151 0)
(-2.25198 2.72065 4.52624e-18)
(-2.11611 2.78841 1.7098e-19)
(-1.9926 2.85468 -4.09089e-18)
(-1.88118 2.92156 0)
(-1.78259 2.99174 0)
(-1.69845 3.06884 0)
(-1.63075 3.15826 0)
(-1.58343 3.26795 -4.11397e-18)
(-1.56387 3.40681 1.93709e-18)
(-1.59134 3.59428 2.82422e-19)
(-1.72814 3.77425 0)
(-2.14859 4.25925 0)
(-2.19499 2.59545 -4.94484e-18)
(-2.05317 2.66552 -1.45628e-17)
(-1.92344 2.73271 0)
(-1.80476 2.79967 4.85959e-18)
(-1.69697 2.86957 9.09848e-18)
(-1.6006 2.9469 0)
(-1.51555 3.03834 0)
(-1.44329 3.15364 1.79815e-18)
(-1.38712 3.30558 -6.52464e-18)
(-1.36276 3.52378 2.26923e-19)
(-1.42492 3.76612 0)
(-1.7357 4.2465 0)
(-2.11268 2.4473 -5.63895e-18)
(-1.97197 2.52121 -5.81729e-18)
(-1.84145 2.58968 1.048e-17)
(-1.71951 2.65558 -1.46605e-17)
(-1.6055 2.7223 5.23753e-18)
(-1.49901 2.79445 9.62906e-18)
(-1.39773 2.88021 -2.43314e-18)
(-1.29998 2.98954 2.12218e-18)
(-1.20278 3.1394 4.28774e-18)
(-1.11631 3.36811 -4.75619e-18)
(-1.0505 3.64427 -1.84985e-18)
(-1.0353 4.11579 0)
(-1.99539 2.27567 -4.8712e-19)
(-1.86523 2.35415 1.01033e-17)
(-1.74155 2.42345 -9.95594e-18)
(-1.62243 2.48623 0)
(-1.50723 2.5463 -9.64709e-18)
(-1.3952 2.6078 -1.4738e-17)
(-1.28242 2.68 -2.1925e-19)
(-1.16418 2.7709 0)
(-1.02974 2.89985 0)
(-0.879436 3.09517 1.13873e-18)
(-0.65652 3.38137 9.48033e-21)
(0.0293252 3.71426 2.3279e-18)
(0.135817 2.6166 5.70419e-19)
(0.227381 2.71237 2.27957e-18)
(0.423568 2.752 1.23083e-19)
(0.632336 2.74329 0)
(0.847828 2.70172 5.57698e-18)
(1.05588 2.62663 -5.24518e-18)
(1.25154 2.52938 -1.55787e-17)
(1.43299 2.41907 -1.03686e-17)
(1.59852 2.30229 -8.91997e-21)
(1.74807 2.18433 -4.98246e-18)
(1.87936 2.06821 1.00287e-17)
(1.99501 1.95458 -9.62088e-18)
(0.163769 2.21162 0)
(0.292978 2.20149 0)
(0.42786 2.20812 -2.2273e-18)
(0.571031 2.20443 4.52474e-18)
(0.732074 2.19119 -1.12205e-17)
(0.902974 2.16054 -6.77706e-18)
(1.07633 2.11373 8.84241e-18)
(1.24694 2.05457 2.2291e-17)
(1.4096 1.98662 -4.46988e-18)
(1.56157 1.91362 0)
(1.69666 1.83754 2.38491e-19)
(1.81656 1.75857 0)
(0.128104 1.96112 -4.47887e-19)
(0.243081 1.92931 4.60742e-19)
(0.371233 1.9066 3.76435e-18)
(0.50403 1.88341 3.51147e-20)
(0.648686 1.8612 3.83483e-18)
(0.802998 1.83485 -5.91621e-20)
(0.96239 1.80298 0)
(1.12291 1.76611 -3.92832e-18)
(1.27913 1.72462 -4.03032e-18)
(1.42674 1.67968 1.23317e-17)
(1.55628 1.63079 -1.23162e-17)
(1.66812 1.57732 8.47843e-18)
(0.0948071 1.7448 -8.14331e-19)
(0.206957 1.7194 1.65767e-18)
(0.328286 1.69718 2.75641e-20)
(0.454501 1.67686 -3.41028e-18)
(0.591822 1.65871 -6.99609e-18)
(0.740184 1.6397 -4.43501e-20)
(0.896226 1.61758 -7.24197e-18)
(1.05543 1.59078 3.68121e-18)
(1.21072 1.55771 -3.72856e-18)
(1.35421 1.51762 -7.56093e-18)
(1.47223 1.46882 0)
(1.55929 1.41183 7.95922e-18)
(2.09098 1.84515 9.55403e-18)
(2.17125 1.73352 9.83388e-18)
(2.23765 1.62342 0)
(2.29243 1.51274 0)
(2.34029 1.40162 4.63232e-18)
(2.38552 1.28956 -4.53772e-18)
(2.4381 1.17215 2.15366e-18)
(2.50228 1.04343 6.60681e-18)
(2.59636 0.889219 0)
(2.70865 0.697495 0)
(2.90103 0.406414 5.96312e-19)
(2.75752 -0.240695 -1.53687e-18)
(1.91003 1.67882 -9.17171e-18)
(1.98262 1.58701 2.87694e-19)
(2.03629 1.49259 0)
(2.07374 1.39273 -4.37134e-18)
(2.10182 1.28915 -6.85049e-21)
(2.12564 1.18147 4.18953e-18)
(2.15656 1.06576 0)
(2.1967 0.935652 -4.11332e-18)
(2.26538 0.781168 0)
(2.332 0.585057 -3.995e-18)
(2.46066 0.350931 -1.92083e-18)
(2.3757 -0.0940233 -1.51979e-26)
(1.73994 1.51944 -2.48594e-19)
(1.78601 1.43867 -8.18144e-18)
(1.81103 1.35535 0)
(1.81982 1.26465 8.13492e-18)
(1.8222 1.16988 3.92106e-18)
(1.82472 1.06972 1.31912e-21)
(1.83961 0.960939 -9.44048e-18)
(1.8672 0.835126 1.10891e-17)
(1.9264 0.687585 -1.81139e-18)
(1.97996 0.498349 8.09303e-18)
(2.07983 0.306574 2.55174e-18)
(2.05792 -0.00412605 -4.45837e-19)
(1.5732 1.34873 2.35833e-17)
(1.5632 1.2634 0)
(1.54435 1.18568 0)
(1.51935 1.10541 -7.19551e-18)
(1.50002 1.02612 -7.16449e-18)
(1.49306 0.94332 6.98724e-18)
(1.5084 0.852347 1.35466e-17)
(1.54394 0.741703 -6.62445e-18)
(1.61169 0.60945 3.28862e-18)
(1.67653 0.43551 -3.26194e-18)
(1.76624 0.262571 -1.58554e-18)
(1.78995 0.031044 -4.00227e-19)
(2.6165 -0.135757 -1.14082e-18)
(2.71225 -0.227284 0)
(2.75188 -0.423412 1.23075e-19)
(2.74321 -0.63215 0)
(2.70169 -0.84764 0)
(2.62662 -1.05571 5.24487e-18)
(2.52939 -1.25141 0)
(2.41909 -1.43289 1.00309e-17)
(2.30232 -1.59845 9.87741e-18)
(2.18435 -1.74804 1.00974e-17)
(2.06823 -1.87936 -4.94088e-18)
(1.9546 -1.99503 -5.06952e-18)
(2.21154 -0.163714 -5.39234e-19)
(2.20141 -0.292877 -5.48631e-19)
(2.20805 -0.427714 -1.10569e-18)
(2.20438 -0.570863 0)
(2.19116 -0.731905 -2.24547e-18)
(2.16053 -0.90282 1.12683e-17)
(2.11373 -1.0762 0)
(2.05458 -1.24685 4.46543e-18)
(1.98664 -1.40954 -4.46959e-18)
(1.91364 -1.56155 -8.83799e-18)
(1.83756 -1.69668 -9.10475e-18)
(1.75859 -1.8166 8.8935e-18)
(1.96103 -0.128056 -8.99398e-19)
(1.92925 -0.242996 1.37761e-18)
(1.90654 -0.3711 -2.81035e-18)
(1.88337 -0.503874 1.90721e-18)
(1.86117 -0.648528 0)
(1.83484 -0.802854 -1.55782e-17)
(1.80297 -0.962276 0)
(1.76612 -1.12284 8.00159e-18)
(1.72464 -1.2791 -4.06535e-18)
(1.67971 -1.42675 8.25224e-18)
(1.63083 -1.55634 4.05746e-18)
(1.57737 -1.66821 -8.47799e-18)
(1.74472 -0.0947778 1.21809e-18)
(1.71931 -0.206887 1.65766e-18)
(1.6971 -0.328161 0)
(1.6768 -0.454352 0)
(1.65867 -0.59167 0)
(1.63968 -0.740048 1.4192e-17)
(1.61759 -0.896127 7.24145e-18)
(1.59081 -1.05538 -1.10095e-17)
(1.55775 -1.21073 1.12141e-17)
(1.51768 -1.35427 -7.56049e-18)
(1.4689 -1.47234 0)
(1.4119 -1.55942 7.70481e-18)
(1.84516 -2.09102 -9.92267e-18)
(1.73352 -2.17129 -9.83384e-18)
(1.62342 -2.23771 9.35232e-18)
(1.51273 -2.29249 -9.58815e-18)
(1.4016 -2.34035 0)
(1.28953 -2.38559 -9.24039e-18)
(1.17211 -2.43816 1.1418e-17)
(1.04339 -2.50234 -2.22199e-18)
(0.889163 -2.5964 4.34908e-18)
(0.697438 -2.70869 -1.11529e-18)
(0.406368 -2.90104 1.1397e-18)
(-0.240701 -2.75753 -7.97248e-19)
(1.67885 -1.9101 8.88657e-18)
(1.58703 -1.98269 8.82274e-18)
(1.49261 -2.03637 0)
(1.39273 -2.07383 4.21616e-18)
(1.28915 -2.10191 8.56225e-18)
(1.18145 -2.12572 4.06479e-18)
(1.06574 -2.15664 -1.65021e-17)
(0.935619 -2.19677 -4.11314e-18)
(0.781126 -2.26544 -4.04088e-18)
(0.585015 -2.33205 -9.98156e-19)
(0.350893 -2.46069 9.56228e-19)
(-0.0940366 -2.37572 5.20399e-19)
(1.51948 -1.74004 0)
(1.4387 -1.78612 -1.25798e-17)
(1.35538 -1.81114 4.08963e-18)
(1.26467 -1.81992 4.124e-18)
(1.16989 -1.82231 7.84325e-18)
(1.06972 -1.82483 -3.83258e-18)
(0.960928 -1.83971 9.30881e-18)
(0.835105 -1.86729 9.23706e-18)
(0.687557 -1.92648 1.79802e-18)
(0.498321 -1.98004 -1.79346e-18)
(0.30655 -2.07988 -4.27506e-19)
(-0.00413495 -2.05796 -3.98558e-21)
(1.3488 -1.57333 0)
(1.26346 -1.56333 -1.56813e-19)
(1.18573 -1.54447 0)
(1.10545 -1.51948 -1.45408e-17)
(1.02615 -1.50014 3.54909e-18)
(0.943333 -1.49318 -1.04627e-17)
(0.852346 -1.50852 0)
(0.74169 -1.54405 -6.6238e-18)
(0.609427 -1.61179 3.26997e-18)
(0.435489 -1.67662 -3.26284e-18)
(0.262556 -1.76631 -1.18649e-18)
(0.0310421 -1.79 -4.00622e-19)
(-0.135742 -2.61653 -1.14077e-18)
(-0.227307 -2.71232 1.16693e-19)
(-0.423463 -2.75191 0)
(-0.632194 -2.7432 -2.62359e-18)
(-0.847659 -2.70164 5.5199e-18)
(-1.0557 -2.62656 -8.17375e-18)
(-1.25137 -2.52934 -2.12133e-19)
(-1.43284 -2.41905 1.02317e-17)
(-1.5984 -2.30229 -5.04094e-18)
(-1.748 -2.18435 0)
(-1.87933 -2.06824 -1.9711e-17)
(-1.99502 -1.95462 3.56566e-19)
(-0.1637 -2.21159 1.08456e-18)
(-0.292891 -2.20148 -5.32031e-19)
(-0.427743 -2.2081 4.51438e-18)
(-0.57089 -2.20441 -8.97802e-18)
(-0.731919 -2.19118 4.5234e-18)
(-0.902819 -2.16053 -1.4951e-19)
(-1.07618 -2.11374 0)
(-1.24682 -2.05458 1.34621e-17)
(-1.40952 -1.98665 -4.46936e-18)
(-1.56154 -1.91366 0)
(-1.69668 -1.83758 8.86586e-18)
(-1.81661 -1.75862 -8.89302e-18)
(-0.128053 -1.96108 -4.46728e-19)
(-0.24301 -1.9293 2.30619e-20)
(-0.371123 -1.90659 -3.72534e-18)
(-0.503896 -1.88342 3.781e-18)
(-0.648541 -1.86122 -3.83447e-18)
(-0.802857 -1.83488 1.16793e-17)
(-0.96227 -1.80301 1.1852e-17)
(-1.12283 -1.76616 -3.92791e-18)
(-1.27909 -1.72468 4.07655e-18)
(-1.42676 -1.67974 0)
(-1.55635 -1.63087 -8.36524e-18)
(-1.66824 -1.5774 0)
(-0.0947757 -1.74476 -1.62855e-18)
(-0.206898 -1.71937 -3.29924e-18)
(-0.328183 -1.69716 3.37679e-18)
(-0.454375 -1.67686 -1.70554e-18)
(-0.591687 -1.65872 3.48278e-18)
(-0.740056 -1.63973 -1.23889e-17)
(-0.896123 -1.61763 -7.1959e-18)
(-1.05537 -1.59085 7.3489e-18)
(-1.21072 -1.5578 -1.11674e-17)
(-1.35428 -1.51772 0)
(-1.47236 -1.46894 7.66329e-18)
(-1.55947 -1.41195 -1.56633e-17)
(-2.09103 -1.84519 1.47998e-17)
(-2.17132 -1.73355 -4.8304e-18)
(-2.23775 -1.62344 0)
(-2.29255 -1.51274 -9.22569e-18)
(-2.34042 -1.4016 0)
(-2.38568 -1.28953 0)
(-2.43826 -1.17209 -4.41959e-18)
(-2.50245 -1.04335 0)
(-2.59653 -0.889111 0)
(-2.70882 -0.69738 -4.46753e-20)
(-2.90117 -0.406296 2.3048e-18)
(-2.75767 0.240791 1.59448e-18)
(-1.91012 -1.67888 -8.88605e-18)
(-1.98274 -1.58706 0)
(-2.03643 -1.49263 0)
(-2.0739 -1.39275 -4.37089e-18)
(-2.102 -1.28915 4.27736e-18)
(-2.12583 -1.18145 0)
(-2.15676 -1.06572 -6.28138e-18)
(-2.19692 -0.935583 -2.03022e-18)
(-2.2656 -0.781075 0)
(-2.33223 -0.584959 -1.02267e-18)
(-2.46086 -0.350824 -2.39166e-18)
(-2.3759 0.0941231 -5.18333e-19)
(-1.74008 -1.51953 8.51455e-18)
(-1.78617 -1.43874 -4.1544e-18)
(-1.81121 -1.35541 -8.30986e-18)
(-1.82001 -1.2647 4.01153e-18)
(-1.82242 -1.1699 -7.94007e-18)
(-1.82496 -1.06972 0)
(-1.83986 -0.960908 1.49953e-17)
(-1.86747 -0.835069 0)
(-1.92667 -0.687505 1.82522e-18)
(-1.98025 -0.498265 8.96174e-19)
(-2.08009 -0.306481 1.27954e-18)
(-2.05817 0.00421766 -2.23165e-22)
(-1.57339 -1.34886 -7.75317e-18)
(-1.5634 -1.26352 0)
(-1.54457 -1.18578 7.35976e-18)
(-1.51959 -1.10549 -1.09872e-17)
(-1.50028 -1.02617 1.77514e-17)
(-1.49335 -0.943338 -6.98656e-18)
(-1.50871 -0.852332 -1.35452e-17)
(-1.54426 -0.741658 0)
(-1.61201 -0.609376 0)
(-1.67685 -0.435428 0)
(-1.76654 -0.262487 -1.58255e-18)
(-1.79022 -0.0309603 -1.20599e-18)
(-2.61667 0.135852 -5.3537e-20)
(-2.71245 0.227402 5.93653e-19)
(-2.75209 0.423547 0)
(-2.74341 0.632295 5.52976e-18)
(-2.70186 0.847782 -2.63243e-18)
(-2.62677 1.05584 -7.93016e-18)
(-2.52951 1.25152 -5.21086e-18)
(-2.41919 1.43299 5.1232e-18)
(-2.3024 1.59852 9.87681e-18)
(-2.18442 1.74808 1.00968e-17)
(-2.06827 1.87937 -1.00276e-17)
(-1.95463 1.99502 -9.61993e-18)
(-2.21175 0.163817 -1.65956e-26)
(-2.20163 0.292991 2.22533e-18)
(-2.20827 0.427838 4.51445e-18)
(-2.2046 0.570994 0)
(-2.19137 0.732039 4.52346e-18)
(-2.16072 0.90295 0)
(-2.11392 1.07632 4.46685e-18)
(-2.05474 1.24695 -6.40236e-21)
(-1.98679 1.40963 -1.34795e-17)
(-1.91377 1.56161 -8.83749e-18)
(-1.83766 1.69671 8.86575e-18)
(-1.75867 1.81661 9.15623e-18)
(-1.96127 0.128159 4.51467e-19)
(-1.92948 0.243114 -4.58377e-18)
(-1.90676 0.371227 -6.55037e-18)
(-1.88359 0.504007 -1.89933e-18)
(-1.86139 0.648662 -1.15586e-17)
(-1.83505 0.802985 5.87424e-18)
(-1.80318 0.962397 4.87032e-21)
(-1.76631 1.12294 3.9889e-18)
(-1.72482 1.27918 -1.06699e-19)
(-1.67986 1.4268 0)
(-1.63096 1.55636 0)
(-1.57746 1.6682 2.19474e-19)
(-1.74497 0.0948736 4.10545e-19)
(-1.71955 0.206998 1.64167e-18)
(-1.69732 0.328283 3.34919e-18)
(-1.67701 0.454481 -3.43604e-18)
(-1.65887 0.591803 1.39439e-17)
(-1.63987 0.740177 -7.0736e-18)
(-1.61777 0.89624 0)
(-1.59097 1.05546 7.37115e-18)
(-1.5579 1.21077 7.43924e-18)
(-1.5178 1.35427 0)
(-1.46899 1.47229 0)
(-1.41197 1.55935 -2.33677e-17)
(-1.84518 2.09099 9.55317e-18)
(-1.73354 2.17125 -9.83308e-18)
(-1.62343 2.23765 -1.44981e-17)
(-1.51274 2.29243 -7.2751e-21)
(-1.40162 2.34029 9.39056e-18)
(-1.28956 2.38553 2.26873e-17)
(-1.17214 2.43812 4.42007e-18)
(-1.04343 2.50231 -4.52893e-18)
(-0.889208 2.59639 0)
(-0.697483 2.7087 -4.46894e-20)
(-0.406404 2.90108 0)
(0.24072 2.75758 -7.97282e-19)
(-1.6789 1.91008 0)
(-1.58706 1.98266 -2.87666e-19)
(-1.49264 2.03633 8.721e-18)
(-1.39276 2.07379 -1.32363e-17)
(-1.28917 2.10187 -1.2816e-17)
(-1.18148 2.12569 -8.25398e-18)
(-1.06577 2.15662 1.04324e-17)
(-0.935653 2.19677 6.10571e-18)
(-0.781162 2.26545 -4.04108e-18)
(-0.585047 2.33208 1.97395e-18)
(-0.350919 2.46073 0)
(0.0940625 2.37579 0)
(-1.51955 1.74001 -8.5143e-18)
(-1.43875 1.78608 4.02628e-18)
(-1.35542 1.8111 -4.21714e-18)
(-1.26471 1.8199 3.89691e-18)
(-1.16992 1.8223 1.1658e-17)
(-1.06975 1.82483 0)
(-0.960958 1.83972 1.40264e-19)
(-0.835137 1.86731 -3.6604e-18)
(-0.687588 1.92651 -2.72985e-20)
(-0.498345 1.98008 -3.5994e-18)
(-0.306566 2.07992 4.27546e-19)
(0.00415945 2.05804 -4.46067e-19)
(-1.34886 1.57326 -8.07471e-18)
(-1.26351 1.56328 0)
(-1.18577 1.54444 7.35989e-18)
(-1.10549 1.51946 -1.09875e-17)
(-1.02618 1.50014 3.56257e-18)
(-0.943362 1.4932 0)
(-0.852376 1.50854 9.82619e-20)
(-0.741722 1.54408 6.69286e-18)
(-0.60946 1.61182 3.27032e-18)
(-0.435516 1.67666 -1.22412e-21)
(-0.26257 1.76635 0)
(-0.031023 1.79007 8.03196e-19)
(0.0813275 1.54025 1.14763e-18)
(0.191936 1.54048 2.17989e-20)
(0.316047 1.54285 -4.99628e-18)
(0.449824 1.54899 0)
(0.597593 1.55505 7.86931e-18)
(0.755364 1.55576 1.86604e-17)
(0.915677 1.54631 2.67423e-17)
(1.06865 1.52242 0)
(1.20159 1.48152 0)
(1.30047 1.42347 -5.38389e-18)
(1.35055 1.35091 5.34209e-18)
(1.34121 1.27111 -2.14577e-17)
(0.0779569 1.36128 -5.84452e-19)
(0.189131 1.37972 1.85183e-18)
(0.311896 1.39892 -6.40745e-18)
(0.445656 1.42028 0)
(0.591291 1.43788 1.08534e-17)
(0.742762 1.44536 -1.0854e-17)
(0.890248 1.43686 -5.42889e-18)
(1.02138 1.40807 6.48175e-21)
(1.12185 1.35704 -5.5265e-18)
(1.17841 1.28667 0)
(1.18152 1.20598 0)
(1.12952 1.12775 2.27823e-17)
(0.0857108 1.19698 0)
(0.195086 1.22419 -2.45467e-18)
(0.314835 1.2505 5.1227e-18)
(0.444418 1.27602 2.67776e-18)
(0.581636 1.29436 -1.65529e-17)
(0.718409 1.29954 8.42942e-18)
(0.843382 1.28646 -1.71556e-17)
(0.943554 1.25217 5.8172e-18)
(1.00612 1.19695 1.38153e-20)
(1.02261 1.12633 2.91925e-20)
(0.989954 1.05288 -3.23274e-17)
(0.920524 0.998848 -2.67428e-17)
(0.0970936 1.04038 0)
(0.202057 1.06869 4.93402e-18)
(0.315519 1.09419 0)
(0.435981 1.11595 1.07596e-17)
(0.55887 1.12819 0)
(0.674714 1.126 5.84923e-18)
(0.771497 1.10567 2.40345e-17)
(0.836737 1.0655 -6.2816e-18)
(0.859987 1.00613 0)
(0.837797 0.931077 0)
(0.771175 0.849253 -8.3543e-18)
(0.694946 0.823501 8.26346e-18)
(1.25448 1.18143 -2.1533e-17)
(1.2062 1.07498 -5.32786e-18)
(1.1726 1.01107 2.65057e-17)
(1.14941 0.94601 -1.55005e-17)
(1.15034 0.885741 1.98869e-17)
(1.17623 0.81997 -1.92753e-17)
(1.22947 0.741074 -2.33129e-17)
(1.30429 0.638097 0)
(1.39532 0.509157 -4.40928e-18)
(1.47624 0.34877 0)
(1.54674 0.190589 0)
(1.5628 0.0186709 -1.11295e-18)
(0.995522 1.03815 0)
(0.948182 0.90967 0)
(0.92387 0.857838 -2.03223e-17)
(0.912309 0.806988 4.91397e-18)
(0.928989 0.760576 4.76686e-18)
(0.970914 0.70809 -5.16919e-20)
(1.03718 0.641857 1.12065e-17)
(1.11995 0.553015 6.64273e-18)
(1.20937 0.439976 0)
(1.28519 0.302255 0)
(1.34145 0.165628 -5.43326e-19)
(1.36103 0.0237448 2.79794e-18)
(0.74597 0.941622 0)
(0.724443 0.783797 -5.35172e-18)
(0.723517 0.741235 -1.51832e-17)
(0.728713 0.701848 1.94252e-17)
(0.759185 0.662534 1.8785e-17)
(0.810839 0.615205 4.53497e-18)
(0.881349 0.553728 -6.67811e-18)
(0.962508 0.472039 -6.53074e-18)
(1.04411 0.370059 8.70467e-18)
(1.11094 0.250552 0)
(1.15856 0.132456 5.47537e-19)
(1.18219 0.012796 1.70421e-18)
(0.507251 0.849871 -3.46662e-17)
(0.526258 0.659381 -2.34986e-17)
(0.557868 0.631981 2.06877e-17)
(0.580759 0.607557 -2.43678e-17)
(0.621077 0.575424 4.76022e-18)
(0.677062 0.53239 0)
(0.746264 0.475004 -2.25671e-18)
(0.821288 0.399925 3.84547e-21)
(0.89331 0.308413 -6.52459e-18)
(0.951402 0.204403 0)
(0.993204 0.101373 -3.87581e-18)
(1.01903 -0.00284422 -5.13173e-18)
(1.54016 -0.0812996 -2.30435e-18)
(1.54036 -0.191854 -2.39339e-18)
(1.54275 -0.315922 0)
(1.54893 -0.44969 0)
(1.55503 -0.597473 7.97668e-18)
(1.55578 -0.755281 -7.93349e-18)
(1.54638 -0.915653 1.04234e-19)
(1.52251 -1.06869 1.59783e-17)
(1.48164 -1.20169 -5.24086e-18)
(1.4236 -1.30062 5.38305e-18)
(1.35103 -1.35073 -2.68363e-17)
(1.27123 -1.34138 0)
(1.36118 -0.0779361 1.75105e-18)
(1.3796 -0.189067 1.8415e-18)
(1.39883 -0.311801 -5.12641e-18)
(1.42024 -0.44556 -2.65583e-18)
(1.43789 -0.591217 -8.04146e-18)
(1.44542 -0.742736 0)
(1.43699 -0.890286 -1.64045e-17)
(1.40823 -1.02149 -5.53466e-18)
(1.35722 -1.12201 -1.10215e-17)
(1.28685 -1.1786 0)
(1.20614 -1.18171 2.26426e-17)
(1.1279 -1.12969 0)
(1.19689 -0.0856994 1.18317e-18)
(1.22409 -0.195041 -4.92254e-18)
(1.25044 -0.314774 5.12197e-18)
(1.276 -0.444364 2.67731e-18)
(1.2944 -0.581614 -5.53173e-18)
(1.29964 -0.718441 2.81554e-18)
(1.28662 -0.843479 0)
(1.25237 -0.943712 5.77412e-18)
(1.19717 -1.00632 5.95912e-18)
(1.12653 -1.02282 6.20214e-18)
(1.05307 -0.990149 -3.23202e-17)
(0.999013 -0.920688 0)
(1.0403 -0.0970926 -2.36781e-18)
(1.06861 -0.202033 7.39029e-18)
(1.09415 -0.315491 0)
(1.11596 -0.435969 -1.07577e-17)
(1.12825 -0.558896 0)
(1.12612 -0.674796 -5.84832e-18)
(1.10584 -0.771639 -6.02319e-18)
(1.0657 -0.836926 3.13708e-17)
(1.00635 -0.860198 9.26991e-21)
(0.931291 -0.838001 -7.31495e-18)
(0.849445 -0.771346 3.36705e-17)
(0.823658 -0.69508 -3.28399e-17)
(1.18153 -1.25463 0)
(1.07505 -1.20634 -1.0709e-17)
(1.01113 -1.17274 0)
(0.946059 -1.14955 5.09905e-18)
(0.885773 -1.15047 4.99654e-18)
(0.819986 -1.17635 2.40562e-17)
(0.741075 -1.22958 7.01758e-18)
(0.638089 -1.30438 -2.27253e-18)
(0.509146 -1.39539 4.45353e-18)
(0.348765 -1.4763 -3.34136e-20)
(0.190595 -1.54678 2.14397e-18)
(0.0186806 -1.56284 0)
(1.03827 -0.995673 5.69616e-18)
(0.909759 -0.948326 -1.0668e-17)
(0.857912 -0.924009 5.07286e-18)
(0.807046 -0.912437 0)
(0.760615 -0.929102 9.54334e-18)
(0.708111 -0.971011 -9.21197e-18)
(0.641862 -1.03726 -1.7979e-17)
(0.553009 -1.12002 0)
(0.439965 -1.20941 -4.32738e-18)
(0.302249 -1.28522 -3.85575e-20)
(0.16563 -1.34147 -5.43193e-19)
(0.0237529 -1.36106 5.61445e-19)
(0.941757 -0.746103 0)
(0.783888 -0.724573 -8.31059e-20)
(0.74131 -0.723641 -2.02128e-17)
(0.701908 -0.728822 1.94178e-17)
(0.662577 -0.759276 -9.3539e-18)
(0.61523 -0.810913 -4.54781e-18)
(0.553738 -0.881405 1.10843e-17)
(0.472037 -0.962548 8.77055e-18)
(0.370052 -1.04413 2.17269e-18)
(0.250548 -1.11096 4.32701e-18)
(0.132459 -1.15858 0)
(0.0128037 -1.18221 1.13556e-18)
(0.850013 -0.507349 -3.46584e-17)
(0.659468 -0.526363 1.74556e-17)
(0.632052 -0.557969 4.66076e-17)
(0.607618 -0.580847 -2.43576e-17)
(0.575471 -0.621147 -1.41221e-17)
(0.532419 -0.677115 -1.37086e-17)
(0.475018 -0.746302 -4.45261e-18)
(0.399927 -0.821312 -8.75463e-18)
(0.308409 -0.893324 0)
(0.204401 -0.951409 1.09056e-18)
(0.101376 -0.993211 -1.10662e-18)
(-0.00283534 -1.01904 -2.27981e-18)
(-0.0812968 -1.54021 2.29475e-18)
(-0.191865 -1.54042 2.39298e-18)
(-0.315937 -1.54281 -4.9951e-18)
(-0.4497 -1.54898 0)
(-0.59747 -1.55506 2.63214e-18)
(-0.755264 -1.55581 8.04131e-18)
(-0.915628 -1.5464 0)
(-1.06867 -1.52254 1.0724e-17)
(-1.20169 -1.48168 0)
(-1.30065 -1.42365 2.68505e-17)
(-1.3508 -1.3511 -1.07439e-17)
(-1.34148 -1.27131 2.68005e-17)
(-0.0779321 -1.36122 -5.84295e-19)
(-0.189069 -1.37965 3.06689e-18)
(-0.311805 -1.39887 -5.12568e-18)
(-0.445556 -1.42027 -8.03045e-18)
(-0.591202 -1.43791 -1.1067e-20)
(-0.742708 -1.44543 -1.35856e-17)
(-0.890256 -1.43699 -1.65037e-17)
(-1.02147 -1.40824 -1.64826e-17)
(-1.12202 -1.35725 -2.21804e-17)
(-1.17866 -1.2869 -2.23463e-17)
(-1.18181 -1.20622 0)
(-1.12982 -1.128 0)
(-0.0856917 -1.19692 2.36585e-18)
(-0.195033 -1.22412 -3.68232e-18)
(-0.314763 -1.25046 6.40882e-18)
(-0.444345 -1.27601 -6.79909e-20)
(-0.581584 -1.29439 1.10896e-17)
(-0.718404 -1.29963 5.65442e-18)
(-0.843447 -1.28661 1.70886e-17)
(-0.943702 -1.25237 4.06919e-17)
(-1.00635 -1.19719 1.78329e-17)
(-1.0229 -1.12658 -2.47485e-17)
(-0.990277 -1.05314 0)
(-0.920846 -0.999121 0)
(-0.0970801 -1.04031 -4.73459e-18)
(-0.202015 -1.06863 1.22867e-18)
(-0.315467 -1.09416 -1.28602e-18)
(-0.435937 -1.11595 1.33901e-17)
(-0.558856 -1.12824 -1.40641e-17)
(-0.674753 -1.1261 -5.773e-18)
(-0.771608 -1.10582 1.71352e-20)
(-0.836926 -1.06569 6.32026e-18)
(-0.860245 -1.00635 -2.66646e-17)
(-0.838103 -0.931311 2.92829e-17)
(-0.771491 -0.849493 -3.3583e-17)
(-0.695246 -0.823766 0)
(-1.25473 -1.18162 -2.16543e-17)
(-1.20646 -1.07513 -5.32657e-18)
(-1.17289 -1.0112 5.29137e-18)
(-1.14972 -0.946108 -5.24107e-18)
(-1.15067 -0.885806 -4.90988e-18)
(-1.17658 -0.819999 -9.77661e-20)
(-1.22981 -0.741067 1.15911e-17)
(-1.30462 -0.638061 -2.27243e-18)
(-1.39563 -0.509102 0)
(-1.47653 -0.348712 0)
(-1.547 -0.190532 2.14378e-18)
(-1.56304 -0.0186079 2.2124e-18)
(-0.995789 -1.03838 4.55746e-17)
(-0.948462 -0.909845 0)
(-0.924175 -0.857985 0)
(-0.912629 -0.807101 9.83086e-18)
(-0.929319 -0.760652 -4.78703e-18)
(-0.971245 -0.708129 4.58611e-18)
(-1.0375 -0.64186 0)
(-1.12026 -0.552987 -6.6463e-18)
(-1.20964 -0.439927 -2.17928e-18)
(-1.28543 -0.302199 4.3484e-18)
(-1.34167 -0.165573 -2.72415e-18)
(-1.36124 -0.0236859 -5.56475e-19)
(-0.74622 -0.941884 -2.57389e-17)
(-0.724712 -0.783974 1.60663e-17)
(-0.723811 -0.741378 5.03552e-18)
(-0.729016 -0.701956 4.84562e-18)
(-0.759491 -0.662607 4.6666e-18)
(-0.811139 -0.615243 0)
(-0.881634 -0.553734 2.21902e-18)
(-0.96277 -0.472018 4.34435e-18)
(-1.04434 -0.37002 2.17271e-18)
(-1.11115 -0.250506 -4.32699e-18)
(-1.15874 -0.132409 2.18456e-18)
(-1.18235 -0.0127466 -1.13554e-18)
(-0.507455 -0.850147 3.46584e-17)
(-0.526492 -0.659543 -2.33034e-17)
(-0.558131 -0.632108 -5.17991e-18)
(-0.581029 -0.607654 1.88663e-22)
(-0.621347 -0.575489 -1.41237e-17)
(-0.677322 -0.532424 -4.55704e-18)
(-0.746507 -0.47501 1.33664e-17)
(-0.821506 -0.399908 0)
(-0.8935 -0.308381 8.74098e-18)
(-0.951563 -0.204365 0)
(-0.993341 -0.101335 -4.42652e-18)
(-1.01915 0.00288261 2.27982e-18)
(-1.54039 0.0813822 1.16562e-18)
(-1.54057 0.191951 0)
(-1.54294 0.316026 5.0419e-18)
(-1.54909 0.449794 5.16619e-18)
(-1.55517 0.597566 -1.04997e-17)
(-1.55589 0.755348 5.38948e-18)
(-1.54646 0.915678 1.07484e-17)
(-1.52257 1.06866 5.13907e-20)
(-1.48167 1.20161 5.38609e-18)
(-1.42361 1.30049 -1.60856e-17)
(-1.35104 1.35058 -5.34137e-18)
(-1.27123 1.34125 2.1455e-17)
(-1.36136 0.0780071 -1.74845e-18)
(-1.37977 0.189145 -6.12831e-19)
(-1.39897 0.31188 -5.08383e-18)
(-1.42034 0.44563 0)
(-1.43795 0.591265 -1.35485e-17)
(-1.44545 0.742742 -8.1183e-18)
(-1.43697 0.890236 1.00001e-19)
(-1.40817 1.02138 5.50838e-18)
(-1.35715 1.12184 -1.65483e-17)
(-1.28678 1.1784 2.23484e-17)
(-1.20608 1.18152 0)
(-1.12784 1.12954 2.27804e-17)
(-1.19703 0.0857549 -2.95479e-18)
(-1.2242 0.195096 6.16658e-19)
(-1.25052 0.314822 0)
(-1.27604 0.444393 -1.07581e-17)
(-1.29439 0.581608 1.37784e-17)
(-1.29959 0.718383 1.40639e-17)
(-1.28653 0.84336 -1.70892e-17)
(-1.25225 0.943534 -2.32874e-17)
(-1.19704 1.0061 -2.38735e-17)
(-1.12641 1.0226 3.09546e-17)
(-1.05296 0.989946 -6.44808e-18)
(-0.99892 0.920529 -5.34493e-17)
(-1.04039 0.097131 4.14364e-18)
(-1.06867 0.202064 6.16671e-19)
(-1.09417 0.315506 0)
(-1.11594 0.435957 1.33901e-17)
(-1.12819 0.558842 -1.18648e-20)
(-1.12602 0.674684 -2.87722e-18)
(-1.10571 0.771467 0)
(-1.06555 0.836707 6.23409e-18)
(-1.00619 0.859957 1.99873e-17)
(-0.931146 0.837771 -3.12624e-20)
(-0.84932 0.771156 3.35904e-17)
(-0.823548 0.694932 6.60174e-17)
(-1.18154 1.25455 2.15301e-17)
(-1.07508 1.20629 5.32723e-18)
(-1.01116 1.17271 -5.29229e-18)
(-0.94608 1.14954 1.02571e-17)
(-0.885797 1.15047 0)
(-0.820012 1.17637 1.44855e-17)
(-0.741104 1.22961 -2.09857e-17)
(-0.63812 1.30443 -1.12947e-17)
(-0.509173 1.39545 0)
(-0.348782 1.47637 4.35551e-18)
(-0.190593 1.54686 0)
(-0.0186581 1.56292 -1.10447e-18)
(-1.03824 0.99558 0)
(-0.909757 0.948262 0)
(-0.857915 0.923967 0)
(-0.807051 0.91242 -4.91974e-18)
(-0.760625 0.929108 8.81976e-21)
(-0.708126 0.97104 -4.58759e-18)
(-0.641885 1.03731 8.9601e-18)
(-0.553038 1.12008 -8.85133e-18)
(-0.439994 1.2095 0)
(-0.302271 1.28531 3.26783e-18)
(-0.16564 1.34157 1.6324e-18)
(-0.0237434 1.36116 -5.61641e-19)
(-0.941682 0.746016 0)
(-0.783861 0.724508 1.60705e-17)
(-0.741294 0.723596 -1.04064e-20)
(-0.701896 0.728805 3.5182e-22)
(-0.662571 0.759288 4.68952e-18)
(-0.615233 0.810951 4.57546e-18)
(-0.55375 0.881467 6.66742e-18)
(-0.472059 0.962629 4.34589e-18)
(-0.370077 1.04423 2.17351e-18)
(-0.25057 1.11106 -4.32865e-18)
(-0.132473 1.15868 -2.19755e-18)
(-0.0128033 1.18231 0)
(-0.849901 0.507284 8.5315e-18)
(-0.659424 0.526307 -5.6781e-18)
(-0.632023 0.55793 0)
(-0.607591 0.580834 0)
(-0.575449 0.621164 -4.69885e-18)
(-0.532407 0.67716 1.69891e-20)
(-0.475018 0.746369 -1.33711e-17)
(-0.399939 0.821397 0)
(-0.308429 0.89342 -8.74423e-18)
(-0.204422 0.951509 0)
(-0.101393 0.993307 -2.22234e-18)
(0.00282891 1.01913 0)
(0.107869 0.888622 -1.18766e-18)
(0.206016 0.912533 -4.90594e-18)
(0.310109 0.931482 0)
(0.417432 0.944205 -1.06913e-17)
(0.521623 0.945975 -2.82037e-18)
(0.612171 0.933321 -1.5003e-17)
(0.67655 0.903928 6.40114e-18)
(0.701828 0.856546 0)
(0.675887 0.79022 0)
(0.589305 0.703444 9.26024e-18)
(0.41155 0.574674 3.94895e-17)
(0.16614 0.438153 0)
(0.11562 0.741723 1.18899e-18)
(0.20491 0.757667 0)
(0.297222 0.766569 -1.01764e-17)
(0.38867 0.767336 2.65782e-18)
(0.471561 0.756551 -2.83336e-18)
(0.534606 0.73254 1.82051e-17)
(0.564776 0.694649 1.32859e-17)
(0.54827 0.642813 -7.53072e-18)
(0.470346 0.576477 0)
(0.317237 0.498507 0)
(0.0413513 0.384672 0)
(-0.267577 0.36078 0)
(0.119112 0.601029 -1.19941e-18)
(0.198 0.60714 -6.14397e-18)
(0.276944 0.604492 1.14078e-17)
(0.351096 0.592466 0)
(0.411923 0.569233 0)
(0.44788 0.535275 -5.46763e-17)
(0.446073 0.492351 3.3612e-17)
(0.393411 0.443316 0)
(0.277656 0.39138 -9.41096e-18)
(0.0945277 0.347573 2.52103e-17)
(-0.145646 0.307174 -2.1552e-17)
(-0.330251 0.3301 0)
(0.117955 0.468379 1.21391e-18)
(0.185491 0.464096 4.95173e-18)
(0.250326 0.44989 -1.01653e-17)
(0.306979 0.425754 7.96087e-18)
(0.346667 0.391701 -8.42298e-18)
(0.358289 0.350556 -6.02296e-18)
(0.330264 0.307118 -4.71213e-17)
(0.252458 0.268004 -7.76069e-18)
(0.12027 0.24073 9.47018e-18)
(-0.0546296 0.241072 4.91498e-17)
(-0.234046 0.269909 0)
(-0.352097 0.32686 0)
(0.112349 0.34555 0)
(0.168141 0.33122 0)
(0.218868 0.306338 1.02727e-17)
(0.258798 0.271637 -1.0672e-17)
(0.279472 0.22899 -1.40693e-17)
(0.270946 0.183517 5.76361e-17)
(0.223974 0.143078 1.34551e-17)
(0.132602 0.117528 3.8672e-17)
(0.00075522 0.116818 0)
(-0.150572 0.155448 -4.75797e-17)
(-0.287212 0.225835 -7.37775e-17)
(-0.363543 0.2973 0)
(0.102824 0.233904 0)
(0.14694 0.210452 1.28985e-18)
(0.184114 0.17621 -1.31691e-18)
(0.208737 0.13276 2.70558e-18)
(0.213129 0.0836264 4.27853e-17)
(0.189029 0.0359119 -3.05708e-17)
(0.129986 3.82052e-05 6.77078e-18)
(0.034015 -0.0120934 -3.08831e-17)
(-0.0887187 0.009715 -9.2359e-18)
(-0.215504 0.0771508 1.18267e-17)
(-0.321657 0.174563 7.2005e-17)
(-0.355608 0.26328 0)
(0.0900718 0.134237 0)
(0.122898 0.102903 1.35101e-18)
(0.147425 0.0607658 -1.37316e-18)
(0.158458 0.010269 0)
(0.149382 -0.0437444 -2.64584e-17)
(0.113885 -0.0926764 -3.10377e-18)
(0.0482381 -0.124266 -1.3778e-17)
(-0.0466641 -0.125657 -3.93189e-17)
(-0.156836 -0.0877237 3.76492e-17)
(-0.260853 -0.00038332 0)
(-0.340506 0.116336 1.49354e-16)
(-0.335773 0.21761 0)
(0.0748083 0.0467281 0)
(0.0969071 0.00887732 1.4606e-18)
(0.109834 -0.0397189 1.03159e-17)
(0.109022 -0.095852 3.00339e-18)
(0.0890263 -0.153708 2.19024e-17)
(0.045511 -0.203801 -6.62598e-18)
(-0.0228938 -0.232654 3.64076e-17)
(-0.113602 -0.227077 6.644e-17)
(-0.210003 -0.179419 4.01609e-17)
(-0.292382 -0.0792758 1.32801e-17)
(-0.346237 0.0527419 -2.02677e-17)
(-0.302756 0.168027 0)
(0.0576559 -0.0291045 0)
(0.069611 -0.0721215 0)
(0.0719555 -0.125872 -1.34572e-17)
(0.0608424 -0.186536 0)
(0.0319931 -0.247755 1.4324e-20)
(-0.0170593 -0.299604 -7.46431e-18)
(-0.0856783 -0.327842 8.19138e-18)
(-0.170676 -0.319242 -3.74686e-17)
(-0.252662 -0.267446 -1.13735e-17)
(-0.31331 -0.160142 1.36745e-16)
(-0.340078 -0.0151975 -1.91249e-16)
(-0.259611 0.113762 3.00882e-16)
(0.0394026 -0.0946307 0)
(0.0417764 -0.141622 8.73253e-18)
(0.0344153 -0.199431 -1.7415e-17)
(0.0141987 -0.263833 4.39573e-18)
(-0.0221094 -0.328427 -4.54728e-17)
(-0.0750913 -0.38288 3.36431e-17)
(-0.142517 -0.412652 -4.05516e-17)
(-0.221166 -0.404569 1.13593e-17)
(-0.28819 -0.352641 -1.0989e-16)
(-0.326117 -0.24201 -1.29938e-16)
(-0.32415 -0.0856288 -3.10408e-17)
(-0.207736 0.0567816 -3.89638e-16)
(0.0220065 -0.15342 0)
(0.0154601 -0.203362 -4.57438e-17)
(-0.000856982 -0.264435 2.98401e-17)
(-0.0294442 -0.332036 0)
(-0.0728398 -0.400309 -7.10861e-18)
(-0.129217 -0.457773 -3.57941e-17)
(-0.196307 -0.491125 -5.9236e-17)
(-0.266643 -0.486246 -3.21359e-17)
(-0.318536 -0.434317 1.90548e-16)
(-0.330418 -0.322697 1.75095e-16)
(-0.293269 -0.165522 0)
(-0.155858 -0.000327716 0)
(0.00865719 -0.213192 -2.07365e-17)
(-0.00525013 -0.263848 -3.65991e-20)
(-0.0284115 -0.326841 0)
(-0.062557 -0.396348 1.57884e-17)
(-0.109982 -0.469137 -1.47896e-17)
(-0.166331 -0.527769 -1.40059e-16)
(-0.228374 -0.573828 4.6769e-16)
(-0.294425 -0.559148 0)
(-0.312477 -0.49722 -2.39807e-16)
(-0.29706 -0.391532 -2.77285e-16)
(-0.249482 -0.237363 -4.33802e-16)
(-0.106508 -0.055344 1.69499e-15)
(0.2421 0.527194 9.04125e-17)
(0.370733 0.498184 2.72044e-17)
(0.418702 0.51765 -2.1424e-17)
(0.457857 0.517166 0)
(0.503887 0.495036 -2.38602e-17)
(0.560538 0.457273 -1.38892e-17)
(0.625596 0.404551 1.12457e-17)
(0.692865 0.336208 6.66515e-18)
(0.755307 0.254607 0)
(0.805281 0.163871 1.10272e-18)
(0.841861 0.0733736 3.3412e-18)
(0.867013 -0.0190348 2.29083e-18)
(0.274643 0.166473 1.49162e-16)
(0.282014 0.341113 -7.73607e-18)
(0.312853 0.409053 2.81546e-17)
(0.35516 0.430942 0)
(0.402208 0.420489 0)
(0.45674 0.388987 2.36429e-17)
(0.516332 0.341589 1.38048e-17)
(0.575603 0.280035 -1.12828e-17)
(0.629067 0.207618 2.24328e-18)
(0.671363 0.128292 1.00932e-17)
(0.702378 0.0485853 -1.13306e-18)
(0.724206 -0.0336377 1.1572e-18)
(0.297571 -0.00793137 -1.61119e-16)
(0.220951 0.205577 0)
(0.232734 0.312781 0)
(0.267904 0.35067 0)
(0.312547 0.35162 0)
(0.363148 0.326946 2.44545e-17)
(0.416842 0.285379 -4.49556e-17)
(0.468521 0.230636 1.15852e-17)
(0.513817 0.166762 0)
(0.548787 0.0974752 -9.1374e-18)
(0.573715 0.0274489 -4.03099e-18)
(0.590233 -0.0452692 -1.75656e-18)
(0.304671 -0.119277 1.40069e-16)
(0.172851 0.101597 4.73959e-17)
(0.167677 0.229064 -3.21301e-17)
(0.192219 0.277634 2.25805e-17)
(0.232234 0.288194 0)
(0.278148 0.270546 5.11508e-18)
(0.326095 0.23515 1.71899e-17)
(0.370932 0.187248 -1.43582e-17)
(0.408932 0.131448 2.36031e-18)
(0.43705 0.0712943 -1.17104e-18)
(0.455554 0.0102772 5.88545e-18)
(0.465568 -0.0531914 0)
(0.297785 -0.190719 -3.27208e-19)
(0.129423 0.0214213 -4.21341e-17)
(0.110611 0.15573 3.50573e-17)
(0.124505 0.211406 -5.44568e-17)
(0.159162 0.229701 2.26496e-17)
(0.200552 0.219074 1.42256e-20)
(0.243345 0.190115 -2.57842e-18)
(0.28227 0.149102 2.50148e-17)
(0.313904 0.101069 -2.45495e-18)
(0.33577 0.0494825 0)
(0.347915 -0.00289081 6.05984e-19)
(0.351028 -0.0572068 -3.0593e-18)
(0.277497 -0.234022 -1.30189e-16)
(0.0862427 -0.0424168 0)
(0.057101 0.0902183 0)
(0.0619637 0.150711 3.28171e-17)
(0.0917032 0.175286 -5.46188e-17)
(0.129428 0.171684 -2.87501e-17)
(0.167998 0.149472 2.75365e-18)
(0.202042 0.115451 -2.11926e-17)
(0.228306 0.0750162 2.58831e-18)
(0.244629 0.0316503 -1.27253e-18)
(0.250846 -0.0122762 1.902e-18)
(0.247279 -0.0575161 -6.36603e-19)
(0.243724 -0.25625 -2.69795e-16)
(0.0411051 -0.0946366 -1.24274e-16)
(0.00417048 0.0301714 1.76308e-17)
(0.00234408 0.0937928 2.19038e-17)
(0.0287863 0.123967 5.33743e-17)
(0.0639858 0.127436 6.27967e-18)
(0.0995039 0.11239 -5.97837e-18)
(0.129779 0.0855616 0)
(0.151708 0.0526769 0)
(0.163305 0.0173265 9.54875e-18)
(0.164256 -0.0182864 1.35134e-18)
(0.154647 -0.0545535 2.6899e-18)
(0.194564 -0.260138 2.91301e-16)
(-0.0060021 -0.137049 -1.04749e-19)
(-0.0501488 -0.0261871 -8.23645e-17)
(-0.0556781 0.0389866 -1.00316e-16)
(-0.0306662 0.0744133 -3.03417e-17)
(0.00346999 0.0852814 7.09561e-18)
(0.0372555 0.077973 -1.00771e-17)
(0.0649378 0.0586808 3.20761e-18)
(0.0835756 0.0334196 2.47293e-17)
(0.0913132 0.00598658 -2.56253e-17)
(0.087811 -0.0214183 2.22648e-18)
(0.0730519 -0.0488645 -3.67778e-18)
(0.134678 -0.251168 -2.95023e-16)
(-0.0550051 -0.169803 1.46204e-16)
(-0.106996 -0.0796393 1.01176e-16)
(-0.112956 -0.0149578 -2.14668e-20)
(-0.0876939 0.0252587 0)
(-0.0530331 0.04404 3.41473e-17)
(-0.0195803 0.045209 4.01303e-18)
(0.00673988 0.0339769 -7.9596e-21)
(0.0231123 0.0165726 -6.20086e-17)
(0.0278469 -0.00293079 1.41442e-17)
(0.0207731 -0.0222054 0)
(0.00190068 -0.0410031 3.41115e-18)
(0.0577857 -0.228583 8.61112e-16)
(-0.104685 -0.193121 0)
(-0.166281 -0.130109 1.71723e-17)
(-0.17065 -0.0687609 2.05131e-16)
(-0.144031 -0.0244603 1.12731e-16)
(-0.107512 0.00252747 -2.52625e-20)
(-0.0727749 0.0129788 -1.64165e-17)
(-0.0463434 0.0105155 4.62443e-17)
(-0.0311087 0.00137329 3.90235e-17)
(-0.0285554 -0.0101344 1.63561e-17)
(-0.0383219 -0.0213499 2.26886e-18)
(-0.0601795 -0.0317109 0)
(-0.0114497 -0.190407 -5.83317e-16)
(-0.15781 -0.205276 0)
(-0.225716 -0.177013 0)
(-0.230888 -0.122767 -1.85749e-16)
(-0.203892 -0.0760526 -1.79756e-16)
(-0.165232 -0.0409386 -8.44669e-17)
(-0.127034 -0.0200766 -7.87446e-17)
(-0.0981492 -0.0127097 -1.38129e-16)
(-0.0824706 -0.0131332 -8.7137e-18)
(-0.0811661 -0.0167091 -3.66549e-17)
(-0.0928143 -0.0203004 3.8758e-18)
(-0.116577 -0.0227393 0)
(-0.043284 -0.134024 -7.88238e-16)
(-0.19003 -0.209191 0)
(-0.28036 -0.215069 0)
(-0.286721 -0.17885 4.37182e-17)
(-0.266396 -0.135 -4.49222e-17)
(-0.231256 -0.0926455 4.55019e-17)
(-0.18881 -0.0575211 -5.04681e-17)
(-0.155386 -0.0376475 2.13955e-16)
(-0.138594 -0.0288729 0)
(-0.137712 -0.0247598 -1.14105e-16)
(-0.150462 -0.021416 -8.40481e-17)
(-0.175451 -0.0167818 2.24546e-17)
(0.888557 -0.10788 -3.1964e-21)
(0.912477 -0.206013 -4.90541e-18)
(0.931459 -0.310112 0)
(0.944222 -0.417456 8.0187e-18)
(0.946041 -0.521689 1.41461e-17)
(0.933435 -0.612289 6.0131e-18)
(0.904084 -0.676718 6.39996e-18)
(0.856732 -0.702027 -2.74977e-17)
(0.79042 -0.676086 0)
(0.703639 -0.58947 -2.76357e-17)
(0.574836 -0.411647 3.92001e-17)
(0.438271 -0.166162 7.99996e-17)
(0.741677 -0.115643 2.37989e-18)
(0.757631 -0.204926 0)
(0.76656 -0.297251 1.01748e-17)
(0.76736 -0.388724 0)
(0.756613 -0.471656 7.69291e-21)
(0.732638 -0.534747 2.42489e-17)
(0.694777 -0.564953 6.62495e-18)
(0.642962 -0.548458 -3.75437e-17)
(0.576638 -0.47051 0)
(0.498668 -0.317338 3.47002e-17)
(0.384812 -0.0413545 -5.6453e-17)
(0.360913 0.267656 0)
(0.600998 -0.119146 -1.19802e-18)
(0.607118 -0.198033 4.91716e-18)
(0.604491 -0.276994 -1.01358e-17)
(0.592488 -0.351171 1.3258e-17)
(0.569281 -0.412035 -5.6371e-18)
(0.535346 -0.448029 -1.5208e-17)
(0.492439 -0.446243 -4.03074e-17)
(0.443419 -0.393574 3.86845e-17)
(0.391495 -0.277774 0)
(0.347699 -0.0945686 -3.77228e-17)
(0.307308 0.145691 -2.15474e-17)
(0.330241 0.330368 0)
(0.46836 -0.117997 -6.05972e-19)
(0.464083 -0.185535 -5.56647e-18)
(0.449889 -0.25039 1.27338e-18)
(0.425768 -0.307067 -1.95432e-21)
(0.391727 -0.346785 -1.12478e-17)
(0.350592 -0.358433 0)
(0.307161 -0.330417 3.36657e-17)
(0.268055 -0.252587 -7.79445e-18)
(0.240796 -0.120343 0)
(0.241163 0.0546353 9.83172e-17)
(0.270034 0.234123 0)
(0.327014 0.352237 0)
(0.34554 -0.112395 -2.47953e-18)
(0.331212 -0.168192 0)
(0.306333 -0.21894 7.70973e-18)
(0.271636 -0.25889 -1.06541e-17)
(0.228991 -0.279588 1.90115e-20)
(0.183515 -0.271078 2.73002e-17)
(0.143074 -0.224102 -6.70044e-18)
(0.117528 -0.132695 -2.31587e-17)
(0.116836 -0.000785281 9.30747e-18)
(0.155501 0.150616 -4.7548e-17)
(0.225936 0.287321 -3.68624e-17)
(0.297444 0.363709 2.6245e-17)
(0.233899 -0.10287 2.56123e-18)
(0.210446 -0.146992 0)
(0.176196 -0.184189 -1.05088e-17)
(0.132744 -0.208827 2.70511e-18)
(0.0835995 -0.213236 -2.8618e-18)
(0.0358727 -0.189141 -3.05643e-17)
(-1.20299e-05 -0.130084 2.70201e-17)
(-0.0121413 -0.0340709 3.86135e-17)
(0.00968738 0.0887257 0)
(0.0771665 0.21558 1.18482e-17)
(0.174637 0.321791 -1.79725e-17)
(0.263414 0.35578 0)
(0.134236 -0.0901137 6.72706e-19)
(0.102896 -0.122949 -6.09583e-18)
(0.0607438 -0.147496 0)
(0.0102364 -0.158539 0)
(-0.0437973 -0.149474 0)
(-0.0927499 -0.113974 -6.25046e-18)
(-0.124357 -0.0483064 -2.06488e-17)
(-0.125748 0.0466423 -3.14326e-17)
(-0.087794 0.156875 9.41096e-18)
(-0.000405124 0.260954 3.17926e-20)
(0.116379 0.340657 -1.67914e-16)
(0.217724 0.335945 -2.27161e-16)
(0.0467268 -0.074843 2.93088e-18)
(0.00886842 -0.0969512 7.31717e-18)
(-0.0397498 -0.109898 -1.47767e-18)
(-0.0958993 -0.109091 3.00288e-18)
(-0.153783 -0.0890995 1.87799e-17)
(-0.203904 -0.0455733 2.33021e-17)
(-0.232781 0.0228557 -2.90665e-17)
(-0.227206 0.113612 7.47444e-17)
(-0.179529 0.210069 0)
(-0.079335 0.292503 0)
(0.0527529 0.346398 1.43881e-16)
(0.168119 0.302916 3.11738e-17)
(-0.0291072 -0.0576784 -3.37834e-18)
(-0.0721341 -0.069649 -1.67465e-18)
(-0.125911 -0.0720072 1.68635e-18)
(-0.186595 -0.0608972 0)
(-0.247848 -0.0320443 -5.66341e-17)
(-0.299729 0.0170226 -3.74055e-17)
(-0.327996 0.0856704 3.26868e-17)
(-0.319404 0.170713 -3.74295e-17)
(-0.26759 0.252752 1.14577e-17)
(-0.160239 0.313445 1.52191e-17)
(-0.0152202 0.340242 -2.3862e-17)
(0.113827 0.259751 3.00277e-16)
(-0.0946361 -0.0394122 -4.40756e-18)
(-0.141637 -0.0418093 0)
(-0.199476 -0.0344497 -1.74122e-17)
(-0.263899 -0.0142372 4.3949e-18)
(-0.32853 0.0220826 2.72732e-17)
(-0.383023 0.0750801 -4.74619e-18)
(-0.412826 0.142539 -2.02994e-17)
(-0.404758 0.221229 7.93437e-17)
(-0.352817 0.288302 -9.61928e-17)
(-0.242144 0.326261 6.40426e-20)
(-0.0856877 0.324308 -3.10338e-17)
(0.0568148 0.207852 0)
(-0.15342 -0.0220104 5.76467e-18)
(-0.203374 -0.0154844 -2.4791e-17)
(-0.264479 0.000839915 5.59657e-17)
(-0.332104 0.029426 0)
(-0.400417 0.0728373 -7.10686e-18)
(-0.457926 0.129234 7.18595e-18)
(-0.491315 0.196358 4.42345e-17)
(-0.486457 0.266732 -2.40745e-16)
(-0.434521 0.318669 1.52228e-16)
(-0.322863 0.33057 0)
(-0.165622 0.293411 0)
(-0.000328053 0.155952 0)
(-0.213176 -0.00866043 4.14725e-17)
(-0.26384 0.00523271 7.57274e-17)
(-0.326878 0.0284114 -1.37976e-16)
(-0.396409 0.0625579 1.57854e-17)
(-0.469243 0.11 -2.94741e-17)
(-0.527924 0.166371 -7.00981e-17)
(-0.574028 0.228444 -5.50368e-17)
(-0.559377 0.294537 3.85607e-17)
(-0.497441 0.312612 -2.09825e-16)
(-0.391717 0.297196 -3.46302e-17)
(-0.237495 0.249601 0)
(-0.0553882 0.106582 -1.69351e-15)
(0.527289 -0.242154 9.03868e-17)
(0.498257 -0.370814 2.74032e-17)
(0.517715 -0.418781 -2.13439e-17)
(0.517225 -0.457923 -2.49666e-17)
(0.495085 -0.503938 2.38528e-17)
(0.457307 -0.560574 2.30801e-17)
(0.404569 -0.62562 -2.25574e-18)
(0.336215 -0.69288 -4.43602e-18)
(0.254606 -0.755315 2.20739e-18)
(0.163869 -0.805285 0)
(0.0733776 -0.841863 0)
(-0.0190246 -0.867019 -2.78221e-21)
(0.1665 -0.274705 0)
(0.341167 -0.28208 6.67236e-20)
(0.40911 -0.312914 0)
(0.430998 -0.355208 2.05488e-17)
(0.42054 -0.402245 -4.90497e-18)
(0.389025 -0.456765 9.46113e-18)
(0.341612 -0.516348 -2.52916e-17)
(0.280046 -0.575612 2.25976e-18)
(0.20762 -0.629072 0)
(0.128293 -0.671366 -8.97069e-18)
(0.0485901 -0.70238 0)
(-0.0336254 -0.72421 2.31179e-18)
(-0.00793422 -0.297635 0)
(0.205614 -0.221006 -4.29631e-17)
(0.312831 -0.23278 5.97262e-18)
(0.350723 -0.267938 0)
(0.351671 -0.312572 2.03808e-17)
(0.326986 -0.363165 4.88414e-18)
(0.285406 -0.416853 1.65371e-17)
(0.23065 -0.468529 -1.38927e-17)
(0.166767 -0.513823 2.29132e-18)
(0.097477 -0.548793 1.8278e-17)
(0.0274553 -0.573721 4.60396e-18)
(-0.0452549 -0.59024 -1.16982e-18)
(-0.119299 -0.304735 -1.40038e-16)
(0.101619 -0.172898 0)
(0.229106 -0.167711 0)
(0.277684 -0.192243 2.82057e-17)
(0.288245 -0.232251 -2.66792e-17)
(0.270589 -0.27816 5.09333e-18)
(0.23518 -0.326104 -4.91609e-18)
(0.187264 -0.370941 9.56643e-18)
(0.131454 -0.408942 9.43036e-18)
(0.0712976 -0.43706 6.32312e-21)
(0.0102843 -0.455566 -4.70487e-18)
(-0.0531755 -0.465582 1.19206e-18)
(-0.190755 -0.297849 1.3133e-16)
(0.0214323 -0.129464 0)
(0.155764 -0.110635 7.00548e-18)
(0.211453 -0.124522 -5.44229e-17)
(0.229751 -0.159172 0)
(0.219119 -0.200562 -2.68712e-17)
(0.190147 -0.243356 2.8377e-17)
(0.149121 -0.282283 -2.25051e-17)
(0.101078 -0.313919 -7.35392e-18)
(0.0494868 -0.335787 -2.18538e-17)
(-0.00288329 -0.347935 0)
(-0.0571909 -0.351052 -2.44551e-18)
(-0.234066 -0.277559 3.24262e-17)
(-0.0424152 -0.0862767 -5.94543e-17)
(0.0902443 -0.0571176 0)
(0.150753 -0.0619733 -1.29027e-20)
(0.175334 -0.09171 0)
(0.171729 -0.129437 5.73434e-18)
(0.149505 -0.168011 -2.74612e-17)
(0.115471 -0.202059 1.85408e-17)
(0.075026 -0.228328 1.29251e-17)
(0.0316555 -0.244655 1.01891e-17)
(-0.0122691 -0.250874 -5.06813e-18)
(-0.0575013 -0.247312 1.26982e-18)
(-0.256301 -0.243782 0)
(-0.0946432 -0.0411313 1.65586e-16)
(0.0301895 -0.00417984 7.93064e-17)
(0.0938283 -0.00234787 2.18769e-17)
(0.12401 -0.0287902 0)
(0.127479 -0.063995 3.13907e-17)
(0.112424 -0.0995199 -2.99213e-18)
(0.0855824 -0.129802 -5.79583e-21)
(0.0526876 -0.151737 -1.39009e-17)
(0.017332 -0.163338 0)
(-0.0182802 -0.164292 -5.78196e-22)
(-0.0545411 -0.154689 3.99965e-26)
(-0.260193 -0.194615 -2.91291e-16)
(-0.137064 0.00598573 -2.81597e-16)
(-0.0261772 0.0501464 -7.19862e-17)
(0.0390148 0.05568 -6.68394e-17)
(0.0744518 0.0306649 0)
(0.0853218 -0.00347951 7.09126e-18)
(0.0780055 -0.0372742 -1.00713e-17)
(0.0587013 -0.0649661 6.63828e-21)
(0.0334309 -0.0836108 3.09313e-18)
(0.00599223 -0.0913528 0)
(-0.0214135 -0.0878548 5.93213e-18)
(-0.0488557 -0.073102 2.94028e-18)
(-0.251223 -0.134717 -2.11637e-19)
(-0.169827 0.0550006 1.67015e-16)
(-0.0796379 0.107001 0)
(-0.0149388 0.112963 1.00401e-17)
(0.0252897 0.087696 -7.78722e-21)
(0.0440757 0.053024 -3.4137e-17)
(0.0452387 0.0195596 2.8091e-17)
(0.0339963 -0.00677186 -3.42479e-17)
(0.0165836 -0.0231522 0)
(-0.00292547 -0.0278913 -1.41387e-17)
(-0.0222026 -0.0208209 0)
(-0.0409991 -0.00195391 -6.82068e-18)
(-0.228634 -0.057808 4.30257e-16)
(-0.193154 0.104695 -2.77456e-17)
(-0.130117 0.166295 1.71728e-16)
(-0.0687536 0.170666 9.56533e-17)
(-0.0244396 0.144039 -8.76344e-17)
(0.00255566 0.107505 4.67682e-17)
(0.0130036 0.072754 -1.09538e-17)
(0.0105326 0.0463102 3.5957e-17)
(0.00138335 0.0310666 4.88109e-18)
(-0.0101293 0.0285093 3.50296e-17)
(-0.0213494 0.0382746 -6.79313e-18)
(-0.0317107 0.060128 4.45368e-18)
(-0.190445 0.011447 0)
(-0.20532 0.157832 0)
(-0.177032 0.225743 -2.15428e-16)
(-0.122775 0.230917 0)
(-0.0760464 0.20391 2.02108e-16)
(-0.0409217 0.165233 -2.10993e-16)
(-0.0200585 0.127016 -4.92059e-17)
(-0.0126959 0.0981185 6.44085e-17)
(-0.0131238 0.0824308 0)
(-0.0167044 0.0811236 3.13336e-21)
(-0.0203015 0.0927735 4.64381e-17)
(-0.0227387 0.116535 0)
(-0.134037 0.0432821 -6.89683e-16)
(-0.209243 0.190078 -6.30208e-16)
(-0.215108 0.280416 6.44819e-17)
(-0.178878 0.286776 0)
(-0.135015 0.266439 -4.48423e-17)
(-0.0926437 0.231277 4.55236e-16)
(-0.0575087 0.188802 -5.04886e-17)
(-0.0376377 0.155367 -2.40604e-16)
(-0.0288651 0.138567 2.6337e-17)
(-0.0247558 0.137686 -1.01413e-16)
(-0.0214181 0.15044 -1.9209e-16)
(-0.0167797 0.175438 2.24512e-17)
(-0.107863 -0.888567 1.18089e-18)
(-0.205986 -0.912485 -1.22575e-18)
(-0.310077 -0.931461 1.28005e-18)
(-0.417414 -0.944214 1.0715e-17)
(-0.521643 -0.946023 1.13122e-17)
(-0.612245 -0.933412 -1.20127e-17)
(-0.676692 -0.904059 -6.37479e-18)
(-0.702036 -0.856709 -2.06105e-17)
(-0.676143 -0.7904 6.14412e-17)
(-0.589576 -0.703624 0)
(-0.411774 -0.574829 5.25618e-17)
(-0.166258 -0.438285 0)
(-0.115621 -0.741683 1.18858e-18)
(-0.204892 -0.757635 0)
(-0.297209 -0.766561 0)
(-0.388676 -0.767354 1.26488e-20)
(-0.471607 -0.756599 -1.12943e-17)
(-0.534705 -0.732619 -3.02945e-17)
(-0.564934 -0.694753 -1.98826e-17)
(-0.548475 -0.642934 0)
(-0.47057 -0.576603 -3.54194e-17)
(-0.317432 -0.498622 1.15513e-17)
(-0.0414352 -0.384757 3.74138e-17)
(0.267653 -0.360878 1.85746e-16)
(-0.119121 -0.601008 -1.19897e-18)
(-0.197994 -0.607127 1.22601e-18)
(-0.276947 -0.604498 8.8711e-18)
(-0.35112 -0.59249 -1.85738e-17)
(-0.411988 -0.569278 -1.69022e-17)
(-0.447992 -0.535338 -2.9901e-18)
(-0.446232 -0.492423 4.03457e-17)
(-0.393598 -0.443393 2.31258e-17)
(-0.277833 -0.391453 -3.76178e-17)
(-0.0946464 -0.347635 0)
(0.145639 -0.307229 -8.64312e-17)
(0.330344 -0.330183 -4.63726e-20)
(-0.117969 -0.468378 2.42759e-18)
(-0.185494 -0.464103 0)
(-0.250342 -0.449909 -1.01605e-17)
(-0.307017 -0.425786 2.64468e-18)
(-0.346744 -0.391742 1.12289e-17)
(-0.358404 -0.350603 5.15388e-17)
(-0.330415 -0.30716 -3.36684e-17)
(-0.252619 -0.26804 -3.88762e-17)
(-0.1204 -0.240758 8.51021e-17)
(0.0545679 -0.241098 -4.91383e-17)
(0.234075 -0.269956 0)
(0.352198 -0.326943 -1.07225e-16)
(-0.112367 -0.34557 -2.47843e-18)
(-0.16815 -0.331246 0)
(-0.218894 -0.306371 0)
(-0.258844 -0.271676 8.01063e-18)
(-0.279554 -0.229029 2.81646e-17)
(-0.271058 -0.18355 -2.73207e-17)
(-0.22411 -0.143094 2.68948e-17)
(-0.132734 -0.11753 -3.09102e-17)
(-0.000844217 -0.116811 -7.44728e-17)
(0.150546 -0.155447 -1.72697e-21)
(0.28726 -0.225874 7.37555e-17)
(0.363648 -0.297375 0)
(-0.102844 -0.233943 1.28021e-18)
(-0.146953 -0.210497 -5.17021e-18)
(-0.184147 -0.176256 0)
(-0.208786 -0.132807 0)
(-0.213213 -0.0836631 -2.5665e-17)
(-0.189132 -0.0359346 -2.13857e-17)
(-0.130104 -3.32529e-05 0)
(-0.0341196 0.012115 3.0875e-17)
(0.0886624 -0.00968373 2.76907e-17)
(0.215501 -0.0771286 5.91204e-17)
(0.321717 -0.174594 -1.44055e-16)
(0.355714 -0.263341 2.13901e-16)
(-0.0900919 -0.134292 -4.02433e-26)
(-0.122914 -0.102963 6.76638e-18)
(-0.147461 -0.0608239 -1.3727e-18)
(-0.158507 -0.0103226 -2.8045e-18)
(-0.149462 0.0437082 5.87862e-18)
(-0.113976 0.0926598 2.19447e-17)
(-0.0483367 0.124286 0)
(0.0465841 0.125695 0)
(0.156805 0.0877733 3.7639e-17)
(0.260865 0.000423101 0)
(0.340572 -0.116356 5.58496e-17)
(0.335876 -0.217657 -1.985e-16)
(-0.074827 -0.0467933 2.92997e-18)
(-0.0969224 -0.00894899 5.85568e-18)
(-0.109871 0.0396516 1.17899e-17)
(-0.109066 0.095792 0)
(-0.0890997 0.153672 3.11789e-18)
(-0.045586 0.203787 -9.95922e-18)
(0.0228147 0.232685 1.45572e-17)
(0.113544 0.227126 -4.98377e-17)
(0.209995 0.179481 -3.00417e-17)
(0.292404 0.0793353 0)
(0.346309 -0.0527527 1.64773e-16)
(0.302851 -0.168054 2.53612e-16)
(-0.0576674 0.0290339 -6.7556e-18)
(-0.0696298 0.0720446 -6.71349e-18)
(-0.0719858 0.125798 -1.34528e-17)
(-0.0608857 0.186473 3.41085e-18)
(-0.0320521 0.247718 -2.44499e-20)
(0.0169968 0.299591 -3.75663e-18)
(0.085621 0.327882 0)
(0.170639 0.319297 -3.29315e-20)
(0.252669 0.267524 -1.146e-17)
(0.313352 0.160216 1.36695e-16)
(0.340146 0.015204 -1.91205e-16)
(0.259706 -0.113774 -3.0035e-16)
(-0.0394038 0.0945628 4.40394e-18)
(-0.0418005 0.141545 -8.7297e-18)
(-0.0344335 0.199355 1.74096e-17)
(-0.0142442 0.263769 0)
(0.0220705 0.328388 0)
(0.0750399 0.38287 -2.88229e-17)
(0.142482 0.412696 3.04208e-17)
(0.221154 0.404631 1.36008e-16)
(0.288208 0.352737 1.09951e-16)
(0.326185 0.242093 1.87521e-17)
(0.324212 0.0856656 -3.10345e-17)
(0.207817 -0.0567892 0)
(-0.0220036 0.153355 0)
(-0.0154809 0.203287 1.52335e-17)
(0.000845352 0.264361 -2.98339e-17)
(0.029406 0.331973 7.22051e-18)
(0.0728148 0.400274 -7.15569e-18)
(0.129181 0.457765 5.7248e-17)
(0.196293 0.491175 -5.8953e-17)
(0.266652 0.486318 -1.28357e-16)
(0.318579 0.434425 -1.52244e-16)
(0.330504 0.322798 -1.99846e-16)
(0.29334 0.165581 3.60983e-16)
(0.15593 0.000344248 -7.83664e-17)
(-0.00865153 0.213134 4.14697e-17)
(0.0052338 0.263778 -7.57637e-17)
(0.0284112 0.326776 0)
(0.0625288 0.396289 -1.26698e-16)
(0.109975 0.469112 -1.17932e-16)
(0.166315 0.527767 0)
(0.22838 0.573882 2.74412e-17)
(0.294465 0.559249 -7.73333e-17)
(0.312544 0.497347 5.26642e-21)
(0.297147 0.391645 3.46363e-17)
(0.249554 0.237453 -8.67157e-16)
(0.106568 0.0553866 0)
(-0.242208 -0.527367 -9.03913e-17)
(-0.370928 -0.498305 -3.42249e-17)
(-0.418926 -0.517751 2.67783e-17)
(-0.458087 -0.517245 0)
(-0.504114 -0.49509 1.9079e-17)
(-0.560753 -0.457301 4.61984e-18)
(-0.625793 -0.404555 -1.34986e-17)
(-0.693039 -0.336194 -6.66712e-18)
(-0.755454 -0.25458 -1.10154e-17)
(-0.8054 -0.16384 0)
(-0.841955 -0.0733444 4.45829e-18)
(-0.867084 0.0190614 -1.14515e-18)
(-0.274777 -0.166523 0)
(-0.282183 -0.341185 3.87046e-17)
(-0.313037 -0.409123 -2.81453e-17)
(-0.355348 -0.431 0)
(-0.402391 -0.42053 1.47408e-17)
(-0.456909 -0.389007 4.73377e-18)
(-0.516483 -0.34159 -1.84002e-17)
(-0.575731 -0.280022 -1.66618e-20)
(-0.62917 -0.207596 0)
(-0.67144 -0.128268 0)
(-0.702431 -0.0485646 0)
(-0.724236 0.0336526 -1.15693e-18)
(-0.297719 0.00795356 0)
(-0.221096 -0.205602 2.57935e-17)
(-0.232882 -0.312821 2.98206e-17)
(-0.268048 -0.350706 0)
(-0.312684 -0.351645 -1.52678e-17)
(-0.363271 -0.326956 9.78737e-18)
(-0.416947 -0.285376 2.60086e-17)
(-0.468604 -0.230622 -4.6415e-18)
(-0.513877 -0.166743 -6.87041e-18)
(-0.548823 -0.097456 0)
(-0.57373 -0.0274358 -4.60453e-18)
(-0.590227 0.0452735 1.16994e-18)
(-0.304824 0.119348 0)
(-0.17297 -0.101583 -3.79523e-17)
(-0.167789 -0.229077 -5.13606e-17)
(-0.192322 -0.277648 0)
(-0.232326 -0.288203 -5.33731e-18)
(-0.278226 -0.270545 -1.52798e-17)
(-0.326155 -0.23514 1.96653e-17)
(-0.370971 -0.187232 9.56861e-18)
(-0.40895 -0.131429 -7.11946e-21)
(-0.437047 -0.0712787 1.17079e-18)
(-0.455532 -0.0102698 4.11454e-18)
(-0.465529 0.0531871 -5.96894e-19)
(-0.297935 0.190821 3.26701e-17)
(-0.129516 -0.0213758 -2.10781e-17)
(-0.110687 -0.155717 2.80487e-17)
(-0.124568 -0.2114 6.05242e-18)
(-0.159209 -0.229693 2.83e-17)
(-0.200585 -0.219062 -5.37755e-18)
(-0.243362 -0.190099 -3.86987e-17)
(-0.282268 -0.149083 -4.7081e-21)
(-0.313882 -0.101051 9.79889e-18)
(-0.33573 -0.049469 -1.21468e-17)
(-0.34786 0.0028941 0)
(-0.35096 0.0571964 2.44627e-18)
(-0.277636 0.234143 0)
(-0.0863074 0.0424876 -1.18851e-17)
(-0.0571417 -0.0901819 7.77915e-18)
(-0.0619849 -0.150685 0)
(-0.0917073 -0.175262 -1.8197e-17)
(-0.129418 -0.17166 -2.30126e-17)
(-0.167972 -0.149447 1.64744e-17)
(-0.201999 -0.115428 -2.64681e-18)
(-0.228246 -0.074996 2.58776e-18)
(-0.244555 -0.0316375 1.01915e-17)
(-0.250759 0.0122773 0)
(-0.247183 0.0575022 -2.54009e-18)
(-0.243845 0.25638 2.69678e-16)
(-0.0411403 0.0947276 9.66417e-17)
(-0.00417523 -0.030113 5.15558e-21)
(-0.00232466 -0.0937475 7.30191e-18)
(-0.0287487 -0.123926 2.6685e-17)
(-0.0639347 -0.127398 3.14022e-17)
(-0.099439 -0.112357 -5.97701e-18)
(-0.129698 -0.0855334 0)
(-0.151614 -0.052654 0)
(-0.163198 -0.017313 0)
(-0.16414 0.0182868 4.72324e-18)
(-0.154527 0.0545383 6.73485e-19)
(-0.19466 0.260268 -2.54843e-16)
(0.00599679 0.137155 -1.49124e-16)
(0.0501804 0.0262656 0)
(0.055737 -0.0389228 0)
(0.0307437 -0.0743569 -5.30938e-17)
(-0.00337985 -0.0852303 2.83882e-17)
(-0.0371535 -0.0779302 -3.02288e-17)
(-0.0648223 -0.0586467 -3.20392e-17)
(-0.0834488 -0.0333932 3.09405e-18)
(-0.0911769 -0.00597125 -1.50505e-18)
(-0.0876693 0.0214198 -4.44791e-18)
(-0.0729102 0.0488502 -2.94086e-18)
(-0.134743 0.251293 0)
(0.0550289 0.169917 -2.08867e-17)
(0.107064 0.0797356 1.26536e-17)
(0.113052 0.0150392 1.00659e-17)
(0.0878092 -0.0251861 3.65473e-17)
(0.0531597 -0.043975 -3.41494e-17)
(0.0197169 -0.0451561 2.4089e-17)
(-0.00659204 -0.0339361 6.08989e-17)
(-0.0229559 -0.016542 0)
(-0.0276841 0.00294946 1.76523e-18)
(-0.0206075 0.0222094 -1.73296e-18)
(-0.00173901 0.0409915 3.41066e-18)
(-0.0578109 0.228697 0)
(0.104736 0.193238 -2.77539e-17)
(0.166384 0.130221 2.64233e-20)
(0.170782 0.0688588 1.23067e-16)
(0.144182 0.0245488 -1.12701e-16)
(0.107673 -0.00244827 7.01818e-17)
(0.0729452 -0.0129148 -5.48287e-18)
(0.046522 -0.0104668 -5.13732e-17)
(0.0312926 -0.00133776 4.88248e-18)
(0.0287431 0.0101583 1.86852e-17)
(0.0385098 0.0213579 0)
(0.0603601 0.0317031 4.45606e-18)
(0.0114503 0.1905 0)
(0.157892 0.205392 0)
(0.22585 0.177137 0)
(0.231053 0.122881 -1.85682e-16)
(0.204076 0.0761571 3.81788e-16)
(0.165427 0.0410331 -1.05566e-16)
(0.127241 0.0201545 9.83374e-18)
(0.0983606 0.0127686 -9.21446e-18)
(0.082683 0.013176 0)
(0.0813791 0.0167392 -6.9231e-17)
(0.0930259 0.0203139 3.67708e-17)
(0.116778 0.022736 -9.59338e-18)
(0.0433076 0.134093 7.87907e-16)
(0.190124 0.209302 0)
(0.280524 0.215205 -6.43364e-17)
(0.286913 0.178982 3.93634e-16)
(0.266606 0.135122 -3.14174e-16)
(0.231484 0.0927636 -9.101e-17)
(0.189064 0.0576279 2.77327e-16)
(0.155636 0.0377252 -5.34488e-17)
(0.13884 0.0289285 2.63293e-17)
(0.137955 0.0248005 2.02773e-16)
(0.150702 0.0214381 -9.60144e-17)
(0.17568 0.0167853 -4.48916e-17)
(-0.888603 0.107902 -1.18091e-18)
(-0.91249 0.20602 -1.22576e-18)
(-0.931438 0.310097 1.28006e-18)
(-0.944163 0.417409 0)
(-0.945945 0.521595 -1.41319e-17)
(-0.933308 0.612138 -8.99893e-18)
(-0.903935 0.676514 3.19128e-17)
(-0.856572 0.701791 2.06122e-17)
(-0.790263 0.675851 0)
(-0.7035 0.58927 -1.47185e-19)
(-0.574733 0.411517 -5.25737e-17)
(-0.438209 0.166085 -8.00148e-17)
(-0.741682 0.115648 -2.37938e-18)
(-0.757607 0.204911 -1.22381e-18)
(-0.766505 0.29721 -8.89994e-18)
(-0.767275 0.388648 2.6571e-18)
(-0.7565 0.471533 8.4619e-18)
(-0.732506 0.534573 -3.02947e-17)
(-0.694635 0.564739 -1.99075e-17)
(-0.642819 0.54823 0)
(-0.576504 0.470307 0)
(-0.498553 0.317199 -3.47035e-17)
(-0.384733 0.041312 -1.87251e-17)
(-0.360848 -0.267642 -1.48623e-16)
(-0.60097 0.119136 5.99575e-19)
(-0.607065 0.198 5.53169e-18)
(-0.604414 0.276932 1.01346e-17)
(-0.592389 0.351075 0)
(-0.569166 0.411896 -8.45888e-18)
(-0.535225 0.447848 3.94996e-17)
(-0.49232 0.446036 -2.01199e-17)
(-0.443308 0.393372 0)
(-0.391395 0.277617 0)
(-0.34761 0.0944907 0)
(-0.307233 -0.14569 0)
(-0.330171 -0.330324 1.26588e-16)
(-0.468304 0.117976 0)
(-0.46401 0.185489 -3.71521e-18)
(-0.449799 0.250315 -1.27323e-18)
(-0.425666 0.306959 2.64284e-18)
(-0.391622 0.346641 5.62584e-18)
(-0.350493 0.358257 -2.72837e-17)
(-0.307074 0.330229 6.79377e-18)
(-0.267982 0.25242 0)
(-0.240732 0.120232 -3.77894e-17)
(-0.241098 -0.0546706 3.68339e-17)
(-0.269959 -0.234103 -5.95942e-17)
(-0.326934 -0.352181 -1.07258e-16)
(-0.34546 0.112365 1.86057e-18)
(-0.331123 0.168137 6.30017e-19)
(-0.306236 0.218857 0)
(-0.271538 0.258779 -2.65835e-18)
(-0.2289 0.279448 -1.68979e-17)
(-0.183441 0.270916 -3.04384e-18)
(-0.14302 0.22394 2.7669e-20)
(-0.117491 0.132564 -3.09101e-17)
(-0.116804 0.000713612 2.79377e-17)
(-0.155458 -0.150623 -3.56777e-17)
(-0.225871 -0.287285 7.37183e-17)
(-0.297367 -0.363639 -1.02113e-19)
(-0.233799 0.102836 -3.19968e-18)
(-0.210344 0.146933 1.93723e-18)
(-0.176097 0.184104 -1.3166e-18)
(-0.132652 0.208718 2.70496e-18)
(-0.0835248 0.213106 2.28046e-17)
(-0.0358231 0.188999 3.02505e-18)
(3.46284e-05 0.129951 2.02229e-17)
(0.0121462 0.0339738 5.40366e-17)
(-0.00968337 -0.0887667 9.24277e-18)
(-0.0771434 -0.215567 0)
(-0.174585 -0.321741 0)
(-0.263339 -0.355704 1.06796e-16)
(-0.134117 0.0900791 -2.01247e-26)
(-0.102783 0.12289 -4.06573e-18)
(-0.0606421 0.147414 -1.23276e-17)
(-0.0101516 0.158439 0)
(0.043857 0.149358 0)
(0.0927779 0.113854 -6.25039e-18)
(0.124354 0.0482008 6.91334e-18)
(0.125726 -0.0467099 -6.28573e-17)
(0.0877735 -0.156892 -4.70512e-17)
(0.000407249 -0.260924 2.44525e-17)
(-0.116344 -0.340597 1.30703e-16)
(-0.217659 -0.335866 2.27219e-16)
(-0.046591 0.07481 2.19946e-18)
(-0.00874508 0.096896 8.04977e-18)
(0.0398545 0.109823 2.21041e-17)
(0.0959788 0.109001 -2.4106e-17)
(0.153831 0.0890004 -2.19196e-17)
(0.203915 0.045477 -9.95989e-18)
(0.232757 -0.0229347 7.29988e-18)
(0.227163 -0.113654 3.32018e-17)
(0.179486 -0.210065 1.20303e-16)
(0.0793158 -0.29246 1.06048e-16)
(-0.0527357 -0.34633 2.73374e-19)
(-0.168064 -0.302839 4.32984e-19)
(0.0292587 0.0576494 -3.3779e-18)
(0.0722683 0.0696002 -6.71652e-18)
(0.12602 0.0719409 -1.34544e-17)
(0.186672 0.0608209 5.13576e-17)
(0.247888 0.0319641 2.83346e-17)
(0.299729 -0.0170962 3.75692e-18)
(0.327957 -0.0857241 -3.26652e-17)
(0.319343 -0.170732 0)
(0.267529 -0.25273 8.98048e-20)
(0.160198 -0.313391 -2.42939e-16)
(0.0152182 -0.340169 -2.15165e-16)
(-0.113785 -0.259682 3.79526e-17)
(0.0948032 0.0393885 0)
(0.141784 0.0417683 1.09007e-17)
(0.199593 0.0343942 -1.95921e-17)
(0.263977 0.0141749 -3.52642e-17)
(0.328568 -0.0221435 -3.18775e-17)
(0.383016 -0.0751321 -1.43693e-17)
(0.412779 -0.142569 1.201e-20)
(0.404684 -0.221227 -7.93533e-17)
(0.352738 -0.288263 -2.3358e-16)
(0.242082 -0.326198 1.67088e-16)
(0.0856638 -0.324235 0)
(-0.0567895 -0.207793 -7.79506e-16)
(0.153606 0.0219918 0)
(0.203537 0.0154507 -2.66985e-17)
(0.264609 -0.000886193 2.60926e-17)
(0.332188 -0.0294755 -7.22027e-18)
(0.400458 -0.0728814 1.21278e-16)
(0.457916 -0.129265 5.7341e-17)
(0.491263 -0.196367 5.89543e-17)
(0.486372 -0.266712 1.28362e-16)
(0.434428 -0.318615 1.52256e-16)
(0.322784 -0.330499 0)
(0.165572 -0.293345 0)
(0.000333722 -0.155905 6.27978e-16)
(0.213386 0.00864837 -2.07296e-17)
(0.264025 -0.00525789 1.60901e-16)
(0.327026 -0.028447 6.03551e-17)
(0.396505 -0.0625944 1.26677e-16)
(0.469291 -0.110029 -1.17813e-16)
(0.527917 -0.166384 -2.78301e-17)
(0.573975 -0.228438 2.76034e-17)
(0.559284 -0.294498 -3.85963e-17)
(0.49734 -0.312554 3.00163e-17)
(0.391631 -0.297134 0)
(0.23743 -0.249546 0)
(0.0553678 -0.106547 1.69442e-15)
(-0.527211 0.242148 0)
(-0.49821 0.370769 -3.40264e-17)
(-0.517677 0.41875 5.36278e-18)
(-0.517185 0.457917 0)
(-0.495047 0.503959 0)
(-0.457279 0.560621 4.62152e-18)
(-0.404556 0.625687 6.739e-18)
(-0.336216 0.69296 -2.22091e-18)
(-0.25462 0.755403 8.81106e-18)
(-0.16389 0.805374 0)
(-0.0733979 0.841948 4.46023e-18)
(0.0190112 0.867094 1.14843e-18)
(-0.16647 0.274681 0)
(-0.341124 0.282038 0)
(-0.409066 0.312887 -2.25536e-17)
(-0.430949 0.355208 0)
(-0.420488 0.402267 -4.90784e-18)
(-0.388982 0.456809 9.46645e-18)
(-0.341585 0.516408 -2.30077e-17)
(-0.280036 0.575681 -2.25707e-18)
(-0.207627 0.629146 2.24356e-18)
(-0.128311 0.671437 8.97532e-18)
(-0.0486132 0.702446 0)
(0.0336058 0.724266 -1.15551e-18)
(0.00794295 0.297602 0)
(-0.205578 0.220968 -8.57896e-18)
(-0.312781 0.23276 3.5759e-17)
(-0.350665 0.26794 -5.34275e-18)
(-0.351608 0.312592 0)
(-0.326929 0.363202 -1.4683e-17)
(-0.285365 0.4169 3.31244e-17)
(-0.230629 0.468581 0)
(-0.166767 0.513876 0)
(-0.0974935 0.548841 -7.99748e-18)
(-0.0274802 0.573763 3.45376e-18)
(0.04523 0.590273 1.17168e-18)
(0.119292 0.304697 0)
(-0.101591 0.172864 0)
(-0.229057 0.167697 -2.57008e-17)
(-0.27762 0.192245 5.64234e-18)
(-0.288172 0.232267 -5.34298e-18)
(-0.270519 0.278186 4.58904e-17)
(-0.235126 0.326134 -4.9015e-18)
(-0.187234 0.370971 1.19718e-17)
(-0.131448 0.408969 -1.17964e-17)
(-0.0713115 0.437082 9.3858e-18)
(-0.0103105 0.455581 -4.70763e-18)
(0.0531471 0.465588 -1.19201e-18)
(0.190734 0.297809 0)
(-0.0214121 0.129434 4.21084e-17)
(-0.155718 0.110625 2.8051e-17)
(-0.211385 0.124522 0)
(-0.229671 0.159182 -1.69935e-17)
(-0.219039 0.200574 -3.22556e-17)
(-0.190083 0.243365 -3.35483e-17)
(-0.149081 0.282288 7.50969e-18)
(-0.101064 0.313918 9.80805e-18)
(-0.0494978 0.335779 -9.71524e-18)
(0.00285645 0.347923 0)
(0.0571602 0.351027 0)
(0.234036 0.27752 0)
(0.0424274 0.0862518 -4.75836e-17)
(-0.0902036 0.0571116 7.77606e-18)
(-0.150686 0.0619729 -6.56954e-18)
(-0.17525 0.0917117 2.42719e-17)
(-0.171642 0.129434 5.74925e-18)
(-0.149432 0.167999 1.64806e-17)
(-0.115422 0.202037 -4.50564e-17)
(-0.0750059 0.228297 2.58869e-18)
(-0.031663 0.244616 -1.27275e-18)
(0.0122419 0.250834 1.26957e-18)
(0.05747 0.247259 0)
(0.256263 0.243747 0)
(0.0946473 0.041113 -1.10484e-16)
(-0.0301563 0.00417781 0)
(-0.0937664 0.00234653 -2.92121e-17)
(-0.123928 0.0287837 2.00258e-17)
(-0.127389 0.0639766 3.77096e-17)
(-0.112345 0.0994862 -2.99427e-18)
(-0.0855271 0.129752 2.00624e-17)
(-0.0526614 0.151677 0)
(-0.0173357 0.16327 -1.36202e-18)
(0.0182536 0.164226 1.35163e-18)
(0.0545113 0.154611 0)
(0.26015 0.194588 0)
(0.137059 -0.00599542 -1.66774e-17)
(0.0262011 -0.0501441 1.02975e-17)
(-0.0389617 -0.0556813 -3.34601e-17)
(-0.0743741 -0.0306781 -6.06994e-17)
(-0.0852326 0.00344758 -2.13056e-17)
(-0.0779237 0.0372207 -6.7226e-18)
(-0.0586416 0.0648916 -2.88423e-17)
(-0.0333995 0.0835232 3.0951e-18)
(-0.00599161 0.0912588 -1.35678e-17)
(0.0213887 0.087766 1.48615e-18)
(0.0488294 0.0730048 0)
(0.251178 0.134703 -3.37061e-16)
(0.169811 -0.0549991 1.67161e-16)
(0.0796507 -0.106994 -8.8591e-17)
(0.0149797 -0.112962 -1.00998e-17)
(-0.025222 -0.0877134 3.65695e-17)
(-0.0439921 -0.0530663 8.53242e-18)
(-0.0451585 -0.01963 -8.04029e-18)
(-0.033935 0.00667568 6.36029e-22)
(-0.0165484 0.023041 0)
(0.00293106 0.0277747 1.41464e-17)
(0.0221816 0.0207147 0)
(0.040977 0.00184667 0)
(0.228592 0.0578107 4.30345e-16)
(0.193127 -0.104679 -2.50216e-16)
(0.130118 -0.166281 1.54654e-16)
(0.0687796 -0.170659 1.09417e-16)
(0.0244927 -0.144056 1.25228e-17)
(-0.00248238 -0.107554 4.67885e-17)
(-0.0129291 -0.072838 -4.92528e-17)
(-0.0104724 -0.0464247 3.08353e-17)
(-0.00134576 -0.0311978 4.88392e-18)
(0.0101408 -0.0286447 1.86911e-17)
(0.0213339 -0.0383924 -9.06557e-18)
(0.0316935 -0.0602354 0)
(0.190421 -0.0114447 0)
(0.205279 -0.157802 3.10131e-16)
(0.17702 -0.225719 -2.42633e-16)
(0.122783 -0.230899 4.64475e-17)
(0.0760814 -0.203922 -4.49374e-17)
(0.0409805 -0.165282 -8.44479e-17)
(0.0201251 -0.127111 1.08316e-16)
(0.0127538 -0.0982496 -9.21695e-18)
(0.0131631 -0.0825804 0)
(0.016721 -0.0812758 -3.25897e-17)
(0.0202912 -0.0928988 4.64544e-17)
(0.0227257 -0.116638 0)
(0.13404 -0.0432871 -7.88197e-16)
(0.209196 -0.190033 5.04356e-16)
(0.215082 -0.280374 5.15322e-16)
(0.178868 -0.28674 0)
(0.135026 -0.266431 -3.5914e-16)
(0.0926863 -0.231314 -3.18735e-16)
(0.0575744 -0.188907 1.51315e-16)
(0.0376975 -0.155514 -2.67106e-17)
(0.0289086 -0.138734 2.63388e-17)
(0.0247805 -0.137856 0)
(0.0214137 -0.150567 1.27931e-20)
(0.016768 -0.175524 2.24557e-17)
)
;

boundaryField
{
    rotor
    {
        type            noSlip;
    }
    stator
    {
        type            noSlip;
    }
    front
    {
        type            empty;
    }
    back
    {
        type            empty;
    }
}


// ************************************************************************* //
