/*--------------------------------*- C++ -*----------------------------------*\
| =========                 |                                                 |
| \\      /  F ield         | OpenFOAM: The Open Source CFD Toolbox           |
|  \\    /   O peration     | Version:  4.0                                   |
|   \\  /    A nd           | Web:      www.OpenFOAM.org                      |
|    \\/     M anipulation  |                                                 |
\*---------------------------------------------------------------------------*/
FoamFile
{
    version     2.0;
    format      ascii;
    class       surfaceScalarField;
    location    "150";
    object      phi;
}
// * * * * * * * * * * * * * * * * * * * * * * * * * * * * * * * * * * * * * //

dimensions      [0 3 -1 0 0 0 0];

internalField   nonuniform List<scalar> 
5952
(
7.20959e-06
-7.29397e-06
1.24537e-05
-5.24642e-06
1.51756e-05
-2.72074e-06
1.34934e-05
1.68383e-06
5.808e-06
7.6855e-06
-1.0616e-05
1.64257e-05
-3.51728e-05
2.45563e-05
-5.60748e-05
2.09027e-05
-7.29296e-05
1.68544e-05
-8.61523e-05
1.32227e-05
-9.62631e-05
1.01106e-05
7.02699e-06
-0.00010329
3.6045e-06
-1.09011e-05
3.03517e-06
-4.67897e-06
-3.56001e-06
3.87353e-06
-1.80992e-05
1.62232e-05
-3.74892e-05
2.70755e-05
-5.29643e-05
3.19014e-05
-6.01112e-05
3.17033e-05
-6.63899e-05
2.71817e-05
-7.23169e-05
2.27815e-05
-7.74739e-05
1.83798e-05
-8.13013e-05
1.3938e-05
9.81949e-06
-8.4094e-05
-1.57745e-06
-9.32562e-06
-7.69573e-06
1.43756e-06
-1.96063e-05
1.57833e-05
-3.28641e-05
2.94809e-05
-4.25335e-05
3.67449e-05
-4.83688e-05
3.7737e-05
-5.20123e-05
3.5347e-05
-5.56053e-05
3.0775e-05
-5.86499e-05
2.58262e-05
-6.11571e-05
2.0887e-05
-6.32724e-05
1.60532e-05
1.15189e-05
-6.4972e-05
-5.85027e-06
-3.4772e-06
-1.42022e-05
9.78817e-06
-2.2981e-05
2.45614e-05
-3.02132e-05
3.67131e-05
-3.50604e-05
4.15921e-05
-3.82934e-05
4.09704e-05
-4.03173e-05
3.73711e-05
-4.20035e-05
3.24616e-05
-4.3638e-05
2.74609e-05
-4.52452e-05
2.24943e-05
-4.67756e-05
1.75838e-05
1.28059e-05
-4.80625e-05
-6.63337e-06
3.15212e-06
-1.29098e-05
1.60633e-05
-1.82595e-05
2.99105e-05
-2.22465e-05
4.07e-05
-2.45828e-05
4.39285e-05
-2.57548e-05
4.21428e-05
-2.65152e-05
3.81317e-05
-2.74463e-05
3.33931e-05
-2.85284e-05
2.85432e-05
-2.97005e-05
2.36668e-05
-3.08869e-05
1.87703e-05
1.38723e-05
-3.1953e-05
-5.25911e-06
8.40712e-06
-9.38775e-06
2.01898e-05
-1.19669e-05
3.24883e-05
-1.3037e-05
4.17692e-05
-1.30945e-05
4.39856e-05
-1.28168e-05
4.18644e-05
-1.27721e-05
3.80868e-05
-1.3113e-05
3.37336e-05
-1.37734e-05
2.92037e-05
-1.46537e-05
2.45468e-05
-1.56394e-05
1.9756e-05
1.48295e-05
-1.65969e-05
-3.43946e-06
1.18395e-05
-5.46591e-06
2.2213e-05
-5.45301e-06
3.24733e-05
-3.87126e-06
4.01861e-05
-1.82544e-06
4.1938e-05
-2.34357e-07
4.02724e-05
6.61193e-07
3.71899e-05
8.9021e-07
3.3504e-05
5.99596e-07
2.94933e-05
-5.03592e-08
2.51963e-05
-9.03864e-07
2.06087e-05
1.57345e-05
-1.80938e-06
-2.6359e-06
1.44722e-05
-2.7335e-06
2.23087e-05
-1.01574e-07
2.98397e-05
4.3443e-06
3.57387e-05
8.54716e-06
3.77338e-05
1.16249e-05
3.71935e-05
1.3498e-05
3.5316e-05
1.43525e-05
3.26487e-05
1.44394e-05
2.94059e-05
1.3999e-05
2.56362e-05
1.32453e-05
2.13619e-05
1.66141e-05
1.23653e-05
-2.89171e-06
1.73619e-05
-1.73908e-06
2.11551e-05
3.68193e-06
2.44179e-05
1.08968e-05
2.8523e-05
1.74373e-05
3.11924e-05
2.22825e-05
3.23476e-05
2.53727e-05
3.22252e-05
2.70056e-05
3.10153e-05
2.75455e-05
2.88656e-05
2.73407e-05
2.58407e-05
2.66899e-05
2.20125e-05
1.74655e-05
2.58382e-05
-5.79479e-06
2.31581e-05
-1.019e-06
1.63794e-05
8.03642e-06
1.53625e-05
1.74679e-05
1.90911e-05
2.57483e-05
2.29115e-05
3.20616e-05
2.60335e-05
3.62999e-05
2.79865e-05
3.87303e-05
2.85845e-05
3.97671e-05
2.78287e-05
3.98361e-05
2.57714e-05
3.93079e-05
2.25406e-05
1.82727e-05
3.85006e-05
-1.41475e-07
2.33022e-05
1.00686e-05
6.17045e-06
2.06623e-05
4.76902e-06
2.98878e-05
9.86543e-06
3.75462e-05
1.52527e-05
4.34851e-05
2.0094e-05
4.76704e-05
2.38006e-05
5.0232e-05
2.60224e-05
5.14206e-05
2.66396e-05
5.15932e-05
2.55984e-05
5.11085e-05
2.3025e-05
1.90681e-05
5.03126e-05
3.34149e-05
-1.01122e-05
4.40961e-05
-4.50998e-06
4.94564e-05
-5.91139e-07
5.38623e-05
5.45941e-06
5.73632e-05
1.17513e-05
6.00616e-05
1.73952e-05
6.20004e-05
2.18612e-05
6.31428e-05
2.48797e-05
6.3478e-05
2.63041e-05
6.31494e-05
2.59267e-05
6.2353e-05
2.38211e-05
6.13723e-05
2.00485e-05
-0.000107669
4.37824e-06
-0.000109407
1.73747e-06
-0.0001088
-6.06707e-07
-0.00010592
-2.88091e-06
-0.000100819
-5.10112e-06
-9.3277e-05
-7.54267e-06
-8.32136e-05
-1.00638e-05
-7.03741e-05
-1.28401e-05
-5.45884e-05
-1.57862e-05
-3.58421e-05
-1.8747e-05
-1.56422e-05
-2.02013e-05
-1.56427e-05
-8.57157e-05
5.99982e-06
-8.6372e-05
2.3934e-06
-8.5934e-05
-1.04492e-06
-8.43248e-05
-4.49074e-06
-8.12948e-05
-8.13145e-06
-7.68008e-05
-1.20374e-05
-7.05969e-05
-1.62683e-05
-6.2497e-05
-2.09407e-05
-5.21181e-05
-2.61656e-05
-3.89768e-05
-3.18889e-05
-2.26478e-05
-3.65313e-05
-3.82908e-05
-6.61597e-05
7.18754e-06
-6.6722e-05
2.95525e-06
-6.6465e-05
-1.30201e-06
-6.52274e-05
-5.72896e-06
-6.29316e-05
-1.04276e-05
-5.94878e-05
-1.54819e-05
-5.47519e-05
-2.10048e-05
-4.85819e-05
-2.71113e-05
-4.08166e-05
-3.39315e-05
-3.10589e-05
-4.16472e-05
-1.80971e-05
-4.94937e-05
-5.63879e-05
-4.89707e-05
8.09578e-06
-4.93723e-05
3.35684e-06
-4.91631e-05
-1.51132e-06
-4.82589e-05
-6.63335e-06
-4.65951e-05
-1.20916e-05
-4.41316e-05
-1.79459e-05
-4.07744e-05
-2.43624e-05
-3.64322e-05
-3.14542e-05
-3.09552e-05
-3.94087e-05
-2.41684e-05
-4.84342e-05
-1.47719e-05
-5.88903e-05
-7.11601e-05
-3.27755e-05
8.91837e-06
-3.32537e-05
3.83513e-06
-3.33085e-05
-1.45656e-06
-3.28738e-05
-7.06818e-06
-3.19234e-05
-1.30422e-05
-3.04234e-05
-1.94463e-05
-2.83172e-05
-2.6469e-05
-2.55329e-05
-3.42386e-05
-2.19517e-05
-4.29902e-05
-1.71991e-05
-5.31874e-05
-1.05114e-05
-6.5579e-05
-8.16719e-05
-1.74116e-05
9.73304e-06
-1.79986e-05
4.42178e-06
-1.82946e-05
-1.16093e-06
-1.82963e-05
-7.06704e-06
-1.80011e-05
-1.3338e-05
-1.73584e-05
-2.00898e-05
-1.63587e-05
-2.74694e-05
-1.49733e-05
-3.56249e-05
-1.31463e-05
-4.48188e-05
-1.08025e-05
-5.55323e-05
-7.16936e-06
-6.92134e-05
-8.88425e-05
-2.64875e-06
1.05717e-05
-3.34943e-06
5.1218e-06
-3.88317e-06
-6.27999e-07
-4.25911e-06
-6.6921e-06
-4.48186e-06
-1.31164e-05
-4.56091e-06
-2.00118e-05
-4.517e-06
-2.75147e-05
-4.38104e-06
-3.57624e-05
-4.19092e-06
-4.50094e-05
-3.94399e-06
-5.57815e-05
-3.24721e-06
-6.99126e-05
-9.20902e-05
1.14971e-05
1.14396e-05
1.07079e-05
5.91042e-06
1.0014e-05
6.52249e-08
9.39139e-06
-6.07047e-06
8.80281e-06
-1.25288e-05
8.19934e-06
-1.94096e-05
7.51306e-06
-2.68294e-05
6.62665e-06
-3.48767e-05
5.38362e-06
-4.37685e-05
3.60743e-06
-5.40059e-05
1.11947e-06
-6.74255e-05
-9.09718e-05
2.49655e-05
1.2312e-05
2.41463e-05
6.72914e-06
2.33955e-05
8.15251e-07
2.2679e-05
-5.35487e-06
2.19385e-05
-1.17893e-05
2.10945e-05
-1.85666e-05
2.00248e-05
-2.57604e-05
1.84936e-05
-3.33465e-05
1.61677e-05
-4.14422e-05
1.25771e-05
-5.04164e-05
7.27553e-06
-6.21254e-05
-8.36964e-05
3.76628e-05
1.31496e-05
3.68828e-05
7.50875e-06
3.61887e-05
1.50851e-06
3.55525e-05
-4.71932e-06
3.49171e-05
-1.11548e-05
3.41911e-05
-1.78412e-05
3.32029e-05
-2.47727e-05
3.15525e-05
-3.16959e-05
2.86663e-05
-3.85566e-05
2.37076e-05
-4.54578e-05
1.52891e-05
-5.37068e-05
-6.84075e-05
4.95295e-05
1.39319e-05
4.88453e-05
8.19215e-06
4.83208e-05
2.03192e-06
4.79536e-05
-4.35321e-06
4.77178e-05
-1.092e-05
4.7535e-05
-1.7659e-05
4.72029e-05
-2.44411e-05
4.61134e-05
-3.06067e-05
4.34839e-05
-3.5927e-05
3.80572e-05
-4.00309e-05
2.64107e-05
-4.20605e-05
-4.19966e-05
6.05687e-05
1.4735e-05
6.00212e-05
8.73893e-06
5.97751e-05
2.27717e-06
5.9901e-05
-4.48008e-06
6.04133e-05
-1.14327e-05
6.12461e-05
-1.84923e-05
6.21584e-05
-2.53536e-05
6.23162e-05
-3.07645e-05
6.10122e-05
-3.46229e-05
5.66181e-05
-3.56369e-05
4.40779e-05
-2.952e-05
2.08127e-06
7.2741e-06
-7.27656e-06
1.2472e-05
-5.19967e-06
1.51941e-05
-2.72602e-06
1.35423e-05
1.64972e-06
5.91408e-06
7.6248e-06
-1.03586e-05
1.62722e-05
-3.48631e-05
2.45029e-05
-5.58115e-05
2.09486e-05
-7.26805e-05
1.68683e-05
-8.59309e-05
1.32504e-05
-9.60615e-05
1.01303e-05
7.05232e-06
-0.000103114
3.59277e-06
-1.08722e-05
3.08505e-06
-4.69388e-06
-3.43565e-06
3.79197e-06
-1.78745e-05
1.60875e-05
-3.72284e-05
2.69778e-05
-5.27961e-05
3.18397e-05
-5.99881e-05
3.16945e-05
-6.6246e-05
2.72065e-05
-7.2173e-05
2.2795e-05
-7.73312e-05
1.84084e-05
-8.11683e-05
1.39672e-05
9.85332e-06
-8.39694e-05
-1.52522e-06
-9.34781e-06
-7.56964e-06
1.34949e-06
-1.9435e-05
1.56564e-05
-3.27006e-05
2.93528e-05
-4.23973e-05
3.66742e-05
-4.82696e-05
3.7712e-05
-5.19168e-05
3.53415e-05
-5.54927e-05
3.07825e-05
-5.85389e-05
2.58411e-05
-6.10444e-05
2.0914e-05
-6.31618e-05
1.60846e-05
1.15555e-05
-6.48641e-05
-5.80301e-06
-3.54621e-06
-1.41302e-05
9.6758e-06
-2.29026e-05
2.44283e-05
-3.01422e-05
3.65925e-05
-3.49905e-05
4.15225e-05
-3.82168e-05
4.09386e-05
-4.02368e-05
3.73616e-05
-4.1916e-05
3.24619e-05
-4.35454e-05
2.74705e-05
-4.51465e-05
2.25153e-05
-4.66757e-05
1.76138e-05
1.28444e-05
-4.79644e-05
-6.61512e-06
3.06541e-06
-1.28933e-05
1.59521e-05
-1.82411e-05
2.97757e-05
-2.22203e-05
4.05711e-05
-2.45467e-05
4.38495e-05
-2.57078e-05
4.20995e-05
-2.64542e-05
3.81088e-05
-2.73754e-05
3.33828e-05
-2.84497e-05
2.85454e-05
-2.96167e-05
2.36821e-05
-3.0801e-05
1.87985e-05
1.39119e-05
-3.18687e-05
-5.26371e-06
8.31992e-06
-9.38969e-06
2.00762e-05
-1.19763e-05
3.23591e-05
-1.30427e-05
4.16377e-05
-1.30895e-05
4.38948e-05
-1.27944e-05
4.18049e-05
-1.27349e-05
3.8048e-05
-1.30633e-05
3.37116e-05
-1.37156e-05
2.91967e-05
-1.45896e-05
2.45563e-05
-1.5573e-05
1.97811e-05
1.48696e-05
-1.65308e-05
-3.46448e-06
1.17809e-05
-5.50567e-06
2.2113e-05
-5.48969e-06
3.23425e-05
-3.90689e-06
4.00528e-05
-1.84747e-06
4.18341e-05
-2.40511e-07
4.01962e-05
6.70949e-07
3.71357e-05
9.1246e-07
3.34687e-05
6.31723e-07
2.94767e-05
-1.17966e-08
2.51987e-05
-8.61506e-07
2.063e-05
1.57735e-05
-1.76648e-06
-2.67522e-06
1.44515e-05
-2.79363e-06
2.22307e-05
-1.69975e-07
2.97161e-05
4.27691e-06
3.56042e-05
8.49239e-06
3.76172e-05
1.15866e-05
3.71006e-05
1.34752e-05
3.5246e-05
1.4343e-05
3.26e-05
1.44404e-05
2.93785e-05
1.40077e-05
2.56306e-05
1.32591e-05
2.13779e-05
1.66507e-05
1.23812e-05
-2.92243e-06
1.73729e-05
-1.79392e-06
2.10998e-05
3.60649e-06
2.43154e-05
1.08103e-05
2.83993e-05
1.73543e-05
3.10722e-05
2.22114e-05
3.22426e-05
2.53154e-05
3.21411e-05
2.69612e-05
3.09535e-05
2.75122e-05
2.88268e-05
2.73164e-05
2.58258e-05
2.66721e-05
2.20216e-05
1.74978e-05
2.58243e-05
-5.79502e-06
2.31672e-05
-1.03777e-06
1.63432e-05
7.98554e-06
1.52911e-05
1.73921e-05
1.89924e-05
2.56607e-05
2.2803e-05
3.19734e-05
2.59292e-05
3.62177e-05
2.78961e-05
3.86568e-05
2.85137e-05
3.97026e-05
2.77804e-05
3.97803e-05
2.57477e-05
3.92593e-05
2.25423e-05
1.82997e-05
3.84569e-05
-1.30198e-07
2.32976e-05
1.00663e-05
6.14597e-06
2.06365e-05
4.72132e-06
2.98386e-05
9.79019e-06
3.74783e-05
1.5163e-05
4.34045e-05
2.00025e-05
4.75838e-05
2.37161e-05
5.01449e-05
2.59519e-05
5.13364e-05
2.65882e-05
5.15135e-05
2.557e-05
5.10341e-05
2.3021e-05
1.90902e-05
5.02427e-05
3.34172e-05
-1.01198e-05
4.40963e-05
-4.53279e-06
4.9448e-05
-6.30462e-07
5.38369e-05
5.40123e-06
5.73189e-05
1.16809e-05
5.99998e-05
1.73212e-05
6.19249e-05
2.17906e-05
6.30577e-05
2.48185e-05
6.33876e-05
2.62578e-05
6.30573e-05
2.58998e-05
6.22618e-05
2.38158e-05
6.12829e-05
2.00685e-05
-0.000107515
4.40098e-06
-0.000109277
1.76165e-06
-0.000108691
-5.86276e-07
-0.00010583
-2.86094e-06
-0.000100748
-5.08215e-06
-9.32234e-05
-7.52556e-06
-8.31752e-05
-1.00484e-05
-7.03482e-05
-1.28274e-05
-5.45724e-05
-1.5776e-05
-3.58331e-05
-1.87396e-05
-1.56383e-05
-2.01952e-05
-1.56384e-05
-8.56027e-05
6.0342e-06
-8.62697e-05
2.42837e-06
-8.58452e-05
-1.01089e-06
-8.42505e-05
-4.45612e-06
-8.12348e-05
-8.09807e-06
-7.67546e-05
-1.20062e-05
-7.05635e-05
-1.62399e-05
-6.2475e-05
-2.09162e-05
-5.21052e-05
-2.61459e-05
-3.89703e-05
-3.18746e-05
-2.26458e-05
-3.65201e-05
-3.82843e-05
-6.60579e-05
7.22793e-06
-6.66285e-05
2.99882e-06
-6.63834e-05
-1.25607e-06
-6.5158e-05
-5.68184e-06
-6.28751e-05
-1.03811e-05
-5.94439e-05
-1.54378e-05
-5.47198e-05
-2.09642e-05
-4.85609e-05
-2.70754e-05
-4.08054e-05
-3.39017e-05
-3.10549e-05
-4.16253e-05
-1.8096e-05
-4.94792e-05
-5.63802e-05
-4.88778e-05
8.14138e-06
-4.92876e-05
3.40858e-06
-4.90887e-05
-1.45488e-06
-4.8196e-05
-6.57477e-06
-4.65444e-05
-1.20327e-05
-4.40928e-05
-1.78896e-05
-4.07468e-05
-2.43104e-05
-3.64145e-05
-3.1408e-05
-3.09461e-05
-3.93702e-05
-2.41661e-05
-4.84054e-05
-1.47729e-05
-5.88721e-05
-7.11536e-05
-3.26957e-05
8.96851e-06
-3.31812e-05
3.89407e-06
-3.32454e-05
-1.39094e-06
-3.28211e-05
-6.99911e-06
-3.18819e-05
-1.29723e-05
-3.03929e-05
-1.93788e-05
-2.82969e-05
-2.6407e-05
-2.55212e-05
-3.41839e-05
-2.19469e-05
-4.2945e-05
-1.71989e-05
-5.31532e-05
-1.05121e-05
-6.55608e-05
-8.16659e-05
-1.73491e-05
9.78626e-06
-1.7942e-05
4.48626e-06
-1.82457e-05
-1.08759e-06
-1.82571e-05
-6.98891e-06
-1.79714e-05
-1.32585e-05
-1.73384e-05
-2.00132e-05
-1.63471e-05
-2.73989e-05
-1.49687e-05
-3.55633e-05
-1.31464e-05
-4.4768e-05
-1.08072e-05
-5.54955e-05
-7.17144e-06
-6.91967e-05
-8.88395e-05
-2.60789e-06
1.06267e-05
-3.31274e-06
5.1901e-06
-3.85254e-06
-5.49127e-07
-4.2357e-06
-6.60697e-06
-4.46617e-06
-1.30297e-05
-4.55244e-06
-1.99283e-05
-4.51461e-06
-2.74382e-05
-4.3828e-06
-3.56965e-05
-4.1958e-06
-4.49572e-05
-3.9476e-06
-5.57438e-05
-3.25391e-06
-6.98954e-05
-9.20937e-05
1.15126e-05
1.14944e-05
1.07216e-05
5.98032e-06
1.0024e-05
1.47251e-07
9.39672e-06
-5.98084e-06
8.80304e-06
-1.24373e-05
8.19533e-06
-1.93218e-05
7.50585e-06
-2.67499e-05
6.61784e-06
-3.48095e-05
5.37585e-06
-4.37156e-05
3.59985e-06
-5.3971e-05
1.11458e-06
-6.74097e-05
-9.09802e-05
2.49532e-05
1.23648e-05
2.41348e-05
6.79792e-06
2.33833e-05
8.97722e-07
2.2665e-05
-5.26358e-06
2.19226e-05
-1.1696e-05
2.10776e-05
-1.84776e-05
2.0008e-05
-2.5681e-05
1.84789e-05
-3.32808e-05
1.61555e-05
-4.13929e-05
1.25692e-05
-5.03835e-05
7.27018e-06
-6.21122e-05
-8.37098e-05
3.76223e-05
1.31988e-05
3.68457e-05
7.57359e-06
3.6154e-05
1.58869e-06
3.5519e-05
-4.6295e-06
3.48855e-05
-1.1063e-05
3.41621e-05
-1.77547e-05
3.31775e-05
-2.46966e-05
3.15323e-05
-3.16356e-05
2.86527e-05
-3.85126e-05
2.36987e-05
-4.54298e-05
1.52833e-05
-5.36961e-05
-6.84252e-05
4.94633e-05
1.39772e-05
4.87851e-05
8.25067e-06
4.82651e-05
2.10762e-06
4.79022e-05
-4.26758e-06
4.76718e-05
-1.08333e-05
4.74957e-05
-1.7579e-05
4.71708e-05
-2.43719e-05
4.60903e-05
-3.05549e-05
4.34693e-05
-3.58914e-05
3.80493e-05
-4.0009e-05
2.64072e-05
-4.2052e-05
-4.20177e-05
6.04835e-05
1.47757e-05
5.99422e-05
8.79118e-06
5.9702e-05
2.34693e-06
5.98352e-05
-4.40127e-06
6.03564e-05
-1.13548e-05
6.11999e-05
-1.84227e-05
6.21228e-05
-2.52948e-05
6.22928e-05
-3.07247e-05
6.09973e-05
-3.45954e-05
5.66114e-05
-3.56221e-05
4.4078e-05
-2.95187e-05
2.06214e-06
7.28197e-06
-7.28333e-06
1.24823e-05
-5.20015e-06
1.51958e-05
-2.71532e-06
1.35231e-05
1.6745e-06
5.84073e-06
7.68045e-06
-1.05469e-05
1.63895e-05
-3.51039e-05
2.45557e-05
-5.60393e-05
2.09364e-05
-7.29166e-05
1.68764e-05
-8.61618e-05
1.32454e-05
-9.62909e-05
1.01284e-05
7.04346e-06
-0.000103335
3.59328e-06
-1.08779e-05
3.06853e-06
-4.67586e-06
-3.48947e-06
3.84174e-06
-1.79988e-05
1.61841e-05
-3.73903e-05
2.70717e-05
-5.29168e-05
3.19164e-05
-6.00991e-05
3.17379e-05
-6.63847e-05
2.72224e-05
-7.23238e-05
2.28153e-05
-7.74915e-05
1.84131e-05
-8.13308e-05
1.39673e-05
9.84519e-06
-8.41329e-05
-1.5287e-06
-9.35004e-06
-7.60132e-06
1.39623e-06
-1.95043e-05
1.57441e-05
-3.27924e-05
2.94724e-05
-4.24881e-05
3.67672e-05
-4.83515e-05
3.77801e-05
-5.2009e-05
3.53953e-05
-5.56068e-05
3.08205e-05
-5.86604e-05
2.58686e-05
-6.11746e-05
2.09272e-05
-6.32971e-05
1.60895e-05
1.15507e-05
-6.50029e-05
-5.81025e-06
-3.54072e-06
-1.41505e-05
9.7361e-06
-2.29387e-05
2.45319e-05
-3.0185e-05
3.67188e-05
-3.50423e-05
4.16244e-05
-3.82808e-05
4.10186e-05
-4.03101e-05
3.74243e-05
-4.20014e-05
3.25117e-05
-4.36417e-05
2.75085e-05
-4.52539e-05
2.25393e-05
-4.67897e-05
1.7625e-05
1.28429e-05
-4.80821e-05
-6.61712e-06
3.07461e-06
-1.28949e-05
1.60134e-05
-1.82479e-05
2.98844e-05
-2.22359e-05
4.07067e-05
-2.45744e-05
4.39624e-05
-2.57469e-05
4.21908e-05
-2.65069e-05
3.81838e-05
-2.74402e-05
3.34444e-05
-2.85252e-05
2.8593e-05
-2.97009e-05
2.37146e-05
-3.08915e-05
1.88152e-05
1.39136e-05
-3.19624e-05
-5.25942e-06
8.3322e-06
-9.38535e-06
2.01383e-05
-1.19666e-05
3.24649e-05
-1.30358e-05
4.17752e-05
-1.30907e-05
4.40165e-05
-1.28091e-05
4.19081e-05
-1.27621e-05
3.81356e-05
-1.31029e-05
3.37838e-05
-1.37645e-05
2.92537e-05
-1.46471e-05
2.45959e-05
-1.56358e-05
1.98034e-05
1.48743e-05
-1.65972e-05
-3.45074e-06
1.17796e-05
-5.48e-06
2.21661e-05
-5.46274e-06
3.24463e-05
-3.87625e-06
4.01877e-05
-1.82385e-06
4.19623e-05
-2.27279e-07
4.031e-05
6.71844e-07
3.72343e-05
9.02538e-07
3.35516e-05
6.1207e-07
2.95422e-05
-3.88011e-08
2.52455e-05
-8.94139e-07
2.06574e-05
1.57814e-05
-1.80215e-06
-2.6545e-06
1.44325e-05
-2.758e-06
2.22683e-05
-1.22543e-07
2.981e-05
4.3317e-06
3.5732e-05
8.54414e-06
3.77487e-05
1.16293e-05
3.72229e-05
1.35072e-05
3.53548e-05
1.43643e-05
3.26925e-05
1.44526e-05
2.94524e-05
1.40124e-05
2.56842e-05
1.32584e-05
2.14104e-05
1.66617e-05
1.23773e-05
-2.90722e-06
1.73404e-05
-1.76305e-06
2.11242e-05
3.65811e-06
2.43883e-05
1.08796e-05
2.85099e-05
1.74287e-05
3.11985e-05
2.22816e-05
3.23689e-05
2.53772e-05
3.22577e-05
2.70135e-05
3.10546e-05
2.75557e-05
2.89088e-05
2.73527e-05
2.58861e-05
2.6703e-05
2.20592e-05
1.75121e-05
2.5852e-05
-5.80045e-06
2.31408e-05
-1.02915e-06
1.63531e-05
8.02037e-06
1.53385e-05
1.7452e-05
1.90781e-05
2.57361e-05
2.29137e-05
3.20546e-05
2.60497e-05
3.62974e-05
2.80136e-05
3.87317e-05
2.86194e-05
3.97715e-05
2.78679e-05
3.98437e-05
2.58131e-05
3.93182e-05
2.25841e-05
1.83168e-05
3.8513e-05
-1.39114e-07
2.32816e-05
1.0062e-05
6.15242e-06
2.06461e-05
4.75465e-06
2.9867e-05
9.85716e-06
3.75258e-05
1.52547e-05
4.34676e-05
2.01075e-05
4.76571e-05
2.38233e-05
5.02233e-05
2.60524e-05
5.14165e-05
2.66738e-05
5.15935e-05
2.56354e-05
5.1113e-05
2.3064e-05
1.91087e-05
5.03205e-05
3.3405e-05
-1.01234e-05
4.40756e-05
-4.51832e-06
4.94267e-05
-5.96463e-07
5.38254e-05
5.45825e-06
5.7324e-05
1.1756e-05
6.00242e-05
1.7407e-05
6.19683e-05
2.18791e-05
6.31173e-05
2.49028e-05
6.34599e-05
2.63309e-05
6.31386e-05
2.59564e-05
6.23488e-05
2.38536e-05
6.13737e-05
2.00833e-05
-0.000107726
4.39077e-06
-0.000109474
1.74736e-06
-0.000108873
-6.00933e-07
-0.000105996
-2.87807e-06
-0.000100895
-5.10117e-06
-9.33503e-05
-7.54588e-06
-8.32811e-05
-1.00698e-05
-7.04329e-05
-1.2849e-05
-5.46361e-05
-1.57974e-05
-3.58762e-05
-1.87606e-05
-1.56615e-05
-2.02164e-05
-1.56621e-05
-8.57631e-05
6.02064e-06
-8.64257e-05
2.40941e-06
-8.5993e-05
-1.03416e-06
-8.43871e-05
-4.48468e-06
-8.13584e-05
-8.13044e-06
-7.68633e-05
-1.20418e-05
-7.06559e-05
-1.62781e-05
-6.255e-05
-2.09557e-05
-5.21624e-05
-2.61858e-05
-3.90088e-05
-3.1915e-05
-2.26637e-05
-3.65627e-05
-3.83261e-05
-6.61967e-05
7.21416e-06
-6.67643e-05
2.97645e-06
-6.65121e-05
-1.28662e-06
-6.52775e-05
-5.71992e-06
-6.29834e-05
-1.04251e-05
-5.95391e-05
-1.54869e-05
-5.48005e-05
-2.10174e-05
-4.86255e-05
-2.71315e-05
-4.08527e-05
-3.39594e-05
-3.1086e-05
-4.16822e-05
-1.81113e-05
-4.9538e-05
-5.64375e-05
-4.89959e-05
8.12777e-06
-4.94028e-05
3.38314e-06
-4.91981e-05
-1.49151e-06
-4.82968e-05
-6.62151e-06
-4.6635e-05
-1.20873e-05
-4.41715e-05
-1.79509e-05
-4.08126e-05
-2.43769e-05
-3.64666e-05
-3.14781e-05
-3.09846e-05
-3.94418e-05
-2.41911e-05
-4.84758e-05
-1.4784e-05
-5.89452e-05
-7.12218e-05
-3.279e-05
8.95517e-06
-3.32733e-05
3.86636e-06
-3.33322e-05
-1.4327e-06
-3.29007e-05
-7.05334e-06
-3.19521e-05
-1.30361e-05
-3.04525e-05
-1.9451e-05
-2.83451e-05
-2.64849e-05
-2.5558e-05
-3.42654e-05
-2.19726e-05
-4.30274e-05
-1.72142e-05
-5.32348e-05
-1.05206e-05
-6.56399e-05
-8.17428e-05
-1.74162e-05
9.77388e-06
-1.80074e-05
4.45708e-06
-1.8307e-05
-1.13353e-06
-1.83122e-05
-7.04873e-06
-1.8019e-05
-1.33301e-05
-1.73769e-05
-2.00938e-05
-1.63764e-05
-2.74861e-05
-1.49886e-05
-3.5654e-05
-1.31581e-05
-4.48598e-05
-1.08093e-05
-5.55848e-05
-7.17808e-06
-6.92726e-05
-8.89224e-05
-2.6445e-06
1.06154e-05
-3.34835e-06
5.1602e-06
-3.88555e-06
-5.97182e-07
-4.26451e-06
-6.67081e-06
-4.48911e-06
-1.31066e-05
-4.56879e-06
-2.00154e-05
-4.52416e-06
-2.75322e-05
-4.38652e-06
-3.57935e-05
-4.19433e-06
-4.50525e-05
-3.94625e-06
-5.58354e-05
-3.2442e-06
-6.99774e-05
-9.21671e-05
1.15076e-05
1.14845e-05
1.07163e-05
5.95076e-06
1.002e-05
9.84664e-08
9.39513e-06
-6.04702e-06
8.80527e-06
-1.25178e-05
8.20171e-06
-1.94131e-05
7.51653e-06
-2.68481e-05
6.63185e-06
-3.49095e-05
5.39008e-06
-4.38131e-05
3.61384e-06
-5.40598e-05
1.12403e-06
-6.74886e-05
-9.10445e-05
2.49794e-05
1.23566e-05
2.41596e-05
6.7699e-06
2.34077e-05
8.49578e-07
2.26901e-05
-5.33044e-06
2.19494e-05
-1.17781e-05
2.11064e-05
-1.85711e-05
2.00386e-05
-2.57812e-05
1.85095e-05
-3.33815e-05
1.61847e-05
-4.14878e-05
1.25927e-05
-5.04691e-05
7.28603e-06
-6.21838e-05
-8.37586e-05
3.76771e-05
1.3192e-05
3.68983e-05
7.54817e-06
3.62047e-05
1.54234e-06
3.55689e-05
-4.69549e-06
3.4935e-05
-1.11451e-05
3.42115e-05
-1.78483e-05
3.32265e-05
-2.47968e-05
3.15789e-05
-3.17338e-05
2.86937e-05
-3.86035e-05
2.37325e-05
-4.55082e-05
1.53059e-05
-5.37572e-05
-6.84532e-05
4.95412e-05
1.39705e-05
4.88603e-05
8.22817e-06
4.8338e-05
2.0634e-06
4.79734e-05
-4.33207e-06
4.77412e-05
-1.0914e-05
4.75628e-05
-1.76707e-05
4.72351e-05
-2.44696e-05
4.61489e-05
-3.06481e-05
4.35205e-05
-3.5975e-05
3.80911e-05
-4.00788e-05
2.64334e-05
-4.21002e-05
-4.20195e-05
6.05763e-05
1.47673e-05
6.00336e-05
8.76996e-06
5.97919e-05
2.30433e-06
5.9923e-05
-4.46427e-06
6.04414e-05
-1.1433e-05
6.12805e-05
-1.85103e-05
6.21979e-05
-2.53873e-05
6.23588e-05
-3.08089e-05
6.10548e-05
-3.46711e-05
5.66587e-05
-3.56828e-05
4.41098e-05
-2.95511e-05
2.08998e-06
7.28223e-06
-7.28436e-06
1.24828e-05
-5.20207e-06
1.52016e-05
-2.7225e-06
1.35419e-05
1.65816e-06
5.89154e-06
7.64705e-06
-1.04246e-05
1.63159e-05
-3.49533e-05
2.45271e-05
-5.58995e-05
2.09465e-05
-7.27696e-05
1.68693e-05
-8.60141e-05
1.32446e-05
-9.61379e-05
1.01235e-05
7.04341e-06
-0.000103181
3.5958e-06
-1.08828e-05
3.08625e-06
-4.69413e-06
-3.44725e-06
3.80854e-06
-1.79132e-05
1.61233e-05
-3.72874e-05
2.70204e-05
-5.28482e-05
3.18766e-05
-6.00383e-05
3.17168e-05
-6.63051e-05
2.72134e-05
-7.22338e-05
2.27978e-05
-7.73921e-05
1.84029e-05
-8.12263e-05
1.39577e-05
9.83993e-06
-8.40229e-05
-1.5212e-06
-9.36217e-06
-7.56795e-06
1.35178e-06
-1.94442e-05
1.56839e-05
-3.27308e-05
2.94097e-05
-4.24378e-05
3.67271e-05
-4.83113e-05
3.77502e-05
-5.19616e-05
3.5367e-05
-5.55443e-05
3.07963e-05
-5.85919e-05
2.58454e-05
-6.10979e-05
2.0909e-05
-6.32141e-05
1.60738e-05
1.15398e-05
-6.49139e-05
-5.79739e-06
-3.56587e-06
-1.41271e-05
9.6807e-06
-2.29118e-05
2.44683e-05
-3.01668e-05
3.66648e-05
-3.50235e-05
4.15838e-05
-3.82571e-05
4.09843e-05
-4.02823e-05
3.73924e-05
-4.19658e-05
3.24802e-05
-4.35979e-05
2.74775e-05
-4.52006e-05
2.2512e-05
-4.67289e-05
1.76022e-05
1.28262e-05
-4.80151e-05
-6.60749e-06
3.03855e-06
-1.28874e-05
1.5959e-05
-1.82452e-05
2.98259e-05
-2.22376e-05
4.06567e-05
-2.45747e-05
4.39216e-05
-2.57443e-05
4.21538e-05
-2.64974e-05
3.81464e-05
-2.74234e-05
3.3406e-05
-2.85008e-05
2.85558e-05
-2.96695e-05
2.36805e-05
-3.08532e-05
1.87865e-05
1.38913e-05
-3.19185e-05
-5.25698e-06
8.28716e-06
-9.38353e-06
2.00839e-05
-1.19758e-05
3.24152e-05
-1.30513e-05
4.17324e-05
-1.31089e-05
4.39779e-05
-1.28232e-05
4.18686e-05
-1.27711e-05
3.80931e-05
-1.31051e-05
3.37405e-05
-1.37613e-05
2.9211e-05
-1.46374e-05
2.45569e-05
-1.56209e-05
1.97692e-05
1.48473e-05
-1.65769e-05
-3.45679e-06
1.1741e-05
-5.49544e-06
2.21186e-05
-5.48251e-06
3.24018e-05
-3.90403e-06
4.0152e-05
-1.85355e-06
4.19264e-05
-2.55655e-07
4.02691e-05
6.47576e-07
3.71892e-05
8.82291e-07
3.35046e-05
5.96547e-07
2.94961e-05
-5.01168e-08
2.52025e-05
-9.00974e-07
2.06195e-05
1.57505e-05
-1.80518e-06
-2.66818e-06
1.44054e-05
-2.78247e-06
2.22325e-05
-1.55087e-07
2.9772e-05
4.29528e-06
3.57001e-05
8.50625e-06
3.77141e-05
1.15916e-05
3.71825e-05
1.34706e-05
3.53091e-05
1.433e-05
3.26443e-05
1.44208e-05
2.94046e-05
1.39834e-05
2.56391e-05
1.32321e-05
2.13701e-05
1.66284e-05
1.23536e-05
-2.9252e-06
1.73298e-05
-1.79586e-06
2.11011e-05
3.61684e-06
2.43591e-05
1.08363e-05
2.84798e-05
1.73854e-05
3.11642e-05
2.22377e-05
3.23293e-05
2.53326e-05
3.22135e-05
2.6969e-05
3.10072e-05
2.7512e-05
2.88611e-05
2.73099e-05
2.58407e-05
2.66613e-05
2.20183e-05
1.7478e-05
2.58113e-05
-5.82146e-06
2.3151e-05
-1.06178e-06
1.63423e-05
7.97912e-06
1.53175e-05
1.7408e-05
1.90507e-05
2.56911e-05
2.28805e-05
3.20083e-05
2.60116e-05
3.62493e-05
2.79717e-05
3.86819e-05
2.85741e-05
3.97207e-05
2.78219e-05
3.9792e-05
2.5769e-05
3.92659e-05
2.2544e-05
1.82833e-05
3.84601e-05
-1.49623e-07
2.33009e-05
1.00424e-05
6.14974e-06
2.0622e-05
4.73839e-06
2.98387e-05
9.83396e-06
3.74925e-05
1.52264e-05
4.34293e-05
2.00743e-05
4.76139e-05
2.37866e-05
5.01755e-05
2.60118e-05
5.13649e-05
2.66319e-05
5.15388e-05
2.55946e-05
5.10558e-05
2.30265e-05
1.90769e-05
5.02615e-05
3.34194e-05
-1.01187e-05
4.40899e-05
-4.5204e-06
4.94364e-05
-6.08085e-07
5.38284e-05
5.44195e-06
5.73186e-05
1.17362e-05
6.00092e-05
1.73834e-05
6.19434e-05
2.1852e-05
6.30828e-05
2.48719e-05
6.34168e-05
2.62975e-05
6.30885e-05
2.59226e-05
6.22931e-05
2.38214e-05
6.13137e-05
2.00557e-05
-0.000107573
4.3914e-06
-0.000109325
1.75151e-06
-0.00010873
-5.94917e-07
-0.000105861
-2.86907e-06
-0.000100772
-5.08966e-06
-9.32401e-05
-7.53197e-06
-8.31863e-05
-1.00539e-05
-7.0355e-05
-1.28316e-05
-5.45759e-05
-1.57792e-05
-3.58344e-05
-1.87417e-05
-1.5638e-05
-2.01967e-05
-1.56381e-05
-8.56507e-05
6.01912e-06
-8.63121e-05
2.41267e-06
-8.58809e-05
-1.02616e-06
-8.4279e-05
-4.47127e-06
-8.12565e-05
-8.11229e-06
-7.67699e-05
-1.20189e-05
-7.05733e-05
-1.62508e-05
-6.24801e-05
-2.09251e-05
-5.21067e-05
-2.61528e-05
-3.89698e-05
-3.18786e-05
-2.2645e-05
-3.65217e-05
-3.82832e-05
-6.61038e-05
7.209e-06
-6.66692e-05
2.978e-06
-6.64175e-05
-1.27783e-06
-6.51855e-05
-5.70352e-06
-6.28962e-05
-1.04017e-05
-5.9459e-05
-1.54563e-05
-5.47298e-05
-2.09801e-05
-4.85666e-05
-2.70885e-05
-4.08078e-05
-3.39118e-05
-3.10547e-05
-4.16319e-05
-1.80952e-05
-4.94814e-05
-5.63783e-05
-4.89243e-05
8.11831e-06
-4.93285e-05
3.38229e-06
-4.91233e-05
-1.48298e-06
-4.82241e-05
-6.60273e-06
-4.65662e-05
-1.20596e-05
-4.41088e-05
-1.79139e-05
-4.07578e-05
-2.43313e-05
-3.64213e-05
-3.14252e-05
-3.09496e-05
-3.93836e-05
-2.4167e-05
-4.84145e-05
-1.47721e-05
-5.88759e-05
-7.11509e-05
-3.27413e-05
8.94143e-06
-3.32215e-05
3.86238e-06
-3.32795e-05
-1.42503e-06
-3.2849e-05
-7.03328e-06
-3.19037e-05
-1.30054e-05
-3.0409e-05
-1.94087e-05
-2.8308e-05
-2.64327e-05
-2.55284e-05
-3.4205e-05
-2.19509e-05
-4.29614e-05
-1.72004e-05
-5.31647e-05
-1.05132e-05
-6.55649e-05
-8.16641e-05
-1.73917e-05
9.75574e-06
-1.79798e-05
4.44998e-06
-1.82781e-05
-1.12716e-06
-1.82832e-05
-7.02917e-06
-1.79918e-05
-1.32972e-05
-1.73534e-05
-2.00482e-05
-1.63577e-05
-2.7429e-05
-1.49757e-05
-3.55878e-05
-1.31506e-05
-4.4787e-05
-1.08091e-05
-5.55088e-05
-7.17193e-06
-6.92019e-05
-8.88378e-05
-2.64412e-06
1.05938e-05
-3.34528e-06
5.15019e-06
-3.88038e-06
-5.93284e-07
-4.25838e-06
-6.65232e-06
-4.4838e-06
-1.30733e-05
-4.5656e-06
-1.99677e-05
-4.52411e-06
-2.74718e-05
-4.38958e-06
-3.57236e-05
-4.20057e-06
-4.49778e-05
-3.95116e-06
-5.57581e-05
-3.25508e-06
-6.99022e-05
-9.20931e-05
1.14861e-05
1.14606e-05
1.06973e-05
5.93823e-06
1.0003e-05
9.98762e-08
9.37958e-06
-6.02997e-06
8.78972e-06
-1.24847e-05
8.18526e-06
-1.93643e-05
7.49822e-06
-2.67858e-05
6.6118e-06
-3.48379e-05
5.37086e-06
-4.3737e-05
3.59622e-06
-5.3986e-05
1.11245e-06
-6.74179e-05
-9.0981e-05
2.49396e-05
1.23316e-05
2.41215e-05
6.75551e-06
2.33715e-05
8.48915e-07
2.26554e-05
-5.31479e-06
2.19152e-05
-1.17454e-05
2.10718e-05
-1.85216e-05
2.0003e-05
-2.57175e-05
1.84741e-05
-3.33091e-05
1.61506e-05
-4.14139e-05
1.25644e-05
-5.03988e-05
7.26762e-06
-6.21212e-05
-8.37133e-05
3.76237e-05
1.31676e-05
3.68455e-05
7.53281e-06
3.61534e-05
1.54039e-06
3.55186e-05
-4.68085e-06
3.48852e-05
-1.11124e-05
3.41615e-05
-1.77982e-05
3.3176e-05
-2.47321e-05
3.15292e-05
-3.16621e-05
2.86479e-05
-3.85318e-05
2.36935e-05
-4.54439e-05
1.52796e-05
-5.37071e-05
-6.84316e-05
4.94799e-05
1.39482e-05
4.87985e-05
8.21317e-06
4.82764e-05
2.06145e-06
4.79117e-05
-4.31711e-06
4.76793e-05
-1.08805e-05
4.75007e-05
-1.76199e-05
4.71732e-05
-2.44046e-05
4.60894e-05
-3.05781e-05
4.34656e-05
-3.59074e-05
3.80435e-05
-4.00215e-05
2.6403e-05
-4.20635e-05
-4.2028e-05
6.05122e-05
1.47489e-05
5.99678e-05
8.75693e-06
5.97245e-05
2.3038e-06
5.98542e-05
-4.44718e-06
6.03712e-05
-1.13978e-05
6.12102e-05
-1.84589e-05
6.21292e-05
-2.53235e-05
6.22947e-05
-3.07434e-05
6.09962e-05
-3.46084e-05
5.66071e-05
-3.56313e-05
4.40711e-05
-2.95277e-05
2.04456e-06
8.77034e-05
-7.93749e-06
-8.98766e-05
8.78099e-05
-4.61608e-06
8.59089e-05
1.30981e-06
8.39725e-05
7.39557e-06
8.22562e-05
1.34671e-05
8.07662e-05
1.88847e-05
7.94058e-05
2.32211e-05
7.80616e-05
2.62234e-05
7.66019e-05
2.77632e-05
7.50347e-05
2.74933e-05
7.33866e-05
2.54686e-05
2.15408e-05
7.18934e-05
0.000107397
-9.7378e-06
-0.000105596
0.000107067
-4.28621e-06
0.00010588
2.49727e-06
0.000103952
9.32353e-06
0.000101526
1.58926e-05
9.87423e-05
2.16682e-05
9.57708e-05
2.61923e-05
9.27423e-05
2.92517e-05
8.96899e-05
3.08152e-05
8.67606e-05
3.04221e-05
8.39936e-05
2.82351e-05
2.37853e-05
8.17487e-05
0.000118869
-1.04805e-05
-0.000118127
0.000118597
-4.0156e-06
0.000117725
3.36956e-06
0.000116186
1.08614e-05
0.000114026
1.80516e-05
0.000111284
2.44102e-05
0.00010806
2.94151e-05
0.000104471
3.284e-05
0.000100638
3.46477e-05
9.68344e-05
3.42253e-05
9.3171e-05
3.18977e-05
2.63892e-05
9.05659e-05
0.000126767
-0.000127071
-1.01754e-05
0.000125955
-3.20385e-06
0.000124672
4.65211e-06
0.000122887
1.26469e-05
0.000120593
2.03452e-05
0.00011783
2.71731e-05
0.00011461
3.26348e-05
0.000110967
3.64829e-05
0.000107046
3.85679e-05
0.00010327
3.80012e-05
0.000100131
3.50363e-05
9.87203e-05
2.77988e-05
7.09064e-05
1.57211e-05
7.04755e-05
9.16865e-06
7.06852e-05
2.06623e-06
7.16496e-05
-5.44552e-06
7.3369e-05
-1.31529e-05
7.56706e-05
-2.07946e-05
7.81113e-05
-2.77946e-05
7.98473e-05
-3.25012e-05
8.04784e-05
-3.52542e-05
7.95089e-05
-3.46676e-05
7.85972e-05
-2.86082e-05
-9.22332e-06
8.99019e-05
8.05755e-05
1.68935e-05
8.04593e-05
9.28402e-06
8.15894e-05
9.3531e-07
8.39948e-05
-7.85141e-06
8.74568e-05
-1.66153e-05
9.14508e-05
-2.47888e-05
9.52304e-05
-3.15745e-05
9.79878e-05
-3.52588e-05
9.94966e-05
-3.67633e-05
9.95593e-05
-3.47299e-05
9.98098e-05
-2.8859e-05
-1.50207e-05
0.000105607
8.98236e-05
1.76347e-05
9.08928e-05
8.21358e-06
9.39893e-05
-2.16224e-06
9.85784e-05
-1.24413e-05
0.000103915
-2.19525e-05
0.000109056
-2.99306e-05
0.000113111
-3.56302e-05
0.000115853
-3.80013e-05
0.000117185
-3.80963e-05
0.000116898
-3.44441e-05
0.000116169
-2.81297e-05
-1.69712e-05
0.000118119
0.000100652
1.57021e-05
0.000104945
3.92053e-06
0.000111031
-8.24905e-06
0.000117476
-1.88865e-05
0.000123245
-2.77214e-05
0.000127495
-3.41816e-05
0.000129895
-3.80304e-05
0.000130883
-3.89894e-05
0.000130512
-3.77257e-05
0.000129063
-3.29945e-05
0.000127234
-2.63007e-05
0.000127046
-1.67839e-05
8.77197e-05
-7.93753e-06
8.782e-05
-4.63316e-06
8.59134e-05
1.27662e-06
8.39655e-05
7.34913e-06
8.22333e-05
1.3413e-05
8.07253e-05
1.88289e-05
7.93472e-05
2.31683e-05
7.79874e-05
2.61778e-05
7.65153e-05
2.77292e-05
7.49398e-05
2.74746e-05
7.3287e-05
2.54679e-05
2.15614e-05
7.17931e-05
0.000107405
-9.7364e-06
0.000107074
-4.30132e-06
0.000105883
2.46636e-06
0.000103949
9.28358e-06
0.000101513
1.58492e-05
9.87151e-05
2.16267e-05
9.57267e-05
2.61564e-05
9.26806e-05
2.92235e-05
8.96119e-05
3.07975e-05
8.66693e-05
3.04168e-05
8.38928e-05
2.82438e-05
2.38101e-05
8.16432e-05
0.000118862
-1.04791e-05
0.000118592
-4.03098e-06
0.000117719
3.34018e-06
0.000116177
1.08249e-05
0.000114011
1.80149e-05
0.000111259
2.43787e-05
0.000108023
2.93922e-05
0.000104418
3.28278e-05
0.000100568
3.46469e-05
9.67485e-05
3.42355e-05
9.30737e-05
3.19179e-05
2.64202e-05
9.04626e-05
0.000126745
-1.01789e-05
0.000125937
-3.22312e-06
0.000124654
4.6215e-06
0.000122867
1.26126e-05
0.000120568
2.03138e-05
0.000117797
2.71496e-05
0.000114566
3.26227e-05
0.000110911
3.64832e-05
0.000106976
3.85809e-05
0.000103188
3.80236e-05
0.000100043
3.50626e-05
9.86331e-05
2.78291e-05
7.08099e-05
1.57576e-05
7.0384e-05
9.21589e-06
7.0601e-05
2.1288e-06
7.15755e-05
-5.37649e-06
7.33081e-05
-1.3088e-05
7.5624e-05
-2.0739e-05
7.80786e-05
-2.77499e-05
7.9827e-05
-3.24732e-05
8.04655e-05
-3.52341e-05
7.95018e-05
-3.46587e-05
7.85921e-05
-2.86077e-05
-9.23294e-06
8.98866e-05
8.0471e-05
1.6929e-05
8.0362e-05
9.32391e-06
8.15028e-05
9.87611e-07
8.3922e-05
-7.79609e-06
8.74012e-05
-1.65674e-05
9.14115e-05
-2.47495e-05
9.52057e-05
-3.15443e-05
9.79731e-05
-3.5241e-05
9.94886e-05
-3.67498e-05
9.95555e-05
-3.47252e-05
9.98069e-05
-2.88593e-05
-1.50243e-05
0.000105598
8.97238e-05
1.76666e-05
9.08018e-05
8.24483e-06
9.39124e-05
-2.12382e-06
9.85202e-05
-1.24046e-05
0.000103875
-2.19225e-05
0.000109032
-2.99075e-05
0.000113101
-3.56135e-05
0.000115849
-3.79907e-05
0.000117187
-3.8088e-05
0.000116903
-3.44414e-05
0.000116173
-2.81302e-05
-1.69697e-05
0.000118118
0.000100572
1.57264e-05
0.000104875
3.94134e-06
0.000110978
-8.227e-06
0.000117442
-1.88684e-05
0.000123229
-2.77092e-05
0.000127494
-3.41735e-05
0.000129905
-3.80247e-05
0.000130898
-3.89838e-05
0.000130529
-3.77198e-05
0.000129078
-3.29912e-05
0.000127245
-2.62959e-05
0.00012705
-1.67766e-05
8.76988e-05
-7.93569e-06
8.77914e-05
-4.6112e-06
8.58784e-05
1.31632e-06
8.39311e-05
7.40536e-06
8.22072e-05
1.34798e-05
8.07143e-05
1.88998e-05
7.93558e-05
2.32375e-05
7.80174e-05
2.62411e-05
7.65662e-05
2.77821e-05
7.50088e-05
2.75136e-05
7.33697e-05
2.54923e-05
2.15659e-05
7.18864e-05
0.00010739
-9.72778e-06
0.000107051
-4.27281e-06
0.000105854
2.51305e-06
0.000103915
9.34363e-06
0.00010148
1.59153e-05
9.8689e-05
2.16908e-05
9.57146e-05
2.62119e-05
9.26878e-05
2.9268e-05
8.96414e-05
3.08286e-05
8.67217e-05
3.04335e-05
8.39648e-05
2.8249e-05
2.37977e-05
8.17326e-05
0.000118854
-1.04643e-05
0.000118576
-3.99591e-06
0.000117695
3.39261e-06
0.000116149
1.08897e-05
0.000113981
1.80824e-05
0.000111232
2.44397e-05
0.000108005
2.9439e-05
0.000104416
3.28572e-05
0.000100586
3.46581e-05
9.67905e-05
3.42294e-05
9.31385e-05
3.19008e-05
2.63878e-05
9.05477e-05
0.00012674
-1.0155e-05
0.000125923
-3.1799e-06
0.000124634
4.6814e-06
0.000122842
1.26806e-05
0.000120544
2.03807e-05
0.000117778
2.72053e-05
0.000114558
3.26595e-05
0.000110918
3.64974e-05
0.000107003
3.85729e-05
0.000103237
3.79954e-05
0.000100114
3.50242e-05
9.87166e-05
2.77847e-05
7.0908e-05
1.57448e-05
7.04844e-05
9.19231e-06
7.07012e-05
2.08633e-06
7.1674e-05
-5.4383e-06
7.34022e-05
-1.3162e-05
7.57114e-05
-2.08203e-05
7.81575e-05
-2.78338e-05
7.98943e-05
-3.25464e-05
8.05242e-05
-3.53013e-05
7.95523e-05
-3.47113e-05
7.86381e-05
-2.8637e-05
-9.22185e-06
8.99502e-05
8.05691e-05
1.69076e-05
8.04637e-05
9.29691e-06
8.16057e-05
9.43448e-07
8.40228e-05
-7.85588e-06
8.74944e-05
-1.66342e-05
9.14953e-05
-2.48214e-05
9.52789e-05
-3.16177e-05
9.80352e-05
-3.53031e-05
9.95411e-05
-3.68075e-05
9.95999e-05
-3.47698e-05
9.98478e-05
-2.88852e-05
-1.50216e-05
0.000105647
8.98174e-05
1.76368e-05
9.08993e-05
8.21396e-06
9.4009e-05
-2.16739e-06
9.86092e-05
-1.24569e-05
0.000103954
-2.19793e-05
0.000109099
-2.99676e-05
0.000113155
-3.56742e-05
0.000115895
-3.80438e-05
0.000117224
-3.81372e-05
0.000116932
-3.44792e-05
0.000116198
-2.81519e-05
-1.69717e-05
0.000118148
0.000100657
1.56962e-05
0.000104958
3.91184e-06
0.000111053
-8.26313e-06
0.000117505
-1.89094e-05
0.000123279
-2.7753e-05
0.000127531
-3.42204e-05
0.00012993
-3.80733e-05
0.000130917
-3.90309e-05
0.000130543
-3.77638e-05
0.00012909
-3.30252e-05
0.000127256
-2.63189e-05
0.000127066
-1.67824e-05
8.77579e-05
-7.92648e-06
8.7846e-05
-4.60868e-06
8.59246e-05
1.31379e-06
8.39674e-05
7.39924e-06
8.22323e-05
1.34712e-05
8.07271e-05
1.88883e-05
7.93558e-05
2.3223e-05
7.80043e-05
2.62229e-05
7.65404e-05
2.77609e-05
7.49715e-05
2.74909e-05
7.33231e-05
2.54691e-05
2.15467e-05
7.18312e-05
0.000107441
-9.72139e-06
0.000107102
-4.26962e-06
0.000105902
2.51312e-06
0.000103959
9.34259e-06
0.000101517
1.59136e-05
9.8717e-05
2.16882e-05
9.57316e-05
2.62082e-05
9.26923e-05
2.92618e-05
8.96327e-05
3.082e-05
8.66996e-05
3.04236e-05
8.3931e-05
2.82371e-05
2.37905e-05
8.16865e-05
0.000118888
-1.04614e-05
0.000118614
-3.99493e-06
0.000117735
3.39276e-06
0.000116188
1.08896e-05
0.000114017
1.80838e-05
0.000111263
2.44423e-05
0.000108028
2.94425e-05
0.000104429
3.28605e-05
0.000100588
3.46604e-05
9.67793e-05
3.42316e-05
9.31142e-05
3.19016e-05
2.63939e-05
9.05097e-05
0.000126762
-1.01582e-05
0.00012595
-3.18317e-06
0.000124663
4.67832e-06
0.000122872
1.26804e-05
0.000120572
2.03841e-05
0.000117802
2.72125e-05
0.000114575
3.26696e-05
0.000110926
3.65092e-05
0.000107001
3.85851e-05
0.000103223
3.80088e-05
0.000100087
3.50372e-05
9.86811e-05
2.77995e-05
7.08469e-05
1.5732e-05
7.04189e-05
9.18386e-06
7.06323e-05
2.08942e-06
7.16017e-05
-5.41721e-06
7.33281e-05
-1.31248e-05
7.56383e-05
-2.07694e-05
7.80879e-05
-2.77734e-05
7.98325e-05
-3.2488e-05
8.04685e-05
-3.52446e-05
7.95014e-05
-3.46648e-05
7.85888e-05
-2.8614e-05
-9.24333e-06
8.05154e-05
1.69023e-05
8.04035e-05
9.29501e-06
8.15388e-05
9.5369e-07
8.39515e-05
-7.83021e-06
8.74238e-05
-1.65972e-05
9.14287e-05
-2.47744e-05
9.52186e-05
-3.15634e-05
9.79835e-05
-3.52531e-05
9.94966e-05
-3.67581e-05
9.95595e-05
-3.47276e-05
9.98059e-05
-2.88605e-05
-1.50342e-05
8.97707e-05
1.76403e-05
9.08446e-05
8.22011e-06
9.39487e-05
-2.1511e-06
9.85493e-05
-1.24314e-05
0.000103899
-2.19468e-05
0.000109052
-2.99286e-05
0.000113117
-3.56293e-05
0.000115864
-3.8001e-05
0.000117199
-3.80935e-05
0.000116911
-3.44404e-05
0.000116178
-2.81291e-05
-1.69825e-05
0.000100617
1.57037e-05
0.000104915
3.92136e-06
0.000111013
-8.2488e-06
0.000117471
-1.889e-05
0.000123253
-2.77289e-05
0.000127515
-3.41903e-05
0.000129922
-3.80368e-05
0.000130912
-3.89918e-05
0.000130542
-3.77233e-05
0.000129091
-3.29902e-05
0.00012726
-2.6298e-05
-1.67953e-05
-2.88032e-05
-8.93158e-06
2.75561e-05
-3.05014e-05
-1.50704e-06
-3.25288e-05
6.67817e-06
-3.49155e-05
1.50325e-05
-3.76922e-05
2.31208e-05
-4.0841e-05
3.0321e-05
-4.4306e-05
3.60989e-05
-4.791e-05
4.00862e-05
-5.09618e-05
4.1619e-05
-5.28131e-05
3.98519e-05
-5.25843e-05
3.48067e-05
2.39498e-05
-4.87371e-05
-3.12369e-05
-7.01685e-06
2.93238e-05
-3.34693e-05
7.25444e-07
-3.59487e-05
9.15785e-06
-3.86949e-05
1.77788e-05
-4.16842e-05
2.61103e-05
-4.47788e-05
3.34156e-05
-4.77782e-05
3.90984e-05
-5.01864e-05
4.24943e-05
-5.1381e-05
4.28134e-05
-5.09895e-05
3.946e-05
-4.77013e-05
3.15175e-05
1.72738e-05
-4.10255e-05
-3.35337e-05
-4.71066e-06
3.12239e-05
-3.60173e-05
3.20759e-06
-3.86351e-05
1.17745e-05
-4.13534e-05
2.04959e-05
-4.40687e-05
2.88247e-05
-4.65411e-05
3.5887e-05
-4.84809e-05
4.10374e-05
-4.95327e-05
4.35455e-05
-4.90379e-05
4.23181e-05
-4.63208e-05
3.67421e-05
-4.12251e-05
2.64211e-05
1.04612e-05
-3.44146e-05
-3.51931e-05
3.27169e-05
-2.2322e-06
-3.76957e-05
5.71123e-06
-4.01756e-05
1.42553e-05
-4.25348e-05
2.2856e-05
-4.46024e-05
3.08929e-05
-4.6264e-05
3.75491e-05
-4.71723e-05
4.19461e-05
-4.66505e-05
4.3024e-05
-4.41218e-05
3.97896e-05
-3.95254e-05
3.21457e-05
-3.2904e-05
1.97985e-05
-2.80761e-05
5.63402e-06
-4.02329e-05
7.19688e-06
-3.24253e-05
-3.88808e-06
-2.61189e-05
-1.45562e-05
-2.16215e-05
-2.33845e-05
-1.89835e-05
-3.03599e-05
-1.80467e-05
-3.51191e-05
-1.84367e-05
-3.76412e-05
-1.97158e-05
-3.77116e-05
-2.1885e-05
-3.5557e-05
-2.42931e-05
-3.05892e-05
-2.6539e-05
-2.40545e-05
-1.57243e-05
-2.75984e-05
-3.0507e-05
-3.32237e-06
-2.304e-05
-1.13553e-05
-1.82179e-05
-1.93783e-05
-1.55632e-05
-2.6039e-05
-1.47509e-05
-3.11722e-05
-1.53455e-05
-3.45244e-05
-1.70547e-05
-3.59322e-05
-1.94901e-05
-3.52762e-05
-2.23833e-05
-3.26644e-05
-2.51742e-05
-2.77961e-05
-2.76507e-05
-2.1579e-05
-1.39952e-05
-2.93806e-05
-2.33887e-05
-1.43491e-05
-1.73134e-05
-1.74309e-05
-1.41805e-05
-2.25115e-05
-1.29544e-05
-2.72653e-05
-1.32649e-05
-3.08621e-05
-1.4789e-05
-3.30008e-05
-1.72044e-05
-3.35176e-05
-2.01631e-05
-3.23183e-05
-2.33712e-05
-2.94566e-05
-2.63937e-05
-2.47764e-05
-2.90925e-05
-1.88796e-05
-1.17954e-05
-3.12916e-05
-1.68699e-05
-2.55555e-05
-1.33314e-05
-2.09696e-05
-1.18994e-05
-2.3943e-05
-1.18323e-05
-2.7332e-05
-1.29464e-05
-2.97475e-05
-1.50283e-05
-3.09187e-05
-1.78128e-05
-3.07327e-05
-2.10043e-05
-2.91264e-05
-2.43327e-05
-2.61282e-05
-2.74696e-05
-2.16367e-05
-3.03159e-05
-1.60342e-05
-3.27875e-05
-9.32453e-06
-2.88391e-05
-8.93786e-06
-3.05347e-05
-1.5275e-06
-3.25633e-05
6.65173e-06
-3.49549e-05
1.50034e-05
-3.77389e-05
2.30973e-05
-4.08966e-05
3.03067e-05
-4.43706e-05
3.60963e-05
-4.79817e-05
4.00938e-05
-5.10379e-05
4.16366e-05
-5.28892e-05
3.98744e-05
-5.26551e-05
3.48279e-05
2.39707e-05
-4.87971e-05
-3.12878e-05
-7.03133e-06
-3.35179e-05
7.02368e-07
-3.60001e-05
9.13167e-06
-3.87512e-05
1.77552e-05
-4.17473e-05
2.60936e-05
-4.48481e-05
3.34078e-05
-4.7851e-05
3.90994e-05
-5.02589e-05
4.25017e-05
-5.14506e-05
4.28283e-05
-5.10512e-05
3.94747e-05
-4.77512e-05
3.15279e-05
1.72805e-05
-4.1062e-05
-3.35946e-05
-4.72765e-06
-3.60769e-05
3.18478e-06
-3.86967e-05
1.17536e-05
-4.14192e-05
2.04769e-05
-4.41385e-05
2.88124e-05
-4.66126e-05
3.58815e-05
-4.85511e-05
4.10375e-05
-4.95979e-05
4.35481e-05
-4.9093e-05
4.2323e-05
-4.63623e-05
3.67436e-05
-4.12548e-05
2.64198e-05
1.04577e-05
-3.44323e-05
-3.52582e-05
-2.25756e-06
-3.77593e-05
5.68563e-06
-4.02407e-05
1.42329e-05
-4.26012e-05
2.28381e-05
-4.46694e-05
3.08813e-05
-4.63295e-05
3.75422e-05
-4.72329e-05
4.19413e-05
-4.67013e-05
4.30169e-05
-4.41597e-05
3.97816e-05
-3.95513e-05
3.21353e-05
-3.29187e-05
1.97873e-05
-2.8079e-05
5.61776e-06
-4.02797e-05
7.20769e-06
-3.24574e-05
-3.88201e-06
-2.61324e-05
-1.45527e-05
-2.16174e-05
-2.33839e-05
-1.89664e-05
-3.03609e-05
-1.8021e-05
-3.51196e-05
-1.84073e-05
-3.76396e-05
-1.96862e-05
-3.77061e-05
-2.18587e-05
-3.55488e-05
-2.42726e-05
-3.05781e-05
-2.65281e-05
-2.40438e-05
-1.57058e-05
-2.75978e-05
-3.05285e-05
-3.32627e-06
-2.30449e-05
-1.13659e-05
-1.82064e-05
-1.9391e-05
-1.55391e-05
-2.60511e-05
-1.47182e-05
-3.11817e-05
-1.53078e-05
-3.45303e-05
-1.70154e-05
-3.59322e-05
-1.94531e-05
-3.52689e-05
-2.23516e-05
-3.26506e-05
-2.51517e-05
-2.7779e-05
-2.76375e-05
-2.15556e-05
-1.39687e-05
-2.93786e-05
-2.33919e-05
-1.43684e-05
-1.73021e-05
-1.74563e-05
-1.41573e-05
-2.2536e-05
-1.29229e-05
-2.72859e-05
-1.32272e-05
-3.08778e-05
-1.4748e-05
-3.30102e-05
-1.71632e-05
-3.3518e-05
-2.01247e-05
-3.23086e-05
-2.33388e-05
-2.94377e-05
-2.63688e-05
-2.47496e-05
-2.90776e-05
-1.88511e-05
-1.17597e-05
-3.12842e-05
-1.68607e-05
-2.55864e-05
-1.33125e-05
-2.10046e-05
-1.18729e-05
-2.39753e-05
-1.17999e-05
-2.73585e-05
-1.29102e-05
-2.97674e-05
-1.49903e-05
-3.09301e-05
-1.7775e-05
-3.07334e-05
-2.09689e-05
-2.91146e-05
-2.4302e-05
-2.61046e-05
-2.74459e-05
-2.1606e-05
-3.02979e-05
-1.59957e-05
-3.27753e-05
-9.28626e-06
-2.88482e-05
-8.90674e-06
-3.05493e-05
-1.48079e-06
-3.25796e-05
6.71009e-06
-3.49678e-05
1.50675e-05
-3.77435e-05
2.31555e-05
-4.0888e-05
3.03492e-05
-4.43449e-05
3.6116e-05
-4.79354e-05
4.00878e-05
-5.09723e-05
4.16099e-05
-5.28112e-05
3.98343e-05
-5.25707e-05
3.47834e-05
2.39321e-05
-4.87187e-05
-3.12929e-05
-6.99302e-06
-3.35252e-05
7.51031e-07
-3.60039e-05
9.18824e-06
-3.87465e-05
1.78099e-05
-4.17284e-05
2.61372e-05
-4.48113e-05
3.34321e-05
-4.77949e-05
3.90998e-05
-5.01858e-05
4.2479e-05
-5.1368e-05
4.27924e-05
-5.09651e-05
3.94316e-05
-4.76691e-05
3.14873e-05
1.72581e-05
-4.09956e-05
-3.35918e-05
-4.68753e-06
-3.60727e-05
3.2302e-06
-3.86861e-05
1.17999e-05
-4.1396e-05
2.05183e-05
-4.40986e-05
2.88388e-05
-4.65548e-05
3.58876e-05
-4.84791e-05
4.10237e-05
-4.95155e-05
4.35152e-05
-4.90051e-05
4.22819e-05
-4.62772e-05
3.67036e-05
-4.11823e-05
2.63921e-05
1.04527e-05
-3.43777e-05
-3.52467e-05
-2.21565e-06
-3.77438e-05
5.72735e-06
-4.02157e-05
1.4272e-05
-4.25623e-05
2.2865e-05
-4.46145e-05
3.08913e-05
-4.62606e-05
3.75339e-05
-4.71527e-05
4.19161e-05
-4.66149e-05
4.29778e-05
-4.40763e-05
3.97437e-05
-3.94802e-05
3.21077e-05
-3.28648e-05
1.97766e-05
-2.80381e-05
5.62604e-06
-4.02182e-05
7.19454e-06
-3.24091e-05
-3.8984e-06
-2.6098e-05
-1.4575e-05
-2.1596e-05
-2.3412e-05
-1.89549e-05
-3.03947e-05
-1.8017e-05
-3.51591e-05
-1.84078e-05
-3.76835e-05
-1.96882e-05
-3.77517e-05
-2.18606e-05
-3.5592e-05
-2.42732e-05
-3.06157e-05
-2.6524e-05
-2.40681e-05
-1.5719e-05
-2.75873e-05
-3.04858e-05
-3.31589e-06
-2.30192e-05
-1.13653e-05
-1.81951e-05
-1.93992e-05
-1.55383e-05
-2.60686e-05
-1.47247e-05
-3.12083e-05
-1.53194e-05
-3.45644e-05
-1.70301e-05
-3.59729e-05
-1.9468e-05
-3.53138e-05
-2.23647e-05
-3.2696e-05
-2.51599e-05
-2.78183e-05
-2.76412e-05
-2.15882e-05
-1.39866e-05
-2.93748e-05
-2.3363e-05
-1.4332e-05
-1.72906e-05
-1.74382e-05
-1.41579e-05
-2.25323e-05
-1.29317e-05
-2.72951e-05
-1.32422e-05
-3.08982e-05
-1.47672e-05
-3.304e-05
-1.71846e-05
-3.35563e-05
-2.01461e-05
-3.23532e-05
-2.33577e-05
-2.94849e-05
-2.63843e-05
-2.47948e-05
-2.90873e-05
-1.88849e-05
-1.17841e-05
-3.12894e-05
-1.68454e-05
-2.55244e-05
-1.33101e-05
-2.09736e-05
-1.18795e-05
-2.39624e-05
-1.18133e-05
-2.73609e-05
-1.29283e-05
-2.97827e-05
-1.50116e-05
-3.09564e-05
-1.77983e-05
-3.07692e-05
-2.09926e-05
-2.91586e-05
-2.43242e-05
-2.61532e-05
-2.74647e-05
-2.16516e-05
-3.03145e-05
-1.60362e-05
-3.27884e-05
-9.31122e-06
-2.88314e-05
-8.91391e-06
-3.05296e-05
-1.48513e-06
-3.25595e-05
6.70981e-06
-3.49507e-05
1.50708e-05
-3.77318e-05
2.31647e-05
-4.0884e-05
3.03641e-05
-4.43502e-05
3.61354e-05
-4.79511e-05
4.01096e-05
-5.09974e-05
4.16309e-05
-5.28429e-05
3.98537e-05
-5.26054e-05
3.47991e-05
2.39415e-05
-4.87481e-05
-3.12847e-05
-7.00499e-06
-3.3516e-05
7.458e-07
-3.59976e-05
9.18912e-06
-3.87458e-05
1.78195e-05
-4.17361e-05
2.61553e-05
-4.48289e-05
3.34572e-05
-4.78227e-05
3.91294e-05
-5.02211e-05
4.25081e-05
-5.14058e-05
4.28154e-05
-5.10019e-05
3.94497e-05
-4.77002e-05
3.14972e-05
1.72555e-05
-4.10148e-05
-3.35941e-05
-4.69984e-06
-3.60764e-05
3.22811e-06
-3.86943e-05
1.18091e-05
-4.14121e-05
2.05366e-05
-4.41242e-05
2.88669e-05
-4.65898e-05
3.59224e-05
-4.85201e-05
4.10593e-05
-4.95589e-05
4.35466e-05
-4.90478e-05
4.23039e-05
-4.63127e-05
3.67143e-05
-4.12063e-05
2.63902e-05
1.04392e-05
-3.43907e-05
-3.52599e-05
-2.22918e-06
-3.77601e-05
5.72791e-06
-4.02385e-05
1.42852e-05
-4.25934e-05
2.28922e-05
-4.46542e-05
3.09283e-05
-4.63064e-05
3.75751e-05
-4.72017e-05
4.19552e-05
-4.66632e-05
4.30084e-05
-4.41161e-05
3.97572e-05
-3.95058e-05
3.21042e-05
-3.28776e-05
1.97618e-05
-2.80458e-05
5.6078e-06
-4.02364e-05
7.19107e-06
-3.24201e-05
-3.89565e-06
-2.61032e-05
-1.45662e-05
-2.1596e-05
-2.33976e-05
-1.89509e-05
-3.03745e-05
-1.80092e-05
-3.51326e-05
-1.83962e-05
-3.76509e-05
-1.96738e-05
-3.77154e-05
-2.1843e-05
-3.55556e-05
-2.42506e-05
-3.05836e-05
-2.64962e-05
-2.40559e-05
-1.57348e-05
-3.04916e-05
-3.33242e-06
-2.30178e-05
-1.13696e-05
-1.81886e-05
-1.93952e-05
-1.55283e-05
-2.60577e-05
-1.47116e-05
-3.11911e-05
-1.53021e-05
-3.45423e-05
-1.70071e-05
-3.59462e-05
-1.94388e-05
-3.52842e-05
-2.23287e-05
-3.26662e-05
-2.51177e-05
-2.77955e-05
-2.75914e-05
-2.15801e-05
-1.40051e-05
-2.33643e-05
-1.43599e-05
-1.72853e-05
-1.74489e-05
-1.41483e-05
-2.25323e-05
-1.29187e-05
-2.72876e-05
-1.32251e-05
-3.08851e-05
-1.47445e-05
-3.30235e-05
-1.71544e-05
-3.35372e-05
-2.01071e-05
-3.23328e-05
-2.33095e-05
-2.9465e-05
-2.63265e-05
-2.47792e-05
-2.9023e-05
-1.88877e-05
-1.18027e-05
-1.6844e-05
-2.55613e-05
-1.3304e-05
-2.09887e-05
-1.18695e-05
-2.39664e-05
-1.17994e-05
-2.73572e-05
-1.29097e-05
-2.97747e-05
-1.49866e-05
-3.09465e-05
-1.77647e-05
-3.07593e-05
-2.09486e-05
-2.91488e-05
-2.42692e-05
-2.61443e-05
-2.74002e-05
-2.16486e-05
-3.0242e-05
-1.60428e-05
-9.33023e-06
-3.59403e-05
2.14727e-07
3.34907e-05
-3.82584e-05
8.02857e-06
-4.03651e-05
1.63613e-05
-4.21965e-05
2.46868e-05
-4.3579e-05
3.22747e-05
-4.42379e-05
3.82073e-05
-4.37123e-05
4.14199e-05
-4.15362e-05
4.08475e-05
-3.73088e-05
3.55618e-05
-3.04861e-05
2.53224e-05
-1.93606e-05
8.67256e-06
-1.37296e-05
-3.56552e-05
2.46276e-06
3.34105e-05
-3.76365e-05
1.00115e-05
-3.92571e-05
1.79835e-05
-4.03718e-05
2.58028e-05
-4.07852e-05
3.26892e-05
-4.02569e-05
3.76797e-05
-3.84817e-05
3.96455e-05
-3.50918e-05
3.74582e-05
-2.95315e-05
3.00023e-05
-2.07542e-05
1.65453e-05
-8.79301e-06
-3.28904e-06
-2.25209e-05
-3.43549e-05
4.33606e-06
3.24801e-05
-3.58192e-05
1.14758e-05
-3.67551e-05
1.89193e-05
-3.70312e-05
2.60786e-05
-3.65126e-05
3.21701e-05
-3.50115e-05
3.61784e-05
-3.22871e-05
3.69208e-05
-2.80397e-05
3.32108e-05
-2.18331e-05
2.37955e-05
-1.32429e-05
7.95486e-06
-4.41485e-06
-1.21173e-05
-2.69378e-05
-3.22115e-05
5.72204e-06
3.08288e-05
-3.3061e-05
1.23274e-05
-3.32737e-05
1.91338e-05
-3.27484e-05
2.55547e-05
-3.13841e-05
3.08069e-05
-2.90609e-05
3.38562e-05
-2.56442e-05
3.3505e-05
-2.09761e-05
2.85437e-05
-1.4966e-05
1.77864e-05
-8.2549e-06
1.24454e-06
-2.9707e-06
-1.74012e-05
-2.99067e-05
-2.94925e-05
6.55614e-06
2.86578e-05
-2.9701e-05
1.25362e-05
-2.92015e-05
1.86342e-05
-2.7924e-05
2.42773e-05
-2.58097e-05
2.86925e-05
-2.28294e-05
3.08763e-05
-1.89789e-05
2.96545e-05
-1.43012e-05
2.38667e-05
-9.07757e-06
1.25629e-05
-4.4097e-06
-3.42322e-06
-1.46094e-06
-2.03492e-05
-3.13677e-05
-2.64642e-05
6.83642e-06
2.6187e-05
-2.6045e-05
1.21188e-05
-2.48727e-05
1.74635e-05
-2.29083e-05
2.23142e-05
-2.01474e-05
2.59327e-05
-1.66654e-05
2.73953e-05
-1.2604e-05
2.55942e-05
-8.22354e-06
1.94873e-05
-4.04634e-06
8.38671e-06
-1.12136e-06
-6.34729e-06
6.6267e-08
-2.15357e-05
-3.12996e-05
-2.33638e-05
6.58679e-06
2.36136e-05
-2.23597e-05
1.11153e-05
-2.057e-05
1.5674e-05
-1.79914e-05
1.97361e-05
-1.46841e-05
2.26257e-05
-1.08275e-05
2.35395e-05
-6.70805e-06
2.14754e-05
-2.76973e-06
1.55498e-05
3.76014e-07
5.24167e-06
1.89311e-06
-7.86365e-06
1.68967e-06
-2.13308e-05
-2.96089e-05
-2.03795e-05
5.86771e-06
2.11008e-05
-1.88527e-05
9.58962e-06
-1.65121e-05
1.33344e-05
-1.33949e-05
1.662e-05
-9.62697e-06
1.88588e-05
-5.47914e-06
1.93931e-05
-1.36715e-06
1.73644e-05
2.13438e-06
1.20497e-05
4.41773e-06
2.95942e-06
4.77316e-06
-8.21802e-06
3.21842e-06
-1.97743e-05
-2.63889e-05
-1.76438e-05
4.75166e-06
1.87606e-05
-1.56706e-05
7.61752e-06
-1.28522e-05
1.05162e-05
-9.26674e-06
1.30354e-05
-5.09893e-06
1.46916e-05
-6.91765e-07
1.49864e-05
3.42973e-06
1.32445e-05
6.60074e-06
8.87924e-06
8.23948e-06
1.32218e-06
7.59876e-06
-7.57559e-06
4.69605e-06
-1.68703e-05
-2.16914e-05
-1.52112e-05
3.33103e-06
1.66345e-05
-1.28787e-05
5.28667e-06
-9.65716e-06
7.29592e-06
-5.65954e-06
9.03959e-06
-1.12021e-06
1.01537e-05
3.56492e-06
1.03034e-05
7.77901e-06
9.03226e-06
1.07626e-05
5.89767e-06
1.19581e-05
1.2895e-07
1.04138e-05
-6.02923e-06
6.04329e-06
-1.24975e-05
-1.56463e-05
-1.29555e-05
1.70588e-06
1.45867e-05
-1.03632e-05
2.69854e-06
-6.81463e-06
3.75101e-06
-2.43962e-06
4.66934e-06
2.47655e-06
5.2417e-06
7.49223e-06
5.29191e-06
1.19065e-05
4.62178e-06
1.48379e-05
2.96976e-06
1.56823e-05
-7.1113e-07
1.31914e-05
-3.53521e-06
7.42543e-06
-6.72879e-06
-8.21755e-06
-1.00584e-05
1.17663e-05
-7.35911e-06
-3.60713e-06
1.06312e-06
6.3057e-06
1.15984e-05
1.62208e-05
1.91912e-05
1.84807e-05
1.49458e-05
8.21755e-06
-9.438e-06
-1.61202e-05
-1.02544e-05
-2.01533e-05
-1.05089e-05
-2.36884e-05
-1.13801e-05
-2.64608e-05
-1.30505e-05
-2.80772e-05
-1.54602e-05
-2.85093e-05
-1.84137e-05
-2.77795e-05
-2.16682e-05
-2.58725e-05
-2.49904e-05
-2.28059e-05
-2.81313e-05
-1.84984e-05
-3.10054e-05
-1.31588e-05
-6.77094e-06
-3.3558e-05
-6.22175e-06
-9.89851e-06
-8.52772e-06
-1.78472e-05
-9.73295e-06
-2.24826e-05
-1.1207e-05
-2.49861e-05
-1.32273e-05
-2.60563e-05
-1.58074e-05
-2.59284e-05
-1.87991e-05
-2.47871e-05
-2.20002e-05
-2.26705e-05
-2.52135e-05
-1.95921e-05
-2.82438e-05
-1.5465e-05
-3.10131e-05
-1.039e-05
-4.31771e-06
-3.34668e-05
-4.94227e-06
-4.95915e-06
-7.49378e-06
-1.52956e-05
-9.24417e-06
-2.07321e-05
-1.10832e-05
-2.31469e-05
-1.33059e-05
-2.38337e-05
-1.59493e-05
-2.3285e-05
-1.88901e-05
-2.18465e-05
-2.19535e-05
-1.96072e-05
-2.49723e-05
-1.6573e-05
-2.77907e-05
-1.26485e-05
-3.03276e-05
-7.8516e-06
-2.12314e-06
-3.2521e-05
-4.1719e-06
-7.86164e-07
-6.79889e-06
-1.26685e-05
-8.82827e-06
-1.8702e-05
-1.08788e-05
-2.10957e-05
-1.32079e-05
-2.15036e-05
-1.58457e-05
-2.06465e-05
-1.86778e-05
-1.90134e-05
-2.15471e-05
-1.67368e-05
-2.431e-05
-1.38091e-05
-2.68355e-05
-1.01201e-05
-2.90406e-05
-5.64665e-06
-3.13552e-07
-3.08504e-05
-3.58964e-06
2.8027e-06
-6.16787e-06
-1.00898e-05
-8.34454e-06
-1.65252e-05
-1.052e-05
-1.89198e-05
-1.29018e-05
-1.91219e-05
-1.54968e-05
-1.80511e-05
-1.81902e-05
-1.632e-05
-2.08359e-05
-1.4091e-05
-2.33078e-05
-1.13367e-05
-2.54931e-05
-7.93598e-06
-2.73044e-05
-3.83383e-06
1.04335e-06
-2.866e-05
-2.99548e-06
5.79971e-06
-5.44208e-06
-7.64291e-06
-7.70203e-06
-1.42647e-05
-9.96454e-06
-1.66566e-05
-1.23787e-05
-1.67069e-05
-1.49205e-05
-1.55083e-05
-1.74704e-05
-1.37691e-05
-1.98886e-05
-1.16715e-05
-2.20631e-05
-9.16112e-06
-2.38928e-05
-6.1037e-06
-2.52896e-05
-2.43686e-06
1.92355e-06
-2.61698e-05
-2.27038e-06
8.0716e-06
-4.51515e-06
-5.39754e-06
-6.83645e-06
-1.19429e-05
-9.18449e-06
-1.43081e-05
-1.16383e-05
-1.42526e-05
-1.41382e-05
-1.30081e-05
-1.65612e-05
-1.13456e-05
-1.87717e-05
-9.46051e-06
-2.06686e-05
-7.26329e-06
-2.21604e-05
-4.61229e-06
-2.3157e-05
-1.43877e-06
2.34698e-06
-2.35794e-05
-1.33023e-06
9.40393e-06
-3.31143e-06
-3.41567e-06
-5.69559e-06
-9.55832e-06
-8.15623e-06
-1.18467e-05
-1.0679e-05
-1.17294e-05
-1.31651e-05
-1.05208e-05
-1.54947e-05
-9.01518e-06
-1.75367e-05
-7.41708e-06
-1.91994e-05
-5.59946e-06
-2.03972e-05
-3.41242e-06
-2.10387e-05
-7.96412e-07
2.36016e-06
-2.10513e-05
-1.07039e-07
9.51391e-06
-1.77373e-06
-1.74844e-06
-4.22779e-06
-7.10313e-06
-6.85038e-06
-9.22404e-06
-9.48935e-06
-9.08858e-06
-1.20017e-05
-8.00895e-06
-1.42819e-05
-6.73302e-06
-1.62093e-05
-5.48977e-06
-1.7699e-05
-4.10754e-06
-1.86699e-05
-2.44164e-06
-1.90242e-05
-4.40902e-07
2.03583e-06
-1.86989e-05
1.39515e-06
8.12198e-06
1.40811e-07
-4.92476e-07
-2.36553e-06
-4.5957e-06
-5.21216e-06
-6.37573e-06
-8.03264e-06
-6.26651e-06
-1.06142e-05
-5.42555e-06
-1.28905e-05
-4.45477e-06
-1.47631e-05
-3.61495e-06
-1.61549e-05
-2.71317e-06
-1.69833e-05
-1.61141e-06
-1.71358e-05
-2.8713e-07
1.46405e-06
-1.65629e-05
3.14267e-06
4.98427e-06
2.48028e-06
1.73393e-07
4.84365e-08
-2.16079e-06
-3.08369e-06
-3.23945e-06
-6.18186e-06
-3.1627e-06
-8.86639e-06
-2.73641e-06
-1.11551e-05
-2.16096e-06
-1.30109e-05
-1.7542e-06
-1.43748e-05
-1.3438e-06
-1.51626e-05
-8.20077e-07
-1.52209e-05
-2.25901e-07
7.52957e-07
-1.45076e-05
4.98511e-06
5.15921e-06
2.99924e-06
-2.39003e-07
-3.4006e-06
-6.13584e-06
-8.29578e-06
-1.00488e-05
-1.13919e-05
-1.22114e-05
-1.24368e-05
-1.16836e-05
-3.60022e-05
1.87535e-07
-3.83189e-05
8.00277e-06
-4.04252e-05
1.63412e-05
-4.22571e-05
2.46696e-05
-4.3638e-05
3.2262e-05
-4.42915e-05
3.81956e-05
-4.37568e-05
4.14065e-05
-4.15703e-05
4.08303e-05
-3.73321e-05
3.55432e-05
-3.04996e-05
2.53026e-05
-1.93659e-05
8.65337e-06
-1.37493e-05
-3.57077e-05
2.42794e-06
-3.76876e-05
9.98249e-06
-3.93073e-05
1.79595e-05
-4.042e-05
2.57833e-05
-4.08294e-05
3.26722e-05
-4.02948e-05
3.76619e-05
-3.8511e-05
3.96236e-05
-3.51118e-05
3.74319e-05
-2.95429e-05
2.99748e-05
-2.07593e-05
1.65194e-05
-8.79489e-06
-3.31092e-06
-2.25435e-05
-3.43923e-05
4.30028e-06
-3.58556e-05
1.14464e-05
-3.67899e-05
1.88956e-05
-3.7064e-05
2.60574e-05
-3.65415e-05
3.21499e-05
-3.50347e-05
3.61554e-05
-3.23031e-05
3.68921e-05
-2.80486e-05
3.31776e-05
-2.18359e-05
2.37622e-05
-1.32424e-05
7.9259e-06
-4.41321e-06
-1.21403e-05
-2.69579e-05
-3.22316e-05
5.68116e-06
-3.3081e-05
1.22957e-05
-3.32931e-05
1.91068e-05
-3.27662e-05
2.55313e-05
-3.13988e-05
3.07836e-05
-2.90712e-05
3.38287e-05
-2.56494e-05
3.34715e-05
-2.09767e-05
2.85058e-05
-1.49632e-05
1.77496e-05
-8.25061e-06
1.21395e-06
-2.9661e-06
-1.74245e-05
-2.99232e-05
-2.94945e-05
6.51658e-06
-2.97045e-05
1.25064e-05
-2.92053e-05
1.86089e-05
-2.79275e-05
2.4254e-05
-2.58115e-05
2.8668e-05
-2.28287e-05
3.08468e-05
-1.89756e-05
2.96186e-05
-1.42959e-05
2.3827e-05
-9.0712e-06
1.25251e-05
-4.40351e-06
-3.45371e-06
-1.45621e-06
-2.03713e-05
-3.13795e-05
-2.6449e-05
6.7956e-06
-2.60327e-05
1.209e-05
-2.48622e-05
1.74382e-05
-2.28987e-05
2.22914e-05
-2.01378e-05
2.5908e-05
-1.66554e-05
2.73655e-05
-1.25939e-05
2.55582e-05
-8.21379e-06
1.9448e-05
-4.03762e-06
8.34981e-06
-1.11443e-06
-6.37617e-06
7.05188e-08
-2.15555e-05
-3.1308e-05
-2.33329e-05
6.54987e-06
-2.23331e-05
1.10908e-05
-2.05463e-05
1.56523e-05
-1.79701e-05
1.97157e-05
-1.46644e-05
2.2603e-05
-1.08095e-05
2.35115e-05
-6.69219e-06
2.14416e-05
-2.7565e-06
1.55132e-05
3.86359e-07
5.2076e-06
1.90018e-06
-7.88947e-06
1.69313e-06
-2.13474e-05
-2.96141e-05
-2.03351e-05
5.83393e-06
-1.88137e-05
9.56971e-06
-1.64771e-05
1.33159e-05
-1.33634e-05
1.66028e-05
-9.59859e-06
1.8839e-05
-5.45431e-06
1.93684e-05
-1.34657e-06
1.73347e-05
2.15035e-06
1.20176e-05
4.42919e-06
2.92959e-06
4.78009e-06
-8.23959e-06
3.22129e-06
-1.97873e-05
-2.63917e-05
-1.75885e-05
4.72426e-06
-1.56217e-05
7.60332e-06
-1.28079e-05
1.05028e-05
-9.2269e-06
1.30223e-05
-5.06345e-06
1.46765e-05
-6.61424e-07
1.49667e-05
3.45405e-06
1.32208e-05
6.61871e-06
8.85314e-06
8.25156e-06
1.2982e-06
7.60537e-06
-7.59205e-06
4.69837e-06
-1.68793e-05
-2.16923e-05
-1.5148e-05
3.31013e-06
-1.28223e-05
5.27827e-06
-9.60601e-06
7.28699e-06
-5.61353e-06
9.03106e-06
-1.0795e-06
1.01434e-05
3.59932e-06
1.02895e-05
7.80589e-06
9.01554e-06
1.07817e-05
5.8789e-06
1.19702e-05
1.11637e-07
1.04197e-05
-6.03995e-06
6.04515e-06
-1.2503e-05
-1.56459e-05
-1.28876e-05
1.6917e-06
-1.03022e-05
2.69415e-06
-6.75915e-06
3.74561e-06
-2.38964e-06
4.66454e-06
2.5207e-06
5.23599e-06
7.52918e-06
5.28407e-06
1.19348e-05
4.61274e-06
1.48574e-05
2.95905e-06
1.56935e-05
-7.20978e-07
1.3196e-05
-3.54001e-06
7.42677e-06
-6.73165e-06
-8.21681e-06
-9.9916e-06
-7.29714e-06
-3.55092e-06
1.11425e-06
6.35088e-06
1.16355e-05
1.62487e-05
1.92084e-05
1.84878e-05
1.49481e-05
8.21681e-06
-9.42634e-06
-1.61638e-05
-1.0236e-05
-2.01951e-05
-1.04851e-05
-2.37262e-05
-1.13524e-05
-2.64914e-05
-1.30204e-05
-2.80997e-05
-1.5429e-05
-2.85219e-05
-1.83828e-05
-2.77804e-05
-2.16389e-05
-2.58592e-05
-2.49644e-05
-2.278e-05
-2.81087e-05
-1.84619e-05
-3.09874e-05
-1.31209e-05
-6.72954e-06
-3.35411e-05
-6.2124e-06
-9.94977e-06
-8.51345e-06
-1.78939e-05
-9.71518e-06
-2.2524e-05
-1.11868e-05
-2.50193e-05
-1.32058e-05
-2.60803e-05
-1.57854e-05
-2.5942e-05
-1.87772e-05
-2.47881e-05
-2.19791e-05
-2.2657e-05
-2.51938e-05
-1.95645e-05
-2.82261e-05
-1.54293e-05
-3.09955e-05
-1.03479e-05
-4.27959e-06
-3.34484e-05
-4.93776e-06
-5.01578e-06
-7.48574e-06
-1.53459e-05
-9.23406e-06
-2.07756e-05
-1.10719e-05
-2.31815e-05
-1.32942e-05
-2.38583e-05
-1.59376e-05
-2.3299e-05
-1.88784e-05
-2.18478e-05
-2.19419e-05
-1.95939e-05
-2.49609e-05
-1.65461e-05
-2.77782e-05
-1.26119e-05
-3.0314e-05
-7.81481e-06
-2.08712e-06
-3.25032e-05
-4.17143e-06
-8.42292e-07
-6.79729e-06
-1.27198e-05
-8.82609e-06
-1.87463e-05
-1.08766e-05
-2.11304e-05
-1.32062e-05
-2.15282e-05
-1.58445e-05
-2.06603e-05
-1.86767e-05
-1.90151e-05
-2.15455e-05
-1.67242e-05
-2.43071e-05
-1.37834e-05
-2.68307e-05
-1.00874e-05
-2.90318e-05
-5.61028e-06
-2.83878e-07
-3.08369e-05
-3.59281e-06
2.749e-06
-6.1723e-06
-1.01401e-05
-8.34988e-06
-1.65687e-05
-1.05266e-05
-1.89536e-05
-1.29097e-05
-1.91455e-05
-1.55057e-05
-1.80643e-05
-1.81993e-05
-1.63219e-05
-2.0844e-05
-1.40795e-05
-2.33139e-05
-1.13137e-05
-2.54955e-05
-7.90549e-06
-2.73026e-05
-3.80485e-06
1.06865e-06
-2.86522e-05
-3.00168e-06
5.75298e-06
-5.45173e-06
-7.68971e-06
-7.71412e-06
-1.43058e-05
-9.97898e-06
-1.66883e-05
-1.23953e-05
-1.67287e-05
-1.49386e-05
-1.55205e-05
-1.74887e-05
-1.3771e-05
-1.99057e-05
-1.16616e-05
-2.20775e-05
-9.14068e-06
-2.39032e-05
-6.07862e-06
-2.52946e-05
-2.41052e-06
1.9424e-06
-2.61692e-05
-2.27891e-06
8.03308e-06
-4.529e-06
-5.43916e-06
-6.85419e-06
-1.19802e-05
-9.20561e-06
-1.43367e-05
-1.16623e-05
-1.42718e-05
-1.4164e-05
-1.30187e-05
-1.65873e-05
-1.13475e-05
-1.87964e-05
-9.4522e-06
-2.06903e-05
-7.24631e-06
-2.21773e-05
-4.59075e-06
-2.31691e-05
-1.41944e-06
2.36153e-06
-2.35857e-05
-1.34015e-06
9.37549e-06
-3.32819e-06
-3.45047e-06
-5.71758e-06
-9.59041e-06
-8.18251e-06
-1.18711e-05
-1.07087e-05
-1.17454e-05
-1.31971e-05
-1.05294e-05
-1.55271e-05
-9.01683e-06
-1.75675e-05
-7.41054e-06
-1.92269e-05
-5.58567e-06
-2.042e-05
-3.39631e-06
-2.10563e-05
-7.81087e-07
2.36965e-06
-2.10641e-05
-1.17376e-07
9.49651e-06
-1.79186e-06
-1.77581e-06
-4.25226e-06
-7.12841e-06
-6.88004e-06
-9.24385e-06
-9.52287e-06
-9.10055e-06
-1.20378e-05
-8.01535e-06
-1.43186e-05
-6.73434e-06
-1.62441e-05
-5.48504e-06
-1.77306e-05
-4.09778e-06
-1.86965e-05
-2.42962e-06
-1.90462e-05
-4.30767e-07
2.0417e-06
-1.87165e-05
1.38584e-06
8.11425e-06
1.23305e-07
-5.11756e-07
-2.39049e-06
-4.6132e-06
-5.24306e-06
-6.3898e-06
-8.06786e-06
-6.27424e-06
-1.06523e-05
-5.42939e-06
-1.29293e-05
-4.45558e-06
-1.48002e-05
-3.61218e-06
-1.61887e-05
-2.70716e-06
-1.70122e-05
-1.60369e-06
-1.71602e-05
-2.80836e-07
1.46663e-06
-1.65837e-05
3.13612e-06
4.98348e-06
2.46551e-06
1.62311e-07
2.54425e-08
-2.16953e-06
-3.11369e-06
-3.24688e-06
-6.21657e-06
-3.1659e-06
-8.90405e-06
-2.73797e-06
-1.11938e-05
-2.16128e-06
-1.30482e-05
-1.75332e-06
-1.44088e-05
-1.34145e-06
-1.51917e-05
-8.158e-07
-1.52456e-05
-2.22533e-07
7.54264e-07
-1.45295e-05
4.98429e-06
5.14746e-06
2.97866e-06
-2.67043e-07
-3.432e-06
-6.16893e-06
-8.32928e-06
-1.00816e-05
-1.1422e-05
-1.2237e-05
-1.24587e-05
-1.17035e-05
-3.59835e-05
2.25415e-07
-3.8294e-05
8.03662e-06
-4.03905e-05
1.63675e-05
-4.22093e-05
2.46828e-05
-4.35763e-05
3.22577e-05
-4.42168e-05
3.81739e-05
-4.36739e-05
4.1373e-05
-4.14898e-05
4.07936e-05
-3.72636e-05
3.55175e-05
-3.04507e-05
2.52946e-05
-1.93424e-05
8.66826e-06
-1.37179e-05
-3.56849e-05
2.46286e-06
-3.76578e-05
1.00105e-05
-3.92669e-05
1.79772e-05
-4.0367e-05
2.57836e-05
-4.07643e-05
3.26556e-05
-4.02217e-05
3.76319e-05
-3.84366e-05
3.95885e-05
-3.50449e-05
3.74026e-05
-2.94919e-05
2.99652e-05
-2.07311e-05
1.65343e-05
-8.78803e-06
-3.27492e-06
-2.25053e-05
-3.43689e-05
4.32799e-06
-3.58242e-05
1.14652e-05
-3.67486e-05
1.89012e-05
-3.70125e-05
2.60471e-05
-3.64818e-05
3.21247e-05
-3.49708e-05
3.61207e-05
-3.22416e-05
3.68593e-05
-2.79969e-05
3.3158e-05
-2.18007e-05
2.37691e-05
-1.32268e-05
7.96051e-06
-4.41145e-06
-1.20903e-05
-2.69177e-05
-3.22113e-05
5.70393e-06
-3.30529e-05
1.23079e-05
-3.32564e-05
1.91057e-05
-3.27219e-05
2.55135e-05
-3.13491e-05
3.07528e-05
-2.90204e-05
3.37928e-05
-2.56031e-05
3.34428e-05
-2.09404e-05
2.84961e-05
-1.49408e-05
1.77703e-05
-8.23962e-06
1.25985e-06
-2.96121e-06
-1.73684e-05
-2.98786e-05
-2.94801e-05
6.53176e-06
-2.96829e-05
1.25107e-05
-2.91769e-05
1.85998e-05
-2.78937e-05
2.42304e-05
-2.5775e-05
2.86344e-05
-2.27934e-05
3.08114e-05
-1.89454e-05
2.95954e-05
-1.42744e-05
2.38252e-05
-9.05946e-06
1.25557e-05
-4.39675e-06
-3.40259e-06
-1.45192e-06
-2.03133e-05
-3.13299e-05
-2.6442e-05
6.80606e-06
-2.60197e-05
1.20896e-05
-2.48441e-05
1.74254e-05
-2.28776e-05
2.2265e-05
-2.01162e-05
2.5874e-05
-1.66366e-05
2.73327e-05
-1.25803e-05
2.55399e-05
-8.20629e-06
1.9452e-05
-4.03542e-06
8.38554e-06
-1.11271e-06
-6.32502e-06
7.30925e-08
-2.14987e-05
-3.12568e-05
-2.33338e-05
6.55467e-06
-2.23294e-05
1.10858e-05
-2.05395e-05
1.5636e-05
-1.79623e-05
1.96884e-05
-1.46583e-05
2.25705e-05
-1.08073e-05
2.34825e-05
-6.69459e-06
2.14276e-05
-2.76221e-06
1.55205e-05
3.79197e-07
5.24433e-06
1.89603e-06
-7.84103e-06
1.69203e-06
-2.12945e-05
-2.95636e-05
-2.03433e-05
5.83545e-06
-1.88188e-05
9.56252e-06
-1.64812e-05
1.32995e-05
-1.33687e-05
1.65769e-05
-9.60725e-06
1.88104e-05
-5.46772e-06
1.93437e-05
-1.36365e-06
1.73251e-05
2.13231e-06
1.2025e-05
4.41286e-06
2.96482e-06
4.76972e-06
-8.19778e-06
3.21705e-06
-1.97415e-05
-2.63462e-05
-1.76028e-05
4.72248e-06
-1.56344e-05
7.59545e-06
-1.28215e-05
1.0487e-05
-9.24354e-06
1.30004e-05
-5.08518e-06
1.46514e-05
-6.88044e-07
1.49494e-05
3.42377e-06
1.32112e-05
6.59004e-06
8.86247e-06
8.22645e-06
1.32671e-06
7.58899e-06
-7.55743e-06
4.69056e-06
-1.68428e-05
-2.16546e-05
-1.51665e-05
3.30738e-06
-1.28405e-05
5.2717e-06
-9.62664e-06
7.27517e-06
-5.63911e-06
9.01448e-06
-1.11118e-06
1.01251e-05
3.56174e-06
1.02778e-05
7.76551e-06
9.00866e-06
1.07437e-05
5.88616e-06
1.19377e-05
1.33653e-07
1.03979e-05
-6.01591e-06
6.03429e-06
-1.24782e-05
-1.56194e-05
-1.29081e-05
1.69079e-06
-1.03234e-05
2.69224e-06
-6.78399e-06
3.74068e-06
-2.42098e-06
4.6565e-06
2.48171e-06
5.22614e-06
7.48401e-06
5.27915e-06
1.18866e-05
4.60813e-06
1.4812e-05
2.96387e-06
1.56555e-05
-7.08126e-07
1.31705e-05
-3.52878e-06
7.41334e-06
-6.7197e-06
-8.20419e-06
-1.00116e-05
-7.3184e-06
-3.57668e-06
1.08063e-06
6.30758e-06
1.15871e-05
1.61958e-05
1.91599e-05
1.84522e-05
1.49236e-05
8.20419e-06
-9.42396e-06
-1.61037e-05
-1.02387e-05
-2.0159e-05
-1.0494e-05
-2.37072e-05
-1.1366e-05
-2.64888e-05
-1.30376e-05
-2.81113e-05
-1.54489e-05
-2.85454e-05
-1.84046e-05
-2.78139e-05
-2.16617e-05
-2.5902e-05
-2.49868e-05
-2.28281e-05
-2.81309e-05
-1.85104e-05
-3.10079e-05
-1.31582e-05
-6.75621e-06
-3.35621e-05
-6.21314e-06
-9.89e-06
-8.51757e-06
-1.78545e-05
-9.72322e-06
-2.2501e-05
-1.11981e-05
-2.50133e-05
-1.32197e-05
-2.60891e-05
-1.58014e-05
-2.59629e-05
-1.87953e-05
-2.48194e-05
-2.19988e-05
-2.26976e-05
-2.52149e-05
-1.96115e-05
-2.82479e-05
-1.54743e-05
-3.10195e-05
-1.03873e-05
-4.30208e-06
-3.34744e-05
-4.93801e-06
-4.95552e-06
-7.48844e-06
-1.53039e-05
-9.23921e-06
-2.07501e-05
-1.10791e-05
-2.31732e-05
-1.33032e-05
-2.3865e-05
-1.59483e-05
-2.33178e-05
-1.88913e-05
-2.18766e-05
-2.19571e-05
-1.9632e-05
-2.49784e-05
-1.659e-05
-2.77991e-05
-1.26557e-05
-3.03378e-05
-7.84732e-06
-2.10696e-06
-3.25319e-05
-4.17046e-06
-7.83086e-07
-6.79727e-06
-1.2677e-05
-8.82727e-06
-1.87195e-05
-1.08789e-05
-2.11209e-05
-1.32096e-05
-2.15334e-05
-1.58493e-05
-2.06773e-05
-1.86836e-05
-1.90413e-05
-2.15552e-05
-1.67593e-05
-2.43204e-05
-1.38238e-05
-2.68478e-05
-1.01255e-05
-2.90542e-05
-5.64129e-06
-2.9734e-07
-3.08642e-05
-3.59008e-06
2.80576e-06
-6.16889e-06
-1.00977e-05
-8.34661e-06
-1.65417e-05
-1.05235e-05
-1.89436e-05
-1.29072e-05
-1.91499e-05
-1.55043e-05
-1.80798e-05
-1.82001e-05
-1.63456e-05
-2.0848e-05
-1.41112e-05
-2.3322e-05
-1.13494e-05
-2.55088e-05
-7.93993e-06
-2.73208e-05
-3.82793e-06
1.05902e-06
-2.86761e-05
-2.99686e-06
5.80508e-06
-5.44474e-06
-7.64954e-06
-7.70623e-06
-1.42796e-05
-9.97056e-06
-1.66786e-05
-1.2387e-05
-1.67325e-05
-1.49312e-05
-1.55347e-05
-1.74837e-05
-1.37921e-05
-1.99042e-05
-1.16895e-05
-2.20806e-05
-9.17191e-06
-2.39114e-05
-6.10672e-06
-2.53084e-05
-2.4309e-06
1.93815e-06
-2.61877e-05
-2.27203e-06
8.07817e-06
-4.51845e-06
-5.40248e-06
-6.84188e-06
-1.19559e-05
-9.19215e-06
-1.43278e-05
-1.16488e-05
-1.42757e-05
-1.41514e-05
-1.30314e-05
-1.65773e-05
-1.13658e-05
-1.87901e-05
-9.47606e-06
-2.06888e-05
-7.27247e-06
-2.21813e-05
-4.61455e-06
-2.31776e-05
-1.43334e-06
2.35993e-06
-2.35986e-05
-1.33144e-06
9.41309e-06
-3.31445e-06
-3.41877e-06
-5.70122e-06
-9.56847e-06
-8.16459e-06
-1.18637e-05
-1.06907e-05
-1.17489e-05
-1.318e-05
-1.05412e-05
-1.55129e-05
-9.03192e-06
-1.75573e-05
-7.43043e-06
-1.92219e-05
-5.60681e-06
-2.042e-05
-3.41459e-06
-2.10607e-05
-7.91865e-07
2.3711e-06
-2.10715e-05
-1.07419e-07
9.52185e-06
-1.77541e-06
-1.7493e-06
-4.23273e-06
-7.11152e-06
-6.85827e-06
-9.23669e-06
-9.5015e-06
-9.10525e-06
-1.20173e-05
-8.02438e-06
-1.43016e-05
-6.74707e-06
-1.62313e-05
-5.49937e-06
-1.77232e-05
-4.114e-06
-1.86941e-05
-2.44289e-06
-1.90472e-05
-4.37668e-07
2.04423e-06
-1.87196e-05
1.39654e-06
8.1296e-06
1.41106e-07
-4.92164e-07
-2.36846e-06
-4.60111e-06
-5.21871e-06
-6.38434e-06
-8.04402e-06
-6.27849e-06
-1.06298e-05
-5.43641e-06
-1.29107e-05
-4.46457e-06
-1.47861e-05
-3.62142e-06
-1.61801e-05
-2.71789e-06
-1.70082e-05
-1.61227e-06
-1.71592e-05
-2.85107e-07
1.4697e-06
-1.65838e-05
3.14605e-06
4.98973e-06
2.48344e-06
1.74526e-07
4.86219e-08
-2.16357e-06
-3.0876e-06
-3.24301e-06
-6.19156e-06
-3.16933e-06
-8.88098e-06
-2.74167e-06
-1.11748e-05
-2.16632e-06
-1.30337e-05
-1.75709e-06
-1.43999e-05
-1.34669e-06
-1.51875e-05
-8.20056e-07
-1.52441e-05
-2.24913e-07
7.55655e-07
-1.45282e-05
4.99076e-06
5.16587e-06
3.00335e-06
-2.38589e-07
-3.40659e-06
-6.14728e-06
-8.31247e-06
-1.00685e-05
-1.14143e-05
-1.22336e-05
-1.24581e-05
-1.17022e-05
-3.60065e-05
2.15915e-07
-3.83217e-05
8.04338e-06
-4.04241e-05
1.63897e-05
-4.22501e-05
2.47179e-05
-4.36241e-05
3.23021e-05
-4.42702e-05
3.82211e-05
-4.37278e-05
4.14128e-05
-4.15355e-05
4.0816e-05
-3.72937e-05
3.55153e-05
-3.04622e-05
2.52724e-05
-1.93388e-05
8.63822e-06
-1.37323e-05
-3.57151e-05
2.45584e-06
-3.7693e-05
1.00211e-05
-3.93088e-05
1.80039e-05
-4.04159e-05
2.5826e-05
-4.08186e-05
3.27057e-05
-4.02769e-05
3.76803e-05
-3.84864e-05
3.96233e-05
-3.50828e-05
3.74132e-05
-2.95124e-05
2.99455e-05
-2.07336e-05
1.64941e-05
-8.78262e-06
-3.31251e-06
-2.25135e-05
-3.44027e-05
4.32746e-06
-3.58637e-05
1.14826e-05
-3.67939e-05
1.89361e-05
-3.70624e-05
2.60945e-05
-3.65336e-05
3.21771e-05
-3.50204e-05
3.61675e-05
-3.22836e-05
3.68867e-05
-2.80262e-05
3.31562e-05
-2.18143e-05
2.37337e-05
-1.32277e-05
7.9075e-06
-4.40884e-06
-1.21313e-05
-2.69234e-05
-3.22443e-05
5.70701e-06
-3.30909e-05
1.23291e-05
-3.32987e-05
1.9143e-05
-3.27665e-05
2.55633e-05
-3.13934e-05
3.08052e-05
-2.90605e-05
3.38357e-05
-2.56349e-05
3.34624e-05
-2.0961e-05
2.84834e-05
-1.49499e-05
1.77237e-05
-8.24438e-06
1.2028e-06
-2.96629e-06
-1.74088e-05
-2.98884e-05
-2.95088e-05
6.54062e-06
-2.97156e-05
1.25366e-05
-2.9212e-05
1.86409e-05
-2.79292e-05
2.42809e-05
-2.58082e-05
2.86846e-05
-2.28213e-05
3.08498e-05
-1.89657e-05
2.96073e-05
-1.42863e-05
2.38049e-05
-9.06492e-06
1.25027e-05
-4.40278e-06
-3.45922e-06
-1.458e-06
-2.03528e-05
-3.13463e-05
-2.64645e-05
6.81727e-06
-2.60446e-05
1.21167e-05
-2.48696e-05
1.74656e-05
-2.29014e-05
2.23137e-05
-2.0136e-05
2.59204e-05
-1.66507e-05
2.73657e-05
-1.25881e-05
2.55459e-05
-8.20943e-06
1.94275e-05
-4.03687e-06
8.33116e-06
-1.11727e-06
-6.37793e-06
6.76793e-08
-2.15368e-05
-3.12773e-05
-2.33493e-05
6.56872e-06
-2.23457e-05
1.11136e-05
-2.05542e-05
1.56753e-05
-1.79734e-05
1.97335e-05
-1.4664e-05
2.26119e-05
-1.08072e-05
2.35099e-05
-6.68989e-06
2.14296e-05
-2.75645e-06
1.54949e-05
3.83126e-07
5.1925e-06
1.895e-06
-7.8892e-06
1.68959e-06
-2.133e-05
-2.95867e-05
-2.03521e-05
5.84961e-06
-1.88265e-05
9.58841e-06
-1.64853e-05
1.33343e-05
-1.33673e-05
1.66166e-05
-9.59935e-06
1.88449e-05
-5.45398e-06
1.93659e-05
-1.34708e-06
1.73237e-05
2.14712e-06
1.20023e-05
4.42314e-06
2.91745e-06
4.77323e-06
-8.23833e-06
3.21704e-06
-1.97723e-05
-2.63682e-05
-1.76058e-05
4.73637e-06
-1.56346e-05
7.61771e-06
-1.28161e-05
1.05168e-05
-9.23117e-06
1.30318e-05
-5.06499e-06
1.46803e-05
-6.62633e-07
1.49634e-05
3.45147e-06
1.32119e-05
6.61301e-06
8.84056e-06
8.2435e-06
1.28914e-06
7.59705e-06
-7.59073e-06
4.69352e-06
-1.68672e-05
-2.16735e-05
-1.51652e-05
3.31836e-06
-1.28348e-05
5.28813e-06
-9.61393e-06
7.29619e-06
-5.61776e-06
9.03689e-06
-1.08148e-06
1.01454e-05
3.59719e-06
1.02866e-05
7.80175e-06
9.00913e-06
1.07743e-05
5.86976e-06
1.19604e-05
1.0541e-07
1.041e-05
-6.03858e-06
6.03963e-06
-1.24946e-05
-1.56323e-05
-1.29042e-05
1.69575e-06
-1.03139e-05
2.69917e-06
-6.76629e-06
3.75002e-06
-2.39338e-06
4.66704e-06
2.51878e-06
5.23707e-06
7.52653e-06
5.28229e-06
1.19296e-05
4.6097e-06
1.48486e-05
2.95387e-06
1.56819e-05
-7.23661e-07
1.31849e-05
-3.53877e-06
7.42027e-06
-6.72728e-06
-8.20899e-06
-1.00062e-05
-7.30675e-06
-3.55613e-06
1.11175e-06
6.34954e-06
1.16326e-05
1.62428e-05
1.91974e-05
1.84742e-05
1.49358e-05
8.20899e-06
-9.421e-06
-1.61429e-05
-1.02331e-05
-2.01765e-05
-1.04848e-05
-2.37147e-05
-1.1353e-05
-2.64891e-05
-1.30197e-05
-2.81083e-05
-1.54244e-05
-2.85423e-05
-1.83712e-05
-2.78132e-05
-2.16176e-05
-2.59032e-05
-2.49317e-05
-2.28311e-05
-2.80649e-05
-1.85156e-05
-3.09359e-05
-1.31753e-05
-6.77323e-06
-6.21143e-06
-9.92944e-06
-8.51302e-06
-1.78747e-05
-9.71561e-06
-2.25114e-05
-1.11871e-05
-2.50171e-05
-1.32042e-05
-2.60908e-05
-1.57798e-05
-2.59665e-05
-1.87652e-05
-2.48274e-05
-2.19589e-05
-2.27092e-05
-2.51643e-05
-1.96249e-05
-2.81884e-05
-1.54912e-05
-3.09536e-05
-1.04064e-05
-4.318e-06
-4.93722e-06
-4.99456e-06
-7.48539e-06
-1.53262e-05
-9.23384e-06
-2.07628e-05
-1.10711e-05
-2.31798e-05
-1.32914e-05
-2.38708e-05
-1.59312e-05
-2.3327e-05
-1.8867e-05
-2.18921e-05
-2.19245e-05
-1.96522e-05
-2.49371e-05
-1.66127e-05
-2.77495e-05
-1.26786e-05
-3.02845e-05
-7.87388e-06
-2.11969e-06
-4.17033e-06
-8.21831e-07
-6.79591e-06
-1.27003e-05
-8.82448e-06
-1.87337e-05
-1.08743e-05
-2.11295e-05
-1.32023e-05
-2.15424e-05
-1.58379e-05
-2.0691e-05
-1.86668e-05
-1.90628e-05
-2.15321e-05
-1.67861e-05
-2.42906e-05
-1.38531e-05
-2.68127e-05
-1.01555e-05
-2.9016e-05
-5.66696e-06
-3.07776e-07
-3.59075e-06
2.76864e-06
-6.1694e-06
-1.01212e-05
-8.34654e-06
-1.65563e-05
-1.05227e-05
-1.89532e-05
-1.29047e-05
-1.91608e-05
-1.54993e-05
-1.80965e-05
-1.81915e-05
-1.63709e-05
-2.08355e-05
-1.41421e-05
-2.33055e-05
-1.13832e-05
-2.54888e-05
-7.97161e-06
-2.73003e-05
-3.85694e-06
1.05242e-06
-2.9985e-06
5.76949e-06
-5.44717e-06
-7.67213e-06
-7.70895e-06
-1.42941e-05
-9.97348e-06
-1.66883e-05
-1.23893e-05
-1.67445e-05
-1.49326e-05
-1.55528e-05
-1.74835e-05
-1.38194e-05
-1.99026e-05
-1.1722e-05
-2.20774e-05
-9.20718e-06
-2.39076e-05
-6.14001e-06
-2.53049e-05
-2.45633e-06
1.93416e-06
-2.27466e-06
8.04647e-06
-4.52288e-06
-5.42335e-06
-6.84722e-06
-1.19691e-05
-9.19864e-06
-1.43368e-05
-1.16555e-05
-1.42873e-05
-1.41587e-05
-1.30498e-05
-1.65849e-05
-1.13928e-05
-1.87989e-05
-9.50806e-06
-2.06984e-05
-7.30673e-06
-2.21922e-05
-4.64529e-06
-2.31907e-05
-1.45837e-06
2.35913e-06
-1.33516e-06
9.38382e-06
-3.32078e-06
-3.4369e-06
-5.70901e-06
-9.58058e-06
-8.17423e-06
-1.18708e-05
-1.07014e-05
-1.17601e-05
-1.31927e-05
-1.05575e-05
-1.55278e-05
-9.05736e-06
-1.75756e-05
-7.45864e-06
-1.9243e-05
-5.63798e-06
-2.04447e-05
-3.44179e-06
-2.10883e-05
-8.1276e-07
2.37228e-06
-1.11934e-07
9.50136e-06
-1.78382e-06
-1.76532e-06
-4.24237e-06
-7.1192e-06
-6.87088e-06
-9.24393e-06
-9.51518e-06
-9.11238e-06
-1.2035e-05
-8.04034e-06
-1.43224e-05
-6.76614e-06
-1.62582e-05
-5.52477e-06
-1.77544e-05
-4.13807e-06
-1.87307e-05
-2.46621e-06
-1.90876e-05
-4.55185e-07
2.04707e-06
1.39058e-06
8.11481e-06
1.31289e-07
-5.0412e-07
-2.38009e-06
-4.60602e-06
-5.2332e-06
-6.38938e-06
-8.06052e-06
-6.28336e-06
-1.06511e-05
-5.44839e-06
-1.2937e-05
-4.47803e-06
-1.48201e-05
-3.63987e-06
-1.62202e-05
-2.73479e-06
-1.70551e-05
-1.62934e-06
-1.72105e-05
-2.98564e-07
1.47398e-06
3.13909e-06
4.98191e-06
2.47211e-06
1.66906e-07
3.54742e-08
-2.16496e-06
-3.10368e-06
-3.24661e-06
-6.2101e-06
-3.17069e-06
-8.90561e-06
-2.74936e-06
-1.12057e-05
-2.17229e-06
-1.30738e-05
-1.76735e-06
-1.44474e-05
-1.35426e-06
-1.52433e-05
-8.29579e-07
-1.53049e-05
-2.32893e-07
7.61466e-07
4.98284e-06
5.15083e-06
2.98654e-06
-2.58682e-07
-3.42859e-06
-6.1766e-06
-8.34803e-06
-1.01139e-05
-1.14674e-05
-1.22962e-05
-1.25278e-05
)
;

boundaryField
{
    rotor
    {
        type            calculated;
        value           uniform 0;
    }
    stator
    {
        type            calculated;
        value           uniform 0;
    }
    front
    {
        type            empty;
        value           nonuniform 0();
    }
    back
    {
        type            empty;
        value           nonuniform 0();
    }
}


// ************************************************************************* //
