/*--------------------------------*- C++ -*----------------------------------*\
| =========                 |                                                 |
| \\      /  F ield         | OpenFOAM: The Open Source CFD Toolbox           |
|  \\    /   O peration     | Version:  4.0                                   |
|   \\  /    A nd           | Web:      www.OpenFOAM.org                      |
|    \\/     M anipulation  |                                                 |
\*---------------------------------------------------------------------------*/
FoamFile
{
    version     2.0;
    format      ascii;
    class       volVectorField;
    location    "150";
    object      U;
}
// * * * * * * * * * * * * * * * * * * * * * * * * * * * * * * * * * * * * * //

dimensions      [0 1 -1 0 0 0 0];

internalField   nonuniform List<vector> 
3072
(
(-0.0469354 2.22055 0)
(-0.00687357 1.88931 0)
(0.0852331 1.63813 1.17236e-19)
(0.210317 1.57328 1.92386e-18)
(0.435796 1.78233 -1.9594e-18)
(1.38645 1.77217 7.67205e-19)
(2.92382 2.03521 9.76466e-20)
(3.46659 2.90631 1.20998e-18)
(3.81672 3.28926 -2.50936e-18)
(4.2721 3.68094 1.75214e-18)
(4.68443 3.764 -2.98299e-19)
(5.07275 3.82901 1.93987e-19)
(-0.654692 2.80855 -1.74361e-19)
(-0.34793 2.32029 -1.33405e-19)
(0.184319 2.4522 2.92413e-19)
(1.13982 2.59433 0)
(2.33468 3.09697 2.99294e-19)
(3.21565 3.46204 -4.43398e-19)
(3.58343 3.58581 0)
(3.63933 3.77546 0)
(3.7213 3.87805 0)
(3.87278 3.99293 7.13459e-19)
(3.99935 4.05324 -6.13155e-19)
(4.15798 4.06428 7.68534e-19)
(-0.509044 3.16413 1.16731e-19)
(0.239386 2.8131 0)
(1.24676 3.07527 0)
(2.33866 3.35236 -1.50493e-18)
(3.17204 3.55778 6.01633e-19)
(3.59003 3.55206 -1.49871e-18)
(3.7774 3.50428 1.45049e-18)
(3.85821 3.50553 0)
(3.92231 3.49167 0)
(3.9907 3.47667 -6.59151e-19)
(4.06097 3.44544 -3.78783e-19)
(4.1499 3.39971 1.67761e-18)
(-0.215673 3.40986 -1.3263e-18)
(0.687093 3.29617 -2.13343e-18)
(1.74023 3.50107 9.27675e-19)
(2.70886 3.58453 -1.02717e-18)
(3.28335 3.52866 2.91527e-18)
(3.56255 3.4635 -2.4287e-18)
(3.67935 3.3728 -1.41992e-18)
(3.69628 3.30225 -4.40301e-18)
(3.70557 3.25364 -1.45013e-20)
(3.72899 3.2176 2.11588e-18)
(3.76683 3.18396 2.20281e-18)
(3.82169 3.14663 -1.71131e-18)
(0.130228 3.55142 0)
(1.01495 3.5478 8.22937e-19)
(1.9868 3.62869 -1.54375e-18)
(2.80045 3.54937 2.49629e-18)
(3.24749 3.43898 2.83535e-19)
(3.4258 3.28911 1.62312e-18)
(3.4671 3.16607 1.66082e-18)
(3.47197 3.07422 1.42599e-18)
(3.48198 3.00272 -2.766e-18)
(3.50178 2.94639 2.42313e-18)
(3.53222 2.90059 -3.10124e-18)
(3.57325 2.8592 4.21609e-18)
(0.387134 3.66947 -2.77015e-18)
(1.21266 3.7154 1.11424e-18)
(2.06349 3.69057 3.8128e-18)
(2.75533 3.50842 0)
(3.10649 3.31068 -4.62254e-18)
(3.21701 3.11654 5.00582e-18)
(3.24469 2.96658 0)
(3.25096 2.85098 -3.64447e-18)
(3.26016 2.76263 3.12436e-18)
(3.27631 2.69554 0)
(3.30004 2.64492 2.12838e-19)
(3.33048 2.60526 2.69998e-18)
(0.561227 3.80462 0)
(1.29765 3.87678 -2.83978e-18)
(2.02859 3.74851 2.19428e-18)
(2.61948 3.48884 0)
(2.88577 3.21192 -3.11911e-18)
(2.98007 2.97217 6.02754e-19)
(3.01132 2.78573 4.88377e-18)
(3.025 2.64438 4.08138e-18)
(3.03841 2.53896 -3.53677e-18)
(3.05534 2.46185 3.31289e-18)
(3.07642 2.40705 -2.81608e-18)
(3.10097 2.36887 -7.65526e-18)
(0.661906 4.00112 0)
(1.29479 4.09096 2.82168e-18)
(1.9068 3.86868 -4.04562e-18)
(2.38069 3.53187 4.45642e-18)
(2.62201 3.17022 0)
(2.72529 2.86827 -6.23153e-18)
(2.77274 2.63542 5.45665e-18)
(2.80071 2.46222 -4.19595e-20)
(2.82323 2.3362 -7.99626e-18)
(2.84464 2.24736 -3.5012e-18)
(2.86611 2.18772 -1.61312e-19)
(2.88759 2.1505 5.9651e-18)
(0.725673 4.19996 0)
(1.26214 4.3808 -3.91404e-18)
(1.71556 4.07402 -6.2008e-18)
(2.09344 3.65153 -4.67024e-18)
(2.32368 3.20784 8.93378e-18)
(2.45459 2.8276 0)
(2.53162 2.53316 0)
(2.58199 2.31628 0)
(2.61944 2.16194 0)
(2.64905 2.05717 3.87305e-18)
(2.67323 1.99051 -3.66484e-18)
(2.69346 1.95281 3.42894e-18)
(0.833358 4.60534 0)
(1.13222 4.71534 2.93618e-18)
(1.4324 4.27178 -6.45227e-19)
(1.74416 3.77091 5.08557e-18)
(1.98554 3.27237 4.8465e-18)
(2.15892 2.83003 -7.64339e-18)
(2.28136 2.47654 0)
(2.36636 2.21189 -2.11158e-19)
(2.42674 2.02377 -1.56677e-17)
(2.46985 1.89756 0)
(2.50041 1.81997 8.70621e-18)
(2.52132 1.77952 -3.89723e-18)
(1.20044 4.61283 0)
(0.924686 4.62461 3.14214e-18)
(1.0217 4.11935 9.72387e-18)
(1.31514 3.61132 -8.4285e-18)
(1.59562 3.16058 -1.14325e-17)
(1.82798 2.74228 1.72417e-17)
(2.00973 2.39047 -1.81047e-19)
(2.14379 2.11101 -6.30028e-18)
(2.23899 1.90398 5.08109e-18)
(2.30353 1.76262 -1.0492e-17)
(2.34577 1.67552 -1.40964e-17)
(2.37103 1.63182 1.37476e-17)
(0.190305 3.64064 -1.28752e-18)
(0.329963 3.54504 -1.08949e-17)
(0.540869 3.21087 1.87619e-18)
(0.868706 2.90444 0)
(1.19453 2.64577 0)
(1.48418 2.38517 1.58532e-19)
(1.72289 2.13959 1.6496e-17)
(1.90953 1.92373 1.0341e-17)
(2.0484 1.74861 0)
(2.14445 1.62132 9.63306e-18)
(2.20648 1.54076 0)
(2.24121 1.50222 4.87953e-19)
(5.37005 3.71314 3.55979e-18)
(5.60979 3.57198 -1.80605e-18)
(5.73947 3.33098 9.6755e-19)
(5.7965 3.07838 -1.72217e-19)
(5.75547 2.76943 7.62474e-20)
(5.61834 2.46727 0)
(5.36525 2.15032 0)
(5.00209 1.86029 5.58608e-19)
(4.51767 1.58457 -6.55157e-19)
(3.8546 1.30487 0)
(3.1404 0.938334 0)
(2.78683 0.186181 -5.09302e-19)
(4.31518 4.01225 -2.0725e-20)
(4.47486 3.91095 0)
(4.62271 3.75437 -9.08501e-19)
(4.74572 3.55509 -3.33347e-19)
(4.80999 3.3366 -8.39187e-20)
(4.8105 3.11134 1.43154e-18)
(4.73588 2.89315 -2.46245e-18)
(4.5841 2.70254 4.32652e-19)
(4.35374 2.56154 0)
(3.91778 2.45854 0)
(3.47158 2.36631 0)
(3.38879 2.1137 5.46073e-19)
(4.24489 3.33291 6.09068e-19)
(4.33588 3.24919 -1.75262e-18)
(4.40938 3.15254 4.29678e-19)
(4.45334 3.04965 1.26666e-18)
(4.45986 2.94659 -1.33084e-18)
(4.42402 2.85447 0)
(4.34073 2.78404 0)
(4.21019 2.75058 -9.97636e-20)
(4.03906 2.77179 7.80836e-19)
(3.76607 2.8514 0)
(3.41725 2.92132 0)
(3.46063 2.91427 -3.1386e-19)
(3.88442 3.10009 2.6143e-19)
(3.946 3.04462 2.12058e-18)
(3.99724 2.98283 1.53987e-18)
(4.02996 2.92117 -1.55619e-18)
(4.03903 2.86698 0)
(4.02218 2.82899 1.00516e-18)
(3.97656 2.8176 0)
(3.90189 2.8438 1.85504e-18)
(3.80641 2.92294 -6.40126e-19)
(3.67429 3.07316 0)
(3.39649 3.28982 -2.81277e-19)
(3.66085 3.59952 2.80139e-19)
(3.61908 2.81888 -1.63348e-18)
(3.66344 2.77953 0)
(3.70108 2.74329 0)
(3.72688 2.71624 0)
(3.73872 2.70284 0)
(3.73834 2.70686 -1.86805e-18)
(3.7228 2.74109 -9.57771e-20)
(3.69309 2.81369 -9.48243e-19)
(3.65334 2.93822 0)
(3.61293 3.13128 -7.77369e-19)
(3.39941 3.42318 2.91708e-19)
(3.79787 3.87779 -7.12211e-20)
(3.36417 2.57346 -1.82019e-19)
(3.39738 2.54873 -4.2623e-18)
(3.42728 2.53291 1.92578e-18)
(3.45172 2.52906 -1.26e-20)
(3.4734 2.54077 1.48379e-19)
(3.49096 2.57366 2.93595e-18)
(3.50485 2.63532 -9.95161e-20)
(3.5176 2.73399 -3.42774e-18)
(3.53346 2.8832 -1.41537e-18)
(3.55793 3.10818 6.41189e-19)
(3.45399 3.44983 -9.54392e-19)
(3.96409 4.04337 -2.072e-19)
(3.12724 2.3436 7.19979e-18)
(3.15365 2.32953 2.31206e-18)
(3.17981 2.32729 0)
(3.20688 2.33863 0)
(3.23664 2.36626 1.45709e-19)
(3.27026 2.41501 -2.22856e-18)
(3.30997 2.49102 3.56472e-18)
(3.36017 2.60074 -9.25796e-20)
(3.42612 2.75471 1.23555e-18)
(3.51932 2.97387 0)
(3.55253 3.31895 -1.79703e-19)
(4.05077 3.97767 -7.39649e-20)
(2.90875 2.13045 -2.81931e-18)
(2.93025 2.12425 -2.52301e-18)
(2.95362 2.1312 2.7152e-18)
(2.9816 2.1516 -2.51974e-18)
(3.01689 2.18749 1.07696e-20)
(3.06215 2.24301 5.11136e-18)
(3.12125 2.32295 -2.3611e-18)
(3.20098 2.43172 1.38554e-18)
(3.30985 2.57759 0)
(3.46505 2.77944 8.6708e-19)
(3.59235 3.10125 3.51154e-19)
(4.14785 3.79522 -5.84715e-19)
(2.71054 1.9364 3.19179e-18)
(2.72731 1.93552 -3.06727e-18)
(2.74674 1.94805 -2.80998e-18)
(2.77261 1.97278 -5.88063e-18)
(2.80838 2.01095 5.67539e-18)
(2.85757 2.06585 -5.48288e-18)
(2.92531 2.14084 0)
(3.0218 2.23748 -1.35469e-18)
(3.16028 2.36064 0)
(3.36477 2.52394 0)
(3.59949 2.78746 0)
(4.13517 3.42296 2.71494e-19)
(2.53467 1.76515 3.69466e-18)
(2.54591 1.76748 -7.25927e-18)
(2.55927 1.78303 7.00959e-18)
(2.57882 1.80887 6.71607e-18)
(2.60804 1.84528 3.24401e-18)
(2.65062 1.89468 0)
(2.71205 1.95831 0)
(2.80714 2.0333 3.33023e-18)
(2.95661 2.12066 0)
(3.19674 2.22536 -1.00294e-18)
(3.51473 2.38983 5.92979e-19)
(4.06494 2.87823 -8.65107e-19)
(2.38202 1.61902 -8.7453e-18)
(2.38684 1.62352 7.81602e-18)
(2.39162 1.64055 -7.5399e-18)
(2.3998 1.66577 -1.8992e-17)
(2.41357 1.69852 -2.26129e-19)
(2.43607 1.74032 1.17592e-19)
(2.47211 1.78957 -3.73496e-18)
(2.5426 1.83604 -3.44835e-18)
(2.67771 1.87615 0)
(2.92393 1.90198 3.12734e-18)
(3.30237 1.90019 8.18889e-19)
(3.83292 1.93764 -1.20417e-18)
(2.25191 1.49705 -4.50666e-19)
(2.25066 1.50414 0)
(2.24345 1.52289 0)
(2.23335 1.54728 4.0153e-18)
(2.22 1.57625 1.22392e-17)
(2.20536 1.61085 -3.9692e-18)
(2.19446 1.64726 -2.17563e-19)
(2.21685 1.66543 -2.03423e-18)
(2.30834 1.65707 -1.91544e-18)
(2.50316 1.59429 -1.96846e-18)
(2.90232 1.37479 0)
(3.26072 0.483939 1.52883e-18)
(2.21823 0.038294 6.40998e-22)
(1.88652 0.000755525 0)
(1.63656 -0.0891812 -1.1661e-19)
(1.57126 -0.21389 0)
(1.7782 -0.434217 -9.25878e-19)
(1.77368 -1.37472 7.67623e-19)
(2.02157 -2.91245 0)
(2.89709 -3.4635 1.06172e-18)
(3.28034 -3.81043 -2.18167e-18)
(3.67344 -4.26771 1.85533e-18)
(3.75707 -4.67892 -2.53415e-19)
(3.82313 -5.06846 -1.95677e-19)
(2.80836 0.650994 -9.47896e-20)
(2.31915 0.346808 6.29414e-20)
(2.45009 -0.178994 2.73953e-20)
(2.58957 -1.12794 0)
(3.08784 -2.32212 -3.01775e-19)
(3.457 -3.20541 1.90894e-19)
(3.58275 -3.57952 0)
(3.76929 -3.63975 8.26253e-19)
(3.872 -3.71931 -2.07892e-18)
(3.98697 -3.8715 1.1596e-18)
(4.04746 -3.99746 7.6046e-20)
(4.05894 -4.15625 -2.00771e-18)
(3.16348 0.509894 -1.17176e-19)
(2.81034 -0.2339 0)
(3.07025 -1.23804 -1.02104e-18)
(3.34737 -2.32976 0)
(3.55274 -3.16662 0)
(3.54851 -3.58801 -6.54601e-19)
(3.50015 -3.77647 3.14853e-18)
(3.50179 -3.85679 -2.35209e-18)
(3.48726 -3.92045 7.37275e-19)
(3.47225 -3.98935 0)
(3.44089 -4.05938 1.46955e-18)
(3.39519 -4.14831 -8.08294e-19)
(3.40991 0.217665 8.43483e-19)
(3.29441 -0.681893 1.18074e-18)
(3.49876 -1.73341 6.67208e-19)
(3.58273 -2.70222 1.53747e-18)
(3.52704 -3.27934 -1.37614e-18)
(3.46118 -3.56019 -8.83533e-19)
(3.37011 -3.67778 0)
(3.29925 -3.69502 0)
(3.25015 -3.70434 1.43324e-18)
(3.21367 -3.72784 0)
(3.17977 -3.76561 3.4968e-19)
(3.1423 -3.82047 6.5818e-19)
(3.55258 -0.126603 1.78689e-18)
(3.54771 -1.00972 -6.60055e-19)
(3.62889 -1.98034 -1.54657e-18)
(3.54996 -2.79453 0)
(3.43841 -3.24362 0)
(3.28841 -3.42364 2.11772e-18)
(3.16444 -3.46552 0)
(3.07204 -3.47055 -3.29272e-18)
(3.00002 -3.48065 -1.21423e-18)
(2.94322 -3.50059 2.42817e-18)
(2.89704 -3.53114 -3.10788e-18)
(2.85539 -3.57229 2.0085e-18)
(3.6709 -0.38348 -1.51356e-18)
(3.71621 -1.20765 -9.88413e-19)
(3.69137 -2.05781 1.71069e-18)
(3.51003 -2.74961 1.74746e-19)
(3.3118 -3.10288 2.34405e-18)
(3.11693 -3.21465 -4.80701e-18)
(2.96608 -3.24294 4.43429e-18)
(2.8498 -3.24952 3.26418e-19)
(2.76085 -3.25894 0)
(2.69321 -3.27534 0)
(2.64211 -3.29931 5.15777e-18)
(2.60207 -3.32998 -2.51313e-20)
(3.80643 -0.558047 -6.65538e-20)
(3.87865 -1.29327 -1.57457e-18)
(3.75089 -2.02334 0)
(3.49143 -2.61439 -2.65218e-18)
(3.21429 -2.88215 3.32969e-18)
(2.97375 -2.97757 8.85561e-18)
(2.78651 -3.00949 5.25466e-18)
(2.6444 -3.02363 5.78841e-19)
(2.53829 -3.03742 -7.26349e-18)
(2.46054 -3.05473 3.13627e-18)
(2.40515 -3.07615 3.18406e-18)
(2.36646 -3.10102 1.45161e-19)
(4.00308 -0.66042 1.96184e-19)
(4.09343 -1.29152 2.82472e-18)
(3.87223 -1.90206 0)
(3.53567 -2.3761 -4.46406e-18)
(3.17389 -2.61854 -3.54056e-18)
(2.87122 -2.72282 4.49899e-19)
(2.63757 -2.77102 -1.05989e-17)
(2.46358 -2.79956 2.51012e-19)
(2.3368 -2.82259 -2.53319e-19)
(2.24722 -2.84448 3.72478e-18)
(2.18688 -2.8664 -2.86717e-18)
(2.14902 -2.88828 1.84529e-19)
(4.20117 -0.725725 -3.92457e-18)
(4.38302 -1.26002 1.63681e-18)
(4.07732 -1.71192 -8.99658e-18)
(3.65583 -2.0894 4.65917e-18)
(3.21248 -2.32034 0)
(2.83187 -2.45215 0)
(2.53673 -2.53004 6.3049e-18)
(2.31907 -2.58113 1.05711e-17)
(2.16392 -2.61921 -4.58156e-18)
(2.05832 -2.64941 -3.8706e-18)
(1.99085 -2.67414 -3.51699e-18)
(1.95238 -2.69483 0)
(4.60561 -0.83389 4.02219e-20)
(4.71588 -1.13066 4.43298e-18)
(4.27367 -1.42951 1.09588e-17)
(3.7743 -1.74088 0)
(3.27679 -1.98259 8.64736e-18)
(2.83474 -2.15664 0)
(2.48102 -2.27994 1.99776e-19)
(2.21579 -2.36576 -5.60773e-18)
(2.02694 -2.4269 5.35714e-18)
(1.89993 -2.4707 0)
(1.82147 -2.50188 0)
(1.78015 -2.52334 -8.07673e-18)
(4.61249 -1.2005 -5.70084e-18)
(4.62451 -0.923754 3.14154e-18)
(4.12015 -1.02008 4.87935e-19)
(3.61335 -1.31278 -9.07123e-18)
(3.16381 -1.59322 -3.65416e-18)
(2.74626 -1.82599 -3.47934e-18)
(2.39483 -2.00845 -6.4067e-18)
(2.11527 -2.14333 -1.76021e-17)
(1.90783 -2.23938 -5.08118e-18)
(1.76584 -2.30473 -1.04908e-17)
(1.67795 -2.3477 9.83361e-18)
(1.63337 -2.37361 8.68808e-18)
(3.641 -0.190187 2.44679e-18)
(3.54502 -0.329183 -1.30468e-18)
(3.21114 -0.539584 1.94314e-19)
(2.90545 -0.866861 6.51371e-18)
(2.64782 -1.19254 0)
(2.38809 -1.48252 -5.84061e-18)
(2.14315 -1.72182 5.3964e-18)
(1.9276 -1.90922 4.91157e-18)
(1.75247 -2.04894 -1.54492e-17)
(1.62487 -2.14587 9.63353e-18)
(1.54372 -2.20868 -9.33712e-18)
(1.50446 -2.24417 0)
(3.70796 -5.36553 -1.85771e-18)
(3.56765 -5.60622 4.73534e-18)
(3.32729 -5.73611 -1.90036e-18)
(3.07552 -5.79363 -2.14418e-18)
(2.76713 -5.75301 1.77871e-18)
(2.4656 -5.61636 -2.25539e-19)
(2.14909 -5.36372 -1.01682e-20)
(1.85946 -5.00099 1.004e-19)
(1.584 -4.51693 -6.55493e-19)
(1.3045 -3.85411 0)
(0.938062 -3.14023 0)
(0.186036 -2.78667 -5.09263e-19)
(4.00729 -4.31322 6.7275e-20)
(3.90656 -4.47289 6.98449e-19)
(3.75063 -4.62059 -9.08607e-19)
(3.55178 -4.74391 0)
(3.33375 -4.80842 5.31386e-19)
(3.10895 -4.80922 0)
(2.8912 -4.73489 6.50855e-19)
(2.70102 -4.5834 1.58282e-18)
(2.56042 -4.35329 -1.36543e-18)
(2.45778 -3.91748 0)
(2.36578 -3.47151 0)
(2.1134 -3.38879 3.42016e-20)
(3.32849 -4.24321 2.90705e-19)
(3.24496 -4.33425 -2.87745e-19)
(3.14856 -4.40784 4.31983e-19)
(3.04604 -4.45199 0)
(2.94335 -4.4587 -5.90007e-19)
(2.85166 -4.42306 1.82143e-18)
(2.78165 -4.34 -2.64547e-18)
(2.74863 -4.20967 -3.43138e-18)
(2.7703 -4.03873 2.22504e-18)
(2.85037 -3.76596 0)
(2.92059 -3.41726 3.46553e-19)
(2.91395 -3.46066 1.14895e-19)
(3.09573 -3.88321 6.0742e-19)
(3.04034 -3.94487 -1.47713e-18)
(2.9787 -3.99624 1.54312e-18)
(2.91729 -4.02912 -1.55908e-18)
(2.86341 -4.03834 0)
(2.82582 -4.02165 1.00603e-18)
(2.81483 -3.97618 8.1319e-19)
(2.84146 -3.90166 5.52627e-19)
(2.92107 -3.8063 -1.27404e-18)
(3.07184 -3.67428 0)
(3.28903 -3.39659 -2.07392e-19)
(3.59921 -3.66094 3.10528e-19)
(2.8149 -3.61826 1.86443e-18)
(2.77548 -3.66278 -1.01507e-18)
(2.73927 -3.7006 0)
(2.71237 -3.72655 0)
(2.69916 -3.73853 8.94334e-19)
(2.70352 -3.73828 -8.46503e-19)
(2.73814 -3.72284 -1.73433e-19)
(2.81118 -3.6932 0)
(2.93619 -3.65348 -6.01044e-19)
(3.12975 -3.61301 7.77657e-19)
(3.42242 -3.3995 -6.23031e-19)
(3.87756 -3.79801 -1.09928e-19)
(2.56997 -3.36388 -4.31289e-18)
(2.54503 -3.3973 2.05735e-18)
(2.5291 -3.42739 4.01632e-18)
(2.52528 -3.45199 -1.28003e-20)
(2.53714 -3.47378 -5.02142e-18)
(2.57028 -3.49141 -2.17399e-18)
(2.6323 -3.50534 -1.64995e-19)
(2.7314 -3.51808 0)
(2.8811 -3.53387 0)
(3.10666 -3.55817 -6.41238e-19)
(3.44909 -3.45438 -5.6289e-19)
(4.0432 -3.96412 8.43058e-20)
(2.34077 -3.12757 2.44513e-18)
(2.32635 -3.15422 -4.84486e-18)
(2.32388 -3.18059 -2.11042e-18)
(2.33512 -3.20779 -1.47225e-19)
(2.36279 -3.23761 2.04194e-18)
(2.41174 -3.27123 2.05378e-18)
(2.48805 -3.31089 1.20578e-18)
(2.59817 -3.36097 1.18992e-18)
(2.75265 -3.42676 -1.35112e-18)
(2.97237 -3.51972 0)
(3.31829 -3.55278 7.32826e-19)
(3.97771 -4.05088 -2.2723e-19)
(2.12842 -2.90979 0)
(2.12175 -2.93154 2.5221e-18)
(2.12832 -2.9551 0)
(2.1485 -2.98318 -1.3697e-19)
(2.18433 -3.01847 1.09815e-20)
(2.23995 -3.06364 5.1049e-18)
(2.32015 -3.12257 -5.01296e-18)
(2.4293 -3.20208 0)
(2.57564 -3.31066 -1.52379e-18)
(2.77809 -3.46555 8.6608e-19)
(3.10065 -3.59269 -1.45341e-18)
(3.79554 -4.14788 6.97322e-19)
(1.93528 -2.7123 3.18928e-18)
(1.93382 -2.72933 -3.0644e-18)
(1.94582 -2.74892 -3.07033e-18)
(1.9702 -2.77485 3.00051e-18)
(2.0082 -2.81055 2.83019e-18)
(2.06312 -2.85955 -8.40472e-18)
(2.13831 -2.92701 2.66619e-18)
(2.23529 -3.02314 0)
(2.3589 -3.16124 1.42966e-18)
(2.52277 -3.36535 0)
(2.78696 -3.59979 1.91668e-18)
(3.42338 -4.13529 -1.37908e-18)
(1.765 -2.53713 0)
(1.76665 -2.54862 -7.2493e-18)
(1.78153 -2.56212 -3.75661e-18)
(1.8069 -2.58168 -6.45374e-18)
(1.84303 -2.61074 3.2367e-18)
(1.89237 -2.65302 3.05931e-18)
(1.95614 -2.71406 0)
(2.03145 -2.80868 0)
(2.11921 -2.95764 0)
(2.22435 -3.19731 0)
(2.38945 -3.51505 -5.87055e-19)
(2.8788 -4.06504 -8.21602e-20)
(1.61977 -2.38509 4.22546e-18)
(1.62354 -2.39012 3.75293e-18)
(1.63979 -2.39503 1.55706e-17)
(1.66444 -2.40319 4.04234e-18)
(1.69683 -2.41672 1.50556e-17)
(1.73852 -2.43879 -3.64277e-18)
(1.78782 -2.47432 -3.72396e-18)
(1.83456 -2.5442 0)
(1.87502 -2.67873 -3.71133e-18)
(1.90123 -2.92447 -2.06082e-18)
(1.89991 -3.30261 -1.59848e-18)
(1.93834 -3.83289 -7.75297e-26)
(1.4984 -2.25545 0)
(1.50491 -2.25434 0)
(1.52284 -2.24727 -1.74238e-17)
(1.54657 -2.23712 -1.25304e-17)
(1.57514 -2.22344 -3.8974e-18)
(1.60954 -2.20824 0)
(1.64592 -2.19672 3.92068e-18)
(1.66435 -2.21838 0)
(1.65628 -2.30927 -1.78563e-19)
(1.59379 -2.5037 1.96369e-18)
(1.37461 -2.90244 5.22475e-19)
(0.484451 -3.26046 3.00885e-18)
(0.0384638 -2.2179 6.97902e-20)
(0.000899217 -1.88653 2.73066e-19)
(-0.0888824 -1.63614 -3.16083e-19)
(-0.213162 -1.57168 3.08196e-19)
(-0.436301 -1.78025 0)
(-1.383 -1.77243 9.76462e-20)
(-2.92148 -2.03155 0)
(-3.46696 -2.90428 2.16098e-19)
(-3.81675 -3.28801 2.11205e-18)
(-4.27297 -3.68041 -9.68001e-19)
(-4.68543 -3.7641 -2.70966e-18)
(-5.07432 -3.82956 1.79637e-18)
(0.650989 -2.8085 3.00721e-19)
(0.346327 -2.31937 -1.371e-19)
(-0.181786 -2.45033 1.61498e-19)
(-1.13452 -2.59175 -1.45573e-19)
(-2.33116 -3.09301 -3.01472e-19)
(-3.2134 -3.45973 -8.93858e-20)
(-3.58357 -3.58508 -9.32609e-19)
(-3.64168 -3.77382 -1.62202e-18)
(-3.72298 -3.87687 2.59109e-18)
(-3.87472 -3.99216 -5.34754e-19)
(-4.00127 -4.05285 8.07261e-19)
(-4.16004 -4.06423 6.56055e-19)
(0.50956 -3.16352 -2.34516e-19)
(-0.236715 -2.81033 0)
(-1.24311 -3.07122 0)
(-2.33698 -3.34929 -6.24579e-19)
(-3.17248 -3.55514 0)
(-3.59225 -3.55025 -8.33065e-19)
(-3.78018 -3.50235 6.74187e-19)
(-3.86037 -3.50444 1.63456e-18)
(-3.92431 -3.49064 -1.06913e-18)
(-3.99276 -3.47588 -1.21106e-18)
(-4.06296 -3.44486 -1.84074e-18)
(-4.15186 -3.39938 1.6761e-18)
(0.217144 -3.40969 -1.68957e-18)
(-0.685164 -3.29435 -1.17629e-18)
(-1.7387 -3.49908 1.24124e-18)
(-2.70897 -3.58303 5.0719e-19)
(-3.28478 -3.5273 0)
(-3.56477 -3.46198 -2.77673e-18)
(-3.68181 -3.37131 2.36603e-18)
(-3.69859 -3.30083 0)
(-3.70773 -3.25231 2.03784e-18)
(-3.73106 -3.21641 -2.96854e-18)
(-3.76877 -3.18294 1.85134e-18)
(-3.82353 -3.14581 2.67326e-19)
(-0.127154 -3.55223 2.59611e-18)
(-1.01279 -3.54722 1.99793e-18)
(-1.98565 -3.62821 4.61835e-19)
(-2.80086 -3.54888 0)
(-3.24903 -3.43793 -1.68508e-18)
(-3.42804 -3.28802 3.45467e-18)
(-3.46941 -3.16468 0)
(-3.47412 -3.07277 -1.82479e-18)
(-3.48397 -3.00127 -1.55425e-18)
(-3.50363 -2.94498 2.42039e-18)
(-3.53393 -2.89929 0)
(-3.57486 -2.85806 -1.73799e-18)
(-0.38417 -3.67057 1.26567e-18)
(-1.21053 -3.71546 4.21401e-19)
(-2.06254 -3.69047 -1.68993e-18)
(-2.7557 -3.50827 -4.88313e-18)
(-3.10799 -3.31011 -1.18911e-19)
(-3.21895 -3.11557 5.00192e-18)
(-3.24669 -2.96528 0)
(-3.25287 -2.84952 5.60274e-18)
(-3.26193 -2.76108 -3.10687e-18)
(-3.27795 -2.69397 2.75496e-18)
(-3.30155 -2.6434 2.12597e-19)
(-3.33187 -2.60385 2.53515e-20)
(-0.558493 -3.80599 -1.47418e-18)
(-1.29569 -3.87735 -1.07985e-18)
(-2.02768 -3.74909 0)
(-2.61979 -3.48901 5.6421e-18)
(-2.88696 -3.21162 -9.43838e-18)
(-2.98166 -2.97137 -2.02292e-19)
(-3.013 -2.78458 -1.01215e-17)
(-3.02664 -2.64299 2.92765e-19)
(-3.03996 -2.53742 -3.53044e-18)
(-3.05678 -2.46023 -3.30652e-18)
(-3.07774 -2.4054 3.1756e-18)
(-3.10216 -2.36727 -2.62253e-18)
(-0.6601 -4.00261 -1.14749e-19)
(-1.29326 -4.09187 -1.48878e-18)
(-1.90583 -3.86981 0)
(-2.38078 -3.53247 4.45469e-18)
(-2.62289 -3.17026 3.32391e-18)
(-2.72655 -2.86774 2.91763e-18)
(-2.77416 -2.63448 -3.24135e-19)
(-2.80213 -2.46098 4.19186e-20)
(-2.82459 -2.33477 -4.14052e-18)
(-2.84591 -2.24579 -3.27953e-19)
(-2.86727 -2.18608 2.01036e-19)
(-2.88863 -2.14884 0)
(-0.724777 -4.20116 2.43943e-18)
(-1.26095 -4.3817 0)
(-1.71466 -4.07517 0)
(-2.09322 -3.65239 -4.66118e-18)
(-2.32416 -3.20821 4.00216e-18)
(-2.45551 -2.82745 -7.49454e-18)
(-2.53278 -2.53255 0)
(-2.58323 -2.31534 5.15837e-18)
(-2.62067 -2.16076 -2.41989e-19)
(-2.65021 -2.0558 3.86245e-18)
(-2.67429 -1.98899 -3.81871e-18)
(-2.69437 -1.95121 7.07081e-18)
(-0.832791 -4.606 5.00392e-18)
(-1.1313 -4.71555 -1.50506e-18)
(-1.43153 -4.27249 -5.80602e-18)
(-1.74379 -3.77164 -9.80007e-18)
(-1.98578 -3.27289 0)
(-2.15962 -2.83019 7.07659e-18)
(-2.28236 -2.47631 -1.31322e-17)
(-2.3675 -2.21131 5.55829e-18)
(-2.42791 -2.02292 5.35008e-18)
(-2.47096 -1.89649 0)
(-2.5014 -1.8187 -4.62731e-18)
(-2.52216 -1.7781 -7.50518e-18)
(-1.19988 -4.61321 -5.7614e-18)
(-0.92388 -4.62466 1.41304e-18)
(-1.02112 -4.1199 4.61262e-18)
(-1.31496 -3.61215 4.01581e-18)
(-1.59592 -3.16139 1.9565e-20)
(-1.8287 -2.74284 -1.04316e-17)
(-2.01073 -2.39073 1.24322e-17)
(-2.14494 -2.11091 2.32228e-17)
(-2.24015 -1.90358 -1.60002e-17)
(-2.30463 -1.76194 -1.04755e-17)
(-2.34678 -1.67458 9.28194e-18)
(-2.37188 -1.63067 0)
(-0.189895 -3.6411 3.82801e-18)
(-0.329623 -3.5457 1.60534e-18)
(-0.540745 -3.21186 1.68269e-18)
(-0.868882 -2.90579 6.78361e-18)
(-1.19507 -2.64725 0)
(-1.4851 -2.38651 5.68126e-18)
(-1.72406 -2.14063 -1.10984e-17)
(-1.91082 -1.92437 -5.0986e-18)
(-2.04969 -1.74885 -5.11835e-18)
(-2.14565 -1.62118 9.62166e-18)
(-2.20754 -1.54027 4.99214e-18)
(-2.24212 -1.50144 1.4226e-17)
(-5.37193 -3.71409 6.19443e-19)
(-5.61207 -3.57312 1.45018e-19)
(-5.74202 -3.33228 1.51451e-18)
(-5.79913 -3.07973 -4.21896e-18)
(-5.75824 -2.77079 1.70824e-18)
(-5.62101 -2.46856 0)
(-5.36785 -2.15153 -1.04427e-19)
(-5.00437 -1.86135 3.05241e-20)
(-4.51967 -1.5855 0)
(-3.85609 -1.30568 4.8584e-20)
(-3.1413 -0.939074 0)
(-2.78744 -0.187327 0)
(-4.31724 -4.01254 -1.43085e-18)
(-4.47697 -3.91154 1.61162e-18)
(-4.6248 -3.75527 7.55222e-19)
(-4.7479 -3.55615 -2.42985e-19)
(-4.81219 -3.3378 0)
(-4.81267 -3.11265 0)
(-4.73795 -2.89456 9.3047e-19)
(-4.586 -2.704 -1.02502e-18)
(-4.35538 -2.56307 0)
(-3.91911 -2.46018 5.00317e-19)
(-3.47233 -2.36804 -7.65552e-20)
(-3.38906 -2.11574 -8.88107e-19)
(-4.24679 -3.33282 7.49791e-19)
(-4.33778 -3.24934 -1.14182e-18)
(-4.41127 -3.15293 0)
(-4.45522 -3.05029 -1.28652e-18)
(-4.4617 -2.94745 -1.49193e-18)
(-4.42577 -2.85557 3.42811e-18)
(-4.34237 -2.78535 -3.2826e-18)
(-4.21166 -2.75211 0)
(-4.04031 -2.77354 0)
(-3.76701 -2.85343 0)
(-3.4179 -2.92363 -3.80943e-19)
(-3.46081 -2.9167 8.3935e-20)
(-3.88616 -3.09951 -6.04139e-19)
(-3.94768 -3.04431 -3.06766e-19)
(-3.99886 -2.9828 0)
(-4.0315 -2.92144 -2.7257e-19)
(-4.04048 -2.86755 0)
(-4.02353 -2.82989 0)
(-3.97776 -2.81883 9.02394e-19)
(-3.90294 -2.84536 -1.19231e-18)
(-3.80727 -2.92484 1.35043e-18)
(-3.67503 -3.07539 0)
(-3.39697 -3.29258 -2.80795e-19)
(-3.66088 -3.60262 -2.79599e-19)
(-3.62059 -2.81794 3.92838e-18)
(-3.66486 -2.77884 -1.0118e-18)
(-3.70241 -2.7429 1.70345e-18)
(-3.72807 -2.71623 6.88944e-19)
(-3.73982 -2.70312 -2.51328e-18)
(-3.7393 -2.70755 0)
(-3.72361 -2.74219 -1.0898e-18)
(-3.69375 -2.81519 0)
(-3.65385 -2.94011 0)
(-3.61334 -3.13357 7.77701e-19)
(-3.39971 -3.42605 6.40281e-20)
(-3.79773 -3.88098 3.43239e-19)
(-3.36545 -2.5722 -1.92924e-18)
(-3.39856 -2.5477 -1.51561e-19)
(-3.42831 -2.5322 0)
(-3.4526 -2.5287 0)
(-3.47415 -2.54081 -3.19223e-18)
(-3.49155 -2.57414 2.01856e-18)
(-3.50527 -2.63627 2.10029e-18)
(-3.51787 -2.73541 1.11685e-18)
(-3.5336 -2.88507 -2.73031e-18)
(-3.55803 -3.1105 -6.40071e-19)
(-3.45398 -3.4526 0)
(-3.96389 -4.04693 3.28833e-19)
(-3.1283 -2.34212 -5.04097e-18)
(-3.15456 -2.32823 2.04131e-18)
(-3.18055 -2.32629 2.25308e-18)
(-3.20746 -2.33798 1.30396e-19)
(-3.23705 -2.36604 -2.92082e-19)
(-3.27048 -2.41527 -2.36054e-18)
(-3.31001 -2.4918 -3.48291e-18)
(-3.36005 -2.60203 -1.28803e-18)
(-3.42589 -2.75649 1.23274e-18)
(-3.51904 -2.97611 0)
(-3.55245 -3.32162 1.26187e-18)
(-4.05035 -3.98104 -2.91093e-19)
(-2.90963 -2.12884 5.42202e-18)
(-2.93094 -2.12278 -2.96323e-18)
(-2.95413 -2.12998 -2.70756e-18)
(-2.98191 -2.15073 -4.88798e-18)
(-3.01698 -2.18705 4.83671e-18)
(-3.06202 -2.24309 -1.44228e-19)
(-3.1209 -2.32358 7.51582e-18)
(-3.20045 -2.43288 1.21524e-18)
(-3.30923 -2.57923 1.52235e-18)
(-3.46442 -2.78152 0)
(-3.59192 -3.10379 -8.8746e-19)
(-4.14744 -3.79816 -3.88642e-19)
(-2.71127 -1.93478 0)
(-2.72784 -1.93398 2.90254e-18)
(-2.74706 -1.94671 2.80106e-18)
(-2.77269 -1.97177 -2.86655e-18)
(-2.8082 -2.01036 -1.18041e-19)
(-2.85711 -2.06578 -2.92767e-18)
(-2.92458 -2.14133 -2.66308e-18)
(-3.02086 -2.23851 0)
(-3.15924 -2.36212 -1.42862e-18)
(-3.36378 -2.52579 -9.31311e-19)
(-3.59874 -2.78966 3.1022e-18)
(-4.1346 -3.42554 -6.44271e-19)
(-2.53531 -1.76365 0)
(-2.54634 -1.76599 0)
(-2.55946 -1.78167 0)
(-2.57873 -1.8078 -1.01069e-17)
(-2.60762 -1.84462 6.4445e-18)
(-2.64985 -1.89454 6.24167e-18)
(-2.71096 -1.95872 0)
(-2.80581 -2.03423 -3.31973e-18)
(-2.95518 -2.12199 0)
(-3.19538 -2.22697 -2.03104e-18)
(-3.51366 -2.39166 -5.86511e-19)
(-4.06421 -2.88011 -8.64726e-19)
(-2.38265 -1.61774 0)
(-2.38721 -1.62219 0)
(-2.39173 -1.63928 8.03094e-18)
(-2.39958 -1.66474 1.10985e-17)
(-2.41294 -1.69787 3.5854e-19)
(-2.43502 -1.74018 3.75676e-18)
(-2.47068 -1.78996 -1.82496e-18)
(-2.54091 -1.8369 5.20309e-18)
(-2.67594 -1.87735 3.70989e-18)
(-2.92225 -1.90336 1.89867e-18)
(-3.30097 -1.90158 -1.59805e-18)
(-3.83203 -1.93871 -1.40551e-18)
(-2.25254 -1.49604 0)
(-2.25104 -1.50305 0)
(-2.24352 -1.5218 -8.43442e-18)
(-2.23302 -1.54637 4.51224e-18)
(-2.21917 -1.57569 -3.89217e-18)
(-2.20403 -1.61074 -3.9582e-18)
(-2.19272 -1.64764 4.13384e-18)
(-2.21488 -1.66623 0)
(-2.30632 -1.65816 -3.77919e-18)
(-2.50129 -1.59549 -2.04238e-18)
(-2.90064 -1.37572 2.01679e-18)
(-3.25933 -0.483941 -2.99508e-18)
(-2.21815 -0.0388563 6.72926e-20)
(-1.88629 -0.00112322 0)
(-1.63615 0.0888795 0)
(-1.57108 0.213642 1.54317e-18)
(-1.77867 0.435005 -1.15032e-18)
(-1.77319 1.37776 0)
(-2.02486 2.91616 0)
(-2.89986 3.46519 2.16315e-19)
(-3.28317 3.81283 4.32843e-19)
(-3.67609 4.2697 -5.61073e-19)
(-3.75949 4.68112 -2.95742e-18)
(-3.82528 5.07031 1.19662e-18)
(-2.80841 -0.651483 -3.98036e-19)
(-2.31895 -0.346771 0)
(-2.44979 0.180002 0)
(-2.59023 1.12993 -4.34309e-19)
(-3.08939 2.32539 6.27778e-19)
(-3.45816 3.2086 -1.08576e-18)
(-3.58388 3.58141 1.06863e-18)
(-3.77133 3.64065 6.86391e-19)
(-3.87419 3.72046 -9.60786e-20)
(-3.98934 3.87234 7.12638e-19)
(-4.04991 3.99827 0)
(-4.06129 4.15701 -9.69865e-20)
(-3.16363 -0.51057 2.33345e-19)
(-2.81003 0.233964 0)
(-3.06992 1.23922 0)
(-3.34755 2.33259 -4.2378e-19)
(-3.5535 3.16965 3.12738e-19)
(-3.54932 3.59041 -1.09455e-18)
(-3.50121 3.77834 0)
(-3.50314 3.85836 -2.37878e-18)
(-3.48892 3.92184 2.64129e-18)
(-3.47409 3.99043 -6.60236e-19)
(-3.44281 4.06037 -1.26732e-18)
(-3.39717 4.14921 1.68213e-18)
(-3.41002 -0.218566 -8.41834e-19)
(-3.29397 0.682106 1.17905e-18)
(-3.49837 1.73516 0)
(-3.58279 2.70578 5.06271e-19)
(-3.52728 3.28256 -5.47537e-19)
(-3.46179 3.56279 8.81661e-19)
(-3.37107 3.67985 0)
(-3.30051 3.69666 -1.62046e-18)
(-3.25176 3.70565 -3.47269e-18)
(-3.21556 3.72888 2.11905e-18)
(-3.18185 3.76648 1.85641e-18)
(-3.14448 3.82122 -3.69588e-18)
(-3.55273 0.125445 1.29831e-18)
(-3.54718 1.00993 -8.23927e-19)
(-3.6284 1.98254 1.5444e-18)
(-3.54952 2.79845 0)
(-3.43842 3.247 -3.55356e-18)
(-3.28876 3.42635 3.94755e-18)
(-3.1652 3.4677 2.14213e-18)
(-3.07317 3.4723 1.42803e-18)
(-3.00149 3.48206 0)
(-2.94499 3.50171 0)
(-2.89904 3.53203 0)
(-2.85754 3.573 -4.7097e-19)
(-3.67105 0.382044 3.0357e-18)
(-3.71561 1.20794 0)
(-3.69086 2.06016 -1.70667e-18)
(-3.50925 2.7536 2.53241e-18)
(-3.31136 3.1064 2.3573e-18)
(-3.11687 3.21748 -4.66175e-18)
(-2.9665 3.24517 2.38241e-18)
(-2.85063 3.25128 -7.61258e-18)
(-2.76206 3.26033 1.24837e-20)
(-2.69476 3.27641 -2.13795e-19)
(-2.64395 3.3001 2.12951e-19)
(-2.60413 3.33055 6.86965e-18)
(-3.80667 0.556401 -5.19571e-18)
(-3.87792 1.29348 2.84518e-18)
(-3.75015 2.02569 -3.78845e-18)
(-3.49028 2.61838 -2.64793e-18)
(-3.21325 2.88574 -5.93139e-18)
(-2.97312 2.98043 -3.35406e-18)
(-2.78635 3.01169 -4.91056e-18)
(-2.6447 3.02533 7.88863e-18)
(-2.53904 3.0387 0)
(-2.4617 3.05565 6.2127e-18)
(-2.40667 3.07677 -8.43754e-18)
(-2.36828 3.10139 2.79876e-18)
(-4.0034 0.658686 -3.09657e-18)
(-4.09275 1.29157 -4.52239e-18)
(-3.87133 1.90431 6.18687e-18)
(-3.5341 2.37977 0)
(-3.17211 2.62198 -4.0473e-18)
(-2.86976 2.72555 6.23553e-18)
(-2.63661 2.7731 -3.15858e-19)
(-2.46315 2.80111 -4.15464e-20)
(-2.33689 2.82368 -4.02294e-18)
(-2.24781 2.84518 -7.07753e-18)
(-2.18793 2.86676 3.04374e-18)
(-2.15045 2.88837 -2.96602e-18)
(-4.2019 0.723916 2.44086e-18)
(-4.38289 1.25998 0)
(-4.0769 1.71374 0)
(-3.65431 2.0925 0)
(-3.21026 2.32344 4.00954e-18)
(-2.82961 2.45472 0)
(-2.53486 2.53198 -2.65972e-19)
(-2.31776 2.5825 1.04098e-17)
(-2.1632 2.62008 1.40868e-19)
(-2.05819 2.64984 3.87311e-18)
(-1.99126 2.67419 -3.66501e-18)
(-1.95328 2.69458 1.05205e-17)
(-4.60691 0.832838 4.0384e-20)
(-4.71678 1.13086 8.06831e-18)
(-4.27415 1.43085 -2.66628e-18)
(-3.77358 1.74317 0)
(-3.27497 1.98514 0)
(-2.83238 2.15898 0)
(-2.47865 2.28177 0)
(-2.2138 2.36699 5.69015e-18)
(-2.02549 2.42757 -2.05884e-17)
(-1.89907 2.47087 -9.50406e-18)
(-1.8212 2.50162 8.70529e-18)
(-1.78045 2.52274 4.45257e-18)
(-4.61347 1.20043 -5.75686e-18)
(-4.62551 0.923707 -4.39648e-18)
(-4.12084 1.0207 -2.71446e-18)
(-3.61337 1.31434 0)
(-3.16289 1.59527 0)
(-2.74461 1.82806 7.06394e-18)
(-2.39275 2.0102 -1.26373e-17)
(-2.11319 2.14453 2.34684e-17)
(-1.90603 2.23996 1.61737e-17)
(-1.76448 2.30473 9.95898e-18)
(-1.67712 2.3472 -9.30866e-18)
(-1.63312 2.3727 5.40577e-19)
(-3.64078 0.190305 -1.28732e-18)
(-3.54505 0.329456 0)
(-3.21146 0.540165 3.2459e-18)
(-2.90568 0.868155 -1.01227e-17)
(-2.64752 1.19431 9.3837e-18)
(-2.3872 1.48436 1.58933e-19)
(-2.14178 1.72344 5.39754e-18)
(-1.92596 1.91036 -5.10253e-18)
(-1.75081 2.04948 -2.54214e-17)
(-1.62339 2.14577 0)
(-1.5426 2.20803 0)
(-1.50379 2.24303 4.88162e-19)
(-3.70978 5.36728 -1.60161e-19)
(-3.56921 5.60766 4.57242e-19)
(-3.32854 5.73731 1.92079e-18)
(-3.0765 5.79469 -3.73819e-18)
(-2.76785 5.7538 1.33863e-18)
(-2.46612 5.61703 -2.26217e-19)
(-2.14944 5.36415 -1.04087e-19)
(-1.85969 5.00131 6.73643e-19)
(-1.58415 4.51708 -4.27469e-19)
(-1.3046 3.85422 -4.87218e-20)
(-0.938136 3.14022 0)
(-0.18599 2.7867 0)
(-4.0095 4.31394 6.65764e-19)
(-3.90853 4.47361 -1.17656e-18)
(-3.75227 4.62135 -9.08617e-19)
(-3.55319 4.74455 0)
(-3.33492 4.80894 -6.12967e-19)
(-3.10988 4.80961 0)
(-2.89192 4.73516 -4.60793e-19)
(-2.70154 4.58355 1.02502e-18)
(-2.56078 4.35334 0)
(-2.45797 3.91744 1.28517e-18)
(-2.36586 3.47146 -1.49355e-18)
(-2.11334 3.3888 1.70437e-19)
(-3.33043 4.24403 6.10391e-19)
(-3.24681 4.33499 -1.75646e-18)
(-3.15027 4.40848 4.30586e-19)
(-3.04755 4.4525 0)
(-2.94467 4.4591 5.88906e-19)
(-2.85276 4.42335 1.81995e-18)
(-2.78253 4.3402 -2.54304e-18)
(-2.74932 4.20978 1.39651e-18)
(-2.77081 4.03878 -6.6182e-19)
(-2.85065 3.76594 0)
(-2.92068 3.41719 0)
(-2.91385 3.4607 -1.14792e-19)
(-3.09792 3.88385 -1.59298e-18)
(-3.04245 3.94541 1.23248e-18)
(-2.98069 3.99668 1.54171e-18)
(-2.91911 4.02947 -8.64572e-19)
(-2.86502 4.03861 -1.64457e-18)
(-2.82718 4.02186 0)
(-2.81595 3.97633 9.15711e-20)
(-2.84235 3.90176 2.39026e-18)
(-2.92173 3.80636 -1.99305e-18)
(-3.07227 3.67429 5.78268e-19)
(-3.28917 3.39653 -6.60503e-20)
(-3.59908 3.661 -3.1023e-19)
(-2.81712 3.61883 1.86308e-18)
(-2.77767 3.66322 -1.01454e-18)
(-2.74138 3.70092 1.71035e-18)
(-2.71431 3.7268 -8.69053e-19)
(-2.70093 3.73871 0)
(-2.70504 3.73841 0)
(-2.7394 3.72294 -9.18922e-19)
(-2.81218 3.69327 -2.3233e-18)
(-2.93696 3.65353 1.30611e-18)
(-3.13029 3.61307 7.77077e-19)
(-3.42259 3.3995 -6.21934e-19)
(-3.87745 3.79809 0)
(-2.57215 3.36428 -1.82133e-19)
(-2.54726 3.39757 -4.26653e-18)
(-2.53129 3.42756 0)
(-2.52735 3.45208 1.91416e-18)
(-2.53901 3.47383 -1.98452e-18)
(-2.57192 3.49144 0)
(-2.63367 3.50536 -9.09951e-20)
(-2.7325 3.5181 -9.57489e-20)
(-2.88193 3.5339 0)
(-3.10724 3.55824 -1.40973e-18)
(-3.44931 3.4543 7.35376e-19)
(-4.04313 3.96428 -2.62756e-19)
(-2.34279 3.12775 -2.63183e-18)
(-2.32849 3.15426 7.02601e-18)
(-2.32604 3.18053 0)
(-2.3372 3.20769 -2.21843e-18)
(-2.36472 3.2375 2.21707e-18)
(-2.41343 3.27113 2.21463e-18)
(-2.48947 3.31082 -2.52464e-18)
(-2.59931 3.36095 -1.2087e-18)
(-2.75352 3.42678 0)
(-2.97298 3.51981 -1.00114e-18)
(-3.31855 3.55282 9.12281e-19)
(-3.97764 4.05103 0)
(-2.13014 2.90967 5.61024e-18)
(-2.12366 2.93129 -5.21033e-18)
(-2.13034 2.95477 5.29018e-18)
(-2.1505 2.98283 -5.05519e-18)
(-2.18621 3.01814 1.08728e-20)
(-2.24163 3.06338 2.49006e-18)
(-2.32156 3.12241 2.36044e-18)
(-2.43044 3.20201 0)
(-2.57651 3.31068 -1.52531e-18)
(-2.77869 3.46565 3.48758e-18)
(-3.10095 3.59275 -8.88261e-19)
(-3.79555 4.14804 0)
(-1.93657 2.71184 3.19162e-18)
(-1.93539 2.72874 1.14374e-19)
(-1.94759 2.74828 -2.80949e-18)
(-1.97202 2.77422 0)
(-2.00995 2.80999 0)
(-2.0647 2.85912 0)
(-2.13965 2.92673 0)
(-2.23637 3.02301 -3.01825e-18)
(-2.35972 3.16125 1.4314e-18)
(-2.52336 3.36547 2.73413e-19)
(-2.78728 3.59991 0)
(-3.42342 4.13541 0)
(-1.76577 2.53629 -3.69392e-18)
(-1.76777 2.54767 -1.06227e-17)
(-1.78294 2.56113 0)
(-1.80844 2.58074 3.54593e-18)
(-1.84457 2.60992 6.59833e-18)
(-1.89379 2.6524 0)
(-1.95734 2.71365 0)
(-2.0324 2.80848 1.3429e-18)
(-2.11994 2.95764 -5.1036e-18)
(-2.2249 3.19744 2.28145e-19)
(-2.38981 3.51522 0)
(-2.87898 4.06518 0)
(-1.61999 2.38389 -4.51266e-18)
(-1.62418 2.38882 -4.58851e-18)
(-1.64079 2.39371 8.05748e-18)
(-1.66564 2.40194 -1.11338e-17)
(-1.69808 2.41565 4.07403e-18)
(-1.73969 2.43798 7.41717e-18)
(-1.78883 2.47378 -1.90152e-18)
(-1.83535 2.54393 1.67374e-18)
(-1.8756 2.6787 3.45978e-18)
(-1.90169 2.92459 -3.96537e-18)
(-1.90027 3.30283 -1.59961e-18)
(-1.93864 3.83305 0)
(-1.49826 2.25396 -4.50658e-19)
(-1.50508 2.25277 7.15109e-18)
(-1.5234 2.24567 -8.45599e-18)
(-1.5474 2.2356 0)
(-1.57607 2.22215 -8.06807e-18)
(-1.61045 2.20728 -1.2362e-17)
(-1.64672 2.19607 -2.1751e-19)
(-1.66494 2.21804 0)
(-1.65671 2.30917 0)
(-1.59412 2.50371 1.00241e-18)
(-1.37498 2.90269 3.1756e-20)
(-0.484902 3.26077 1.52765e-18)
(-0.257853 1.79484 4.41651e-19)
(-0.0757151 1.85049 1.86407e-18)
(0.256708 1.87969 -1.89366e-20)
(0.589882 1.88826 0)
(0.920239 1.86302 4.71212e-18)
(1.22227 1.7982 -4.68492e-18)
(1.48317 1.70778 -1.39473e-17)
(1.69907 1.60902 -9.39581e-18)
(1.87017 1.51466 -1.91522e-20)
(1.9956 1.44059 -4.65559e-18)
(2.08126 1.39343 9.45778e-18)
(2.13067 1.37827 -9.02441e-18)
(-0.217481 1.34484 0)
(0.0332197 1.32558 0)
(0.29577 1.336 -1.85487e-18)
(0.567313 1.33657 3.64232e-18)
(0.843566 1.33184 -9.484e-18)
(1.10924 1.31878 -5.75063e-18)
(1.35202 1.29909 7.9677e-18)
(1.56413 1.27406 2.04313e-17)
(1.74473 1.24895 -4.19606e-18)
(1.88487 1.23458 0)
(1.98824 1.23362 2.98407e-19)
(2.04984 1.25754 0)
(-0.238994 1.14659 -3.4897e-19)
(0.000892048 1.14028 3.65754e-19)
(0.270756 1.13362 2.948e-18)
(0.546656 1.11589 -1.22431e-19)
(0.819857 1.09392 3.11883e-18)
(1.07794 1.07219 1.7781e-19)
(1.31117 1.05635 0)
(1.51646 1.04819 -3.63415e-18)
(1.6969 1.05142 -3.79503e-18)
(1.83939 1.0706 1.2216e-17)
(1.95185 1.10592 -1.25482e-17)
(2.01758 1.16129 9.06555e-18)
(-0.263456 1.08218 -6.3641e-19)
(-0.017631 1.10353 1.29745e-18)
(0.255679 1.11307 -7.1866e-20)
(0.538643 1.10793 -2.73228e-18)
(0.82102 1.09155 -5.26218e-18)
(1.09025 1.06825 9.61129e-20)
(1.33664 1.04483 -5.95575e-18)
(1.5564 1.02727 3.19423e-18)
(1.75301 1.02193 -3.3153e-18)
(1.90935 1.02805 -7.12855e-18)
(2.03095 1.04364 0)
(2.05588 1.08244 8.916e-18)
(2.14309 1.39017 9.12429e-18)
(2.13467 1.40733 9.07574e-18)
(2.11088 1.42988 0)
(2.07011 1.45408 0)
(2.01177 1.48012 4.1089e-18)
(1.93883 1.50927 -3.98522e-18)
(1.8654 1.53704 1.82816e-18)
(1.83186 1.5289 5.05667e-18)
(1.86048 1.49261 0)
(1.94715 1.36338 0)
(2.18039 1.04519 4.81919e-19)
(1.99743 0.210494 -1.26645e-18)
(2.06041 1.29854 -9.3511e-18)
(2.03583 1.32873 4.7137e-19)
(1.9791 1.35618 0)
(1.88165 1.37961 -4.16319e-18)
(1.75208 1.40265 2.77907e-20)
(1.60352 1.42705 3.80843e-18)
(1.47169 1.44932 0)
(1.39524 1.42579 -3.90518e-18)
(1.3966 1.37206 0)
(1.43554 1.23494 -3.2378e-18)
(1.60687 0.974608 -1.59747e-18)
(1.53003 0.410711 -1.22211e-26)
(1.99366 1.2367 -5.17689e-19)
(1.92087 1.27403 -8.65981e-18)
(1.78842 1.29569 0)
(1.59671 1.30896 8.26662e-18)
(1.37887 1.32652 3.74586e-18)
(1.16813 1.34752 -3.65085e-20)
(1.01665 1.36782 -8.47128e-18)
(0.948 1.33615 1.06713e-17)
(0.956007 1.27344 -1.41638e-18)
(1.01159 1.12327 6.30096e-18)
(1.17559 0.899148 2.05467e-18)
(1.2101 0.482354 -3.4503e-19)
(1.959 1.11526 2.15109e-17)
(1.75122 1.11623 0)
(1.4537 1.12681 0)
(1.14353 1.14512 -7.1267e-18)
(0.86986 1.18007 -6.83716e-18)
(0.67127 1.22174 6.35041e-18)
(0.582617 1.2508 1.25686e-17)
(0.587547 1.24102 -4.85387e-18)
(0.661525 1.1927 2.50494e-18)
(0.786838 1.04805 -2.64082e-18)
(0.964397 0.836656 -1.28761e-18)
(1.06872 0.508463 -3.01856e-19)
(1.79395 0.257947 -8.83617e-19)
(1.85012 0.0762708 0)
(1.87948 -0.255579 -1.86927e-20)
(1.88863 -0.588378 0)
(1.86405 -0.918628 0)
(1.80007 -1.22092 4.68633e-18)
(1.71037 -1.48232 0)
(1.61214 -1.69892 9.21676e-18)
(1.51807 -1.87086 9.17731e-18)
(1.44401 -1.99718 9.4334e-18)
(1.39654 -2.08365 -4.65618e-18)
(1.38088 -2.13389 -4.84499e-18)
(1.34448 0.217505 -4.2525e-19)
(1.32539 -0.0327342 -4.28606e-19)
(1.33591 -0.294846 -9.46575e-19)
(1.33679 -0.566137 0)
(1.33248 -0.842343 -1.89258e-18)
(1.31998 -1.10823 9.66505e-18)
(1.30088 -1.35146 0)
(1.27642 -1.56421 4.10022e-18)
(1.25174 -1.74559 -4.19785e-18)
(1.23757 -1.88659 -8.54699e-18)
(1.23657 -1.9908 -9.03061e-18)
(1.26019 -2.05318 8.86782e-18)
(1.1469 0.238968 -6.94277e-19)
(1.14058 -0.000511636 1.08831e-18)
(1.13395 -0.269986 -2.26245e-18)
(1.11636 -0.545711 1.55477e-18)
(1.09466 -0.818972 0)
(1.07324 -1.07732 -1.33246e-17)
(1.05777 -1.31098 0)
(1.05003 -1.51686 7.28086e-18)
(1.05365 -1.69802 -3.80185e-18)
(1.07312 -1.84129 8.22804e-18)
(1.10854 -1.95455 4.1597e-18)
(1.16376 -2.02096 -9.06763e-18)
(1.08315 0.263467 9.6366e-19)
(1.10435 0.018025 1.29873e-18)
(1.11389 -0.254977 0)
(1.10886 -0.537854 0)
(1.09264 -0.820351 0)
(1.06957 -1.0899 1.14738e-17)
(1.04641 -1.33679 5.95914e-18)
(1.02909 -1.55716 -9.45425e-18)
(1.02399 -1.75447 1.01328e-17)
(1.03026 -1.9115 -7.13228e-18)
(1.04593 -2.03368 0)
(1.08445 -2.05896 8.53904e-18)
(1.39212 -2.14665 -9.75103e-18)
(1.40855 -2.13852 -9.022e-18)
(1.4303 -2.11503 8.45394e-18)
(1.45389 -2.07403 -8.76226e-18)
(1.47951 -2.01521 0)
(1.50843 -1.94157 -8.13497e-18)
(1.53613 -1.86745 9.82295e-18)
(1.52822 -1.83308 -1.69731e-18)
(1.49203 -1.86127 3.12189e-18)
(1.36309 -1.94764 -9.33735e-19)
(1.04513 -2.1805 8.8047e-19)
(0.210884 -1.99781 -6.80383e-19)
(1.3007 -2.06425 8.89441e-18)
(1.33037 -2.03972 8.96774e-18)
(1.35706 -1.98304 0)
(1.37981 -1.88542 3.97324e-18)
(1.40244 -1.75512 7.98486e-18)
(1.42659 -1.6058 3.61416e-18)
(1.44875 -1.47324 -1.446e-17)
(1.42538 -1.39613 -3.89861e-18)
(1.37166 -1.39711 -3.24805e-18)
(1.23475 -1.43584 -8.20459e-19)
(0.97458 -1.6069 8.01673e-19)
(0.410864 -1.53022 4.12139e-19)
(1.23884 -1.99737 0)
(1.2757 -1.92446 -1.36141e-17)
(1.29665 -1.79197 4.24096e-18)
(1.30934 -1.59971 4.26864e-18)
(1.32649 -1.3811 7.52917e-18)
(1.34726 -1.16964 -3.54889e-18)
(1.36742 -1.01746 8.23618e-18)
(1.33585 -0.948337 8.88197e-18)
(1.27314 -0.956052 1.42528e-18)
(1.12315 -1.01147 -1.39424e-18)
(0.899128 -1.17534 -3.44341e-19)
(0.482349 -1.20999 -1.20273e-20)
(1.11706 -1.96198 0)
(1.11767 -1.75396 -2.98382e-19)
(1.12768 -1.45613 0)
(1.1455 -1.14536 -1.45349e-17)
(1.18009 -0.870932 3.34194e-18)
(1.22155 -0.671714 -9.51185e-18)
(1.2505 -0.58244 0)
(1.24067 -0.587121 -4.8522e-18)
(1.19235 -0.660882 2.49889e-18)
(1.04784 -0.786186 -2.59456e-18)
(0.836512 -0.963844 -9.36848e-19)
(0.50831 -1.06838 -3.17158e-19)
(0.257883 -1.79459 -8.83567e-19)
(0.0755959 -1.85105 5.35969e-21)
(-0.256912 -1.88062 0)
(-0.590323 -1.88967 -2.41681e-18)
(-0.920975 -1.86473 4.77027e-18)
(-1.22332 -1.80003 -7.07581e-18)
(-1.48445 -1.7095 -9.26931e-20)
(-1.70048 -1.61045 9.33296e-18)
(-1.87159 -1.51568 -4.66976e-18)
(-1.99695 -1.44118 0)
(-2.08245 -1.39353 -1.85316e-17)
(-2.13169 -1.37801 4.32412e-19)
(0.217312 -1.34492 8.4832e-19)
(-0.0335346 -1.32608 -5.19546e-19)
(-0.296229 -1.33677 3.57132e-18)
(-0.568012 -1.3377 -7.41149e-18)
(-0.844514 -1.3333 3.74775e-18)
(-1.11042 -1.32051 1.3749e-19)
(-1.35337 -1.30094 0)
(-1.56559 -1.27585 1.22812e-17)
(-1.7462 -1.25051 -4.19696e-18)
(-1.88627 -1.23577 0)
(-1.98952 -1.23432 8.72513e-18)
(-2.05089 -1.2578 -8.8575e-18)
(0.238618 -1.14705 -3.58672e-19)
(-0.00144355 -1.141 -5.25511e-20)
(-0.271465 -1.13453 -3.0709e-18)
(-0.547621 -1.11704 3.14923e-18)
(-0.821057 -1.09529 -3.12069e-18)
(-1.0793 -1.07377 9.9828e-18)
(-1.3126 -1.05808 1.037e-17)
(-1.51792 -1.04998 -3.63641e-18)
(-1.6983 -1.05312 3.86737e-18)
(-1.84068 -1.07209 0)
(-1.95304 -1.10694 -8.62204e-18)
(-2.01837 -1.16195 0)
(0.262952 -1.08316 -1.27309e-18)
(0.0169629 -1.10466 -2.62774e-18)
(-0.256577 -1.11436 2.63719e-18)
(-0.53982 -1.10938 -1.33534e-18)
(-0.822407 -1.09308 2.64148e-18)
(-1.09176 -1.06985 -1.00698e-17)
(-1.33815 -1.04644 -6.07155e-18)
(-1.55782 -1.02885 6.31666e-18)
(-1.75425 -1.02336 -1.00235e-17)
(-1.9103 -1.02928 0)
(-2.03152 -1.04448 7.36232e-18)
(-2.05591 -1.08285 -1.74471e-17)
(-2.14364 -1.38963 1.44012e-17)
(-2.13502 -1.40654 -4.39025e-18)
(-2.11095 -1.42899 0)
(-2.06963 -1.45334 -8.28706e-18)
(-2.01068 -1.47968 0)
(-1.9372 -1.50925 0)
(-1.86335 -1.53744 -3.76819e-18)
(-1.82966 -1.52968 0)
(-1.85834 -1.49355 0)
(-1.94522 -1.3644 -2.14957e-20)
(-2.17863 -1.04587 1.78195e-18)
(-1.9957 -0.210372 1.36132e-18)
(-2.06111 -1.29841 -8.88194e-18)
(-2.03617 -1.32836 0)
(-1.97902 -1.35563 0)
(-1.8809 -1.37911 -4.15495e-18)
(-1.75069 -1.40238 4.00166e-18)
(-1.60165 -1.42713 0)
(-1.46948 -1.44977 -5.53306e-18)
(-1.39299 -1.42644 -1.91375e-18)
(-1.39451 -1.37292 0)
(-1.4337 -1.23584 -7.90993e-19)
(-1.60527 -0.975234 -2.02795e-18)
(-1.52851 -0.410668 -4.1738e-19)
(-1.99419 -1.23683 9.28464e-18)
(-1.921 -1.27386 -4.42715e-18)
(-1.78802 -1.29534 -8.70532e-18)
(-1.59568 -1.30864 4.03042e-18)
(-1.37731 -1.3264 -7.71032e-18)
(-1.1662 -1.34771 0)
(-1.01457 -1.36831 1.334e-17)
(-0.946032 -1.33675 0)
(-0.954165 -1.27417 1.42475e-18)
(-1.01 -1.12403 7.27904e-19)
(-1.17433 -0.899673 1.03159e-18)
(-1.20896 -0.482333 -9.86878e-21)
(-1.95886 -1.11542 -7.00308e-18)
(-1.75078 -1.1162 0)
(-1.45289 -1.12669 7.67918e-18)
(-1.14231 -1.14505 -1.10317e-17)
(-0.868337 -1.18018 1.68116e-17)
(-0.669515 -1.22206 -6.34221e-18)
(-0.580878 -1.25138 -1.25466e-17)
(-0.585888 -1.24168 0)
(-0.660012 -1.19342 0)
(-0.785541 -1.04872 0)
(-0.963412 -0.837118 -1.24885e-18)
(-1.06789 -0.508465 -9.5248e-19)
(-1.79216 -0.257768 -4.85368e-20)
(-1.84869 -0.07584 4.78494e-19)
(-1.87865 0.25634 0)
(-1.88813 0.589599 4.76287e-18)
(-1.86365 0.920199 -2.37505e-18)
(-1.79948 1.22256 -7.0684e-18)
(-1.7095 1.48377 -4.64635e-18)
(-1.61102 1.69995 4.69012e-18)
(-1.51678 1.8713 9.17879e-18)
(-1.4427 1.99697 9.43612e-18)
(-1.39539 2.08287 -9.46213e-18)
(-1.38002 2.13255 -9.02813e-18)
(-1.34289 -0.217191 -1.33281e-26)
(-1.32399 0.0334255 1.71746e-18)
(-1.33477 0.295899 3.57003e-18)
(-1.33588 0.567529 0)
(-1.33175 0.84393 3.74644e-18)
(-1.31932 1.1098 0)
(-1.30018 1.35277 3.97547e-18)
(-1.27559 1.56509 2.93674e-21)
(-1.25078 1.7459 -1.26468e-17)
(-1.23653 1.88624 -8.54801e-18)
(-1.23552 1.98984 8.73393e-18)
(-1.25928 2.05168 9.26762e-18)
(-1.14575 -0.238548 3.44719e-19)
(-1.13953 0.00135303 -3.61014e-18)
(-1.13298 0.271224 -5.26083e-18)
(-1.11548 0.547259 -1.54452e-18)
(-1.09383 0.820633 -9.13982e-18)
(-1.07248 1.07885 4.89874e-18)
(-1.05706 1.31217 -2.12193e-20)
(-1.04932 1.51755 3.64014e-18)
(-1.0529 1.69809 -5.25943e-20)
(-1.07228 1.8407 0)
(-1.10761 1.95336 0)
(-1.16287 2.01924 3.91582e-19)
(-1.08239 -0.26303 3.10237e-19)
(-1.10367 -0.0171382 1.32962e-18)
(-1.11325 0.2563 2.70849e-18)
(-1.10822 0.539488 -2.66337e-18)
(-1.09193 0.822065 1.06478e-17)
(-1.06882 1.09145 -5.78453e-18)
(-1.04561 1.33793 0)
(-1.02829 1.55772 6.31794e-18)
(-1.02315 1.75433 6.70805e-18)
(-1.02939 1.91066 0)
(-1.04497 2.03222 0)
(-1.08355 2.0571 -2.60107e-17)
(-1.39161 2.14509 9.1839e-18)
(-1.40841 2.13679 -9.05642e-18)
(-1.43054 2.11317 -1.33346e-17)
(-1.45438 2.07235 2.30844e-20)
(-1.48013 2.01383 8.44158e-18)
(-1.50906 1.94055 1.98866e-17)
(-1.5367 1.86674 3.77552e-18)
(-1.5286 1.83269 -3.48076e-18)
(-1.49234 1.86102 0)
(-1.3633 1.94748 -2.17393e-20)
(-1.04536 2.18062 0)
(-0.211196 1.99797 -6.80559e-19)
(-1.30002 2.06243 0)
(-1.32992 2.03786 -4.72164e-19)
(-1.35696 1.98118 8.44626e-18)
(-1.38 1.8837 -1.27176e-17)
(-1.40278 1.75377 -1.19536e-17)
(-1.42697 1.60477 -7.42506e-18)
(-1.4491 1.47248 9.18193e-18)
(-1.42561 1.39559 5.78625e-18)
(-1.37183 1.39669 -3.25107e-18)
(-1.23482 1.43551 1.62264e-18)
(-0.974683 1.60684 0)
(-0.411142 1.53029 0)
(-1.23807 1.99543 -9.30019e-18)
(-1.27515 1.92258 4.22984e-18)
(-1.29641 1.79016 -4.49638e-18)
(-1.30935 1.59816 3.84989e-18)
(-1.32664 1.37984 1.11544e-17)
(-1.34747 1.16859 0)
(-1.36763 1.01662 2.07502e-19)
(-1.33596 0.947629 -3.50906e-18)
(-1.2732 0.955479 -1.34918e-21)
(-1.12309 1.01104 -2.76833e-18)
(-0.899095 1.17509 3.44653e-19)
(-0.48264 1.2097 -3.54647e-19)
(-1.1162 1.96019 -7.50313e-18)
(-1.11698 1.75235 0)
(-1.12725 1.4546 7.68831e-18)
(-1.1453 1.14397 -1.1044e-17)
(-1.18006 0.869735 3.40656e-18)
(-1.22161 0.67068 0)
(-1.25056 0.581642 1.62547e-19)
(-1.24072 0.586444 4.92577e-18)
(-1.19234 0.660339 2.49989e-18)
(-1.04768 0.785712 4.34677e-20)
(-0.836377 0.963341 0)
(-0.508616 1.06757 6.26863e-19)
(-0.182874 1.13168 9.32139e-19)
(0.0787664 1.18596 2.19471e-20)
(0.368233 1.2194 -3.8883e-18)
(0.665667 1.23207 0)
(0.961532 1.22793 6.19998e-18)
(1.24262 1.21231 1.52665e-17)
(1.49851 1.19236 2.23128e-17)
(1.72487 1.173 0)
(1.9125 1.15303 0)
(2.011 1.12688 -3.80747e-18)
(2.02609 1.09746 4.08837e-18)
(1.88518 1.07499 -2.02121e-17)
(-0.156932 1.21646 -4.96203e-19)
(0.113489 1.29202 1.58617e-18)
(0.41114 1.34237 -5.37998e-18)
(0.721855 1.36813 0)
(1.03387 1.37034 9.54578e-18)
(1.33056 1.35198 -9.48947e-18)
(1.59525 1.31633 -4.7412e-18)
(1.81331 1.26623 8.24802e-20)
(1.94898 1.19594 -4.27159e-18)
(1.98779 1.11646 0)
(1.90384 1.03803 0)
(1.60396 0.980148 2.18808e-17)
(-0.0959828 1.30031 0)
(0.179289 1.38386 -2.15854e-18)
(0.48016 1.43804 4.49055e-18)
(0.793742 1.46296 2.34832e-18)
(1.10512 1.45674 -1.41988e-17)
(1.39253 1.42076 7.23888e-18)
(1.63637 1.35634 -1.28452e-17)
(1.81191 1.26776 3.82975e-18)
(1.89556 1.16649 6.17764e-20)
(1.85009 1.04948 7.17009e-20)
(1.64288 0.939959 -2.8049e-17)
(1.29684 0.906911 -2.48806e-17)
(-0.0336247 1.36306 0)
(0.241742 1.44586 4.6126e-18)
(0.540652 1.49496 0)
(0.848406 1.50821 9.61639e-18)
(1.14776 1.48187 0)
(1.41169 1.41893 4.34936e-18)
(1.6232 1.33047 1.62301e-17)
(1.75178 1.21401 -4.34495e-18)
(1.75365 1.07181 0)
(1.61496 0.921375 0)
(1.33359 0.793971 -6.6472e-18)
(0.960275 0.800827 7.85296e-18)
(1.48332 1.03293 -2.20098e-17)
(1.07502 0.948769 -5.83019e-18)
(0.734577 0.951897 2.77925e-17)
(0.483072 0.989186 -1.51576e-17)
(0.333662 1.05505 1.75684e-17)
(0.288029 1.11676 -1.63051e-17)
(0.331284 1.15837 -2.0134e-17)
(0.440984 1.14525 0)
(0.599379 1.07379 -3.83461e-18)
(0.784767 0.915452 0)
(0.966157 0.700926 0)
(1.08032 0.418976 -9.19746e-19)
(1.0687 0.932306 0)
(0.680097 0.801257 0)
(0.409874 0.803421 -2.05512e-17)
(0.237621 0.853903 4.68858e-18)
(0.168872 0.932476 4.26459e-18)
(0.188874 1.00821 -1.52762e-20)
(0.285075 1.0542 9.97508e-18)
(0.438847 1.05172 5.92099e-18)
(0.628772 0.990492 0)
(0.827639 0.85012 0)
(1.00801 0.652964 -4.82332e-19)
(1.13545 0.399452 2.44525e-18)
(0.676545 0.923362 0)
(0.378008 0.754955 -5.62259e-18)
(0.20775 0.754327 -1.47173e-17)
(0.117253 0.804083 1.7822e-17)
(0.10978 0.875163 1.67709e-17)
(0.177959 0.939157 4.06849e-18)
(0.309041 0.974735 -5.92287e-18)
(0.484988 0.963641 -5.87101e-18)
(0.686381 0.897014 7.98302e-18)
(0.887722 0.762755 0)
(1.06687 0.57631 5.05092e-19)
(1.20303 0.340642 1.56913e-18)
(0.296769 0.91373 -3.58054e-17)
(0.163383 0.709311 -2.39933e-17)
(0.0908288 0.711704 1.97949e-17)
(0.0682956 0.763619 -2.22637e-17)
(0.107413 0.825068 4.25113e-18)
(0.207579 0.876176 0)
(0.357779 0.898757 -2.02696e-18)
(0.542589 0.878731 2.93536e-20)
(0.744775 0.808181 -6.03903e-18)
(0.942804 0.678951 0)
(1.11906 0.501051 -3.72811e-18)
(1.25909 0.27762 -4.87578e-18)
(1.13321 0.182973 -1.87709e-18)
(1.18738 -0.0783655 -1.90892e-18)
(1.22082 -0.367721 0)
(1.23365 -0.665227 0)
(1.22974 -0.961404 6.30742e-18)
(1.21433 -1.24295 -6.53851e-18)
(1.19458 -1.49942 9.40064e-20)
(1.1753 -1.72636 1.37063e-17)
(1.15531 -1.91453 -4.16341e-18)
(1.129 -2.01333 3.80614e-18)
(1.09937 -2.02852 -2.05801e-17)
(1.07648 -1.88753 0)
(1.21853 0.157126 1.4875e-18)
(1.29405 -0.113147 1.55988e-18)
(1.3444 -0.410827 -4.31482e-18)
(1.37033 -0.721722 -2.24322e-18)
(1.37273 -1.03412 -6.94791e-18)
(1.35453 -1.33129 0)
(1.31891 -1.59647 -1.45747e-17)
(1.2687 -1.8149 -4.3491e-18)
(1.19815 -1.95086 -8.60447e-18)
(1.11831 -1.98978 0)
(1.03953 -1.90563 1.89987e-17)
(0.981209 -1.60542 0)
(1.30276 0.0962665 1.07113e-18)
(1.38633 -0.179002 -4.36761e-18)
(1.44046 -0.480014 4.49511e-18)
(1.46553 -0.793856 2.3483e-18)
(1.4594 -1.10561 -4.77456e-18)
(1.42346 -1.39342 2.40024e-18)
(1.3589 -1.63758 0)
(1.27012 -1.81334 3.7213e-18)
(1.16842 -1.89711 4.27809e-18)
(1.05094 -1.85136 4.8813e-18)
(0.941004 -1.64386 -2.80293e-17)
(0.907641 -1.29757 0)
(1.36563 0.0339959 -2.2199e-18)
(1.44852 -0.241478 6.88516e-18)
(1.49752 -0.540614 0)
(1.51086 -0.848625 -9.61612e-18)
(1.48448 -1.1483 0)
(1.42144 -1.41252 -4.34775e-18)
(1.3328 -1.62424 -4.06017e-18)
(1.21602 -1.75284 2.18922e-17)
(1.07332 -1.75454 4.33766e-20)
(0.922454 -1.61562 -5.75669e-18)
(0.794688 -1.33404 2.73528e-17)
(0.801281 -0.960485 -3.10955e-17)
(1.03405 -1.48522 0)
(0.949502 -1.07657 -1.15091e-17)
(0.952144 -0.735542 0)
(0.989074 -0.483337 5.00251e-18)
(1.05471 -0.333297 4.45354e-18)
(1.11631 -0.287256 2.02161e-17)
(1.15787 -0.330225 5.98759e-18)
(1.14478 -0.439858 -1.94841e-18)
(1.07339 -0.598275 3.87169e-18)
(0.915153 -0.783815 -3.11058e-20)
(0.700701 -0.965506 1.80707e-18)
(0.418644 -1.08009 0)
(0.933061 -1.06962 5.85551e-18)
(0.801668 -0.680497 -1.07671e-17)
(0.803441 -0.409673 5.08653e-18)
(0.853651 -0.236898 0)
(0.932041 -0.167765 8.46802e-18)
(1.0077 -0.187531 -8.12803e-18)
(1.05363 -0.28359 -1.59973e-17)
(1.05111 -0.437392 0)
(0.989897 -0.62745 -3.86331e-18)
(0.849583 -0.826585 -6.12313e-20)
(0.65247 -1.0073 -4.81089e-19)
(0.39888 -1.13518 4.94946e-19)
(0.923865 -0.676689 0)
(0.755199 -0.377611 4.43854e-20)
(0.754276 -0.206899 -1.96016e-17)
(0.803825 -0.1161 1.78113e-17)
(0.874767 -0.108399 -8.36469e-18)
(0.93865 -0.17642 -4.01988e-18)
(0.97414 -0.30747 9.90486e-18)
(0.962968 -0.483486 7.93819e-18)
(0.8963 -0.685054 1.99827e-18)
(0.762045 -0.886641 3.9826e-18)
(0.575613 -1.06611 0)
(0.339897 -1.20263 1.04367e-18)
(0.914109 -0.296223 -3.5792e-17)
(0.709494 -0.16251 1.78713e-17)
(0.711694 -0.0897117 4.45441e-17)
(0.76344 -0.0670025 -2.22572e-17)
(0.82476 -0.106002 -1.25982e-17)
(0.875761 -0.206112 -1.22146e-17)
(0.898215 -0.356336 -4.01265e-18)
(0.878053 -0.54123 -7.96586e-18)
(0.807396 -0.743567 0)
(0.678119 -0.941814 1.02397e-18)
(0.500215 -1.1183 -1.06234e-18)
(0.276769 -1.25854 -2.15989e-18)
(0.182222 -1.13339 1.86462e-18)
(-0.0796114 -1.1878 1.90589e-18)
(-0.369354 -1.22124 -3.88955e-18)
(-0.667027 -1.23391 0)
(-0.963036 -1.22968 2.0787e-18)
(-1.24408 -1.21389 6.63704e-18)
(-1.49976 -1.19371 0)
(-1.72573 -1.17405 9.16781e-18)
(-1.91286 -1.15368 0)
(-2.01076 -1.12717 1.87264e-17)
(-2.02552 -1.09753 -8.31673e-18)
(-1.88433 -1.07476 2.51643e-17)
(0.156263 -1.21862 -4.96274e-19)
(-0.114349 -1.29426 2.59171e-18)
(-0.412272 -1.34446 -4.31062e-18)
(-0.723169 -1.37007 -6.83353e-18)
(-1.03521 -1.37198 9.62709e-21)
(-1.33167 -1.35323 -1.18827e-17)
(-1.59591 -1.31714 -1.47711e-17)
(-1.81328 -1.26658 -1.2807e-17)
(-1.94848 -1.19591 -1.73564e-17)
(-1.98697 -1.11609 -1.7285e-17)
(-1.90255 -1.03755 0)
(-1.60272 -0.97947 0)
(0.0953532 -1.30258 2.13799e-18)
(-0.180088 -1.38616 -3.24457e-18)
(-0.481165 -1.44005 5.63212e-18)
(-0.794816 -1.46469 -2.16296e-19)
(-1.10605 -1.458 9.64085e-18)
(-1.39306 -1.42152 4.88923e-18)
(-1.63631 -1.35656 1.26948e-17)
(-1.8113 -1.26772 2.67541e-17)
(-1.89454 -1.16592 1.29066e-17)
(-1.84843 -1.04864 -1.94054e-17)
(-1.64116 -0.939027 0)
(-1.29551 -0.905941 0)
(0.0330964 -1.36517 -4.43077e-18)
(-0.242395 -1.44795 1.1385e-18)
(-0.541421 -1.49664 -1.17253e-18)
(-0.849084 -1.50951 1.17936e-17)
(-1.14813 -1.48259 -1.07517e-17)
(-1.4116 -1.41913 -4.14224e-18)
(-1.62261 -1.33026 -2.67937e-20)
(-1.7505 -1.21341 4.52673e-18)
(-1.75189 -1.07085 -2.04072e-17)
(-1.61315 -0.920372 2.316e-17)
(-1.33207 -0.793006 -2.71966e-17)
(-0.959213 -0.799743 0)
(-1.48277 -1.03256 -2.18312e-17)
(-1.07446 -0.948568 -5.82457e-18)
(-0.73375 -0.951778 5.58372e-18)
(-0.481944 -0.98921 -5.09982e-18)
(-0.332307 -1.05526 -4.26785e-18)
(-0.286541 -1.11716 -9.72142e-20)
(-0.329814 -1.15895 9.95135e-18)
(-0.439601 -1.1459 -1.94922e-18)
(-0.598154 -1.07444 0)
(-0.783786 -0.915999 0)
(-0.965459 -0.701238 1.80864e-18)
(-1.07983 -0.418836 1.82932e-18)
(-1.06802 -0.931622 4.67293e-17)
(-0.67932 -0.800956 0)
(-0.408873 -0.803311 0)
(-0.236432 -0.853988 9.26049e-18)
(-0.167551 -0.932757 -4.26598e-18)
(-0.187508 -1.00866 4.03298e-18)
(-0.283768 -1.05478 0)
(-0.437678 -1.05235 -5.95027e-18)
(-0.627795 -0.991095 -1.96974e-18)
(-0.826901 -0.850599 3.92073e-18)
(-1.00754 -0.6532 -2.43874e-18)
(-1.13519 -0.39928 -4.77968e-19)
(-0.675885 -0.922326 -2.69559e-17)
(-0.377159 -0.754525 1.68216e-17)
(-0.206726 -0.754193 4.88468e-18)
(-0.116117 -0.804198 4.42947e-18)
(-0.10858 -0.875477 4.16199e-18)
(-0.176762 -0.939623 0)
(-0.307935 -0.975304 1.96321e-18)
(-0.484043 -0.964235 3.90939e-18)
(-0.685636 -0.897554 2.00144e-18)
(-0.887202 -0.763148 -3.98973e-18)
(-1.06658 -0.576452 2.0181e-18)
(-1.20292 -0.34041 -1.04547e-18)
(-0.296252 -0.912512 3.58035e-17)
(-0.162619 -0.708826 -2.38433e-17)
(-0.0898966 -0.711589 -4.93713e-18)
(-0.0672916 -0.763766 2.33478e-20)
(-0.106383 -0.825421 -1.25923e-17)
(-0.206588 -0.876671 -4.02966e-18)
(-0.356898 -0.899324 1.20184e-17)
(-0.541874 -0.879297 0)
(-0.744254 -0.808672 8.15143e-18)
(-0.942491 -0.679278 0)
(-1.11896 -0.501122 -4.25046e-18)
(-1.25912 -0.277348 2.16444e-18)
(-1.13283 -0.182377 9.50611e-19)
(-1.18706 0.0794218 0)
(-1.22043 0.369157 3.93762e-18)
(-1.23314 0.666871 3.97847e-18)
(-1.22904 0.963003 -8.28574e-18)
(-1.21346 1.24421 4.41582e-18)
(-1.19356 1.50009 8.90814e-18)
(-1.1742 1.72629 3.05572e-20)
(-1.15414 1.91368 4.3626e-18)
(-1.12786 2.01181 -1.1124e-17)
(-1.09834 2.02671 -4.08966e-18)
(-1.07554 1.88554 2.02128e-17)
(-1.21836 -0.156525 -1.48206e-18)
(-1.29389 0.114174 -5.17563e-19)
(-1.34412 0.412203 -4.20422e-18)
(-1.36985 0.723255 0)
(-1.37198 1.03554 -1.19152e-17)
(-1.3535 1.33229 -7.09869e-18)
(-1.3177 1.59683 1.87556e-19)
(-1.26741 1.81448 4.30185e-18)
(-1.19688 1.94975 -1.29002e-17)
(-1.11702 1.98824 1.72788e-17)
(-1.03844 1.90376 0)
(-0.980162 1.60351 2.18863e-17)
(-1.30271 -0.0956432 -2.66867e-18)
(-1.38625 0.18 5.49556e-19)
(-1.44023 0.481298 0)
(-1.46505 0.795224 -9.49576e-18)
(-1.45862 1.10679 1.18168e-17)
(-1.42239 1.39414 1.21661e-17)
(-1.35766 1.63766 -1.26937e-17)
(-1.26887 1.81271 -1.53226e-17)
(-1.16712 1.89594 -1.72873e-17)
(-1.04973 1.8497 2.42876e-17)
(-0.939901 1.64203 -5.59546e-18)
(-0.906604 1.29588 -4.93373e-17)
(-1.36569 -0.0333685 3.88678e-18)
(-1.44851 0.242434 5.7523e-19)
(-1.49734 0.541799 0)
(-1.51041 0.849822 1.17997e-17)
(-1.48372 1.14924 4.77978e-21)
(-1.42044 1.41301 -1.98019e-18)
(-1.33164 1.62416 0)
(-1.21482 1.75208 4.2164e-18)
(-1.07216 1.75323 1.52508e-17)
(-0.92138 1.61399 -4.31861e-20)
(-0.79371 1.3324 2.72053e-17)
(-0.800347 0.95913 6.29389e-17)
(-1.03317 1.48347 2.20151e-17)
(-0.948861 1.07498 5.83133e-18)
(-0.951787 0.734146 -5.59413e-18)
(-0.988956 0.482223 1.00503e-17)
(-1.05476 0.332465 0)
(-1.11642 0.286628 1.21802e-17)
(-1.15797 0.329733 -1.81215e-17)
(-1.1448 0.439369 -9.60482e-18)
(-1.07333 0.59773 0)
(-0.915054 0.783087 3.78775e-18)
(-0.70078 0.964434 0)
(-0.419227 1.07843 -9.11974e-19)
(-0.932101 1.06818 0)
(-0.801016 0.679377 0)
(-0.803085 0.408828 0)
(-0.85355 0.236316 -4.58497e-18)
(-0.93212 0.16736 5.60616e-20)
(-1.00786 0.187216 -4.03545e-18)
(-1.0538 0.283264 7.97695e-18)
(-1.05125 0.436903 -7.88817e-18)
(-0.989963 0.62668 0)
(-0.849629 0.825435 2.9513e-18)
(-0.652723 1.00568 1.46042e-18)
(-0.399596 1.13289 -4.9476e-19)
(-0.92289 0.67568 0)
(-0.754612 0.376983 1.68471e-17)
(-0.753975 0.206505 -3.78142e-21)
(-0.80377 0.115855 2.81551e-20)
(-0.874876 0.108225 4.20463e-18)
(-0.938872 0.176233 4.09379e-18)
(-0.974411 0.307141 5.94583e-18)
(-0.963245 0.482876 3.90379e-18)
(-0.896556 0.684032 1.99715e-18)
(-0.762325 0.885138 -3.98015e-18)
(-0.576119 1.0641 -2.04218e-18)
(-0.340732 1.2 0)
(-0.913136 0.295796 8.88078e-18)
(-0.708975 0.162337 -5.80475e-18)
(-0.711435 0.089618 0)
(-0.763401 0.0669601 0)
(-0.824896 0.105931 -4.17998e-18)
(-0.876031 0.205927 1.10972e-20)
(-0.898589 0.355925 -1.20102e-17)
(-0.878497 0.540476 0)
(-0.807875 0.742358 -8.13139e-18)
(-0.67865 0.940119 0)
(-0.500943 1.11616 -2.1458e-18)
(-0.277661 1.25591 0)
(0.0238748 1.39307 -1.15134e-18)
(0.29339 1.46848 -4.61601e-18)
(0.583394 1.50484 0)
(0.876511 1.49889 -8.98042e-18)
(1.15299 1.45295 -2.10021e-18)
(1.38941 1.36689 -1.05675e-17)
(1.55456 1.24528 4.72322e-18)
(1.6125 1.09309 0)
(1.53627 0.925791 0)
(1.31638 0.759054 6.77666e-18)
(0.907001 0.577908 2.94207e-17)
(0.378113 0.417211 0)
(0.073817 1.38537 1.15554e-18)
(0.331798 1.44736 0)
(0.605053 1.46725 -9.24149e-18)
(0.876604 1.4411 2.27143e-18)
(1.12317 1.36752 -2.33206e-18)
(1.31647 1.25086 1.47703e-17)
(1.4256 1.09992 1.04674e-17)
(1.42168 0.92984 -5.62405e-18)
(1.27366 0.755628 0)
(0.9634 0.599069 0)
(0.389521 0.423854 0)
(-0.217001 0.408377 0)
(0.113475 1.3405 -1.17431e-18)
(0.354666 1.38357 -5.89292e-18)
(0.605579 1.38116 1.05959e-17)
(0.846929 1.32848 0)
(1.05563 1.22889 0)
(1.20442 1.08916 -4.61217e-17)
(1.26285 0.921403 2.7306e-17)
(1.20259 0.744822 0)
(0.99312 0.579372 -7.02885e-18)
(0.61797 0.454255 1.91234e-17)
(0.0502685 0.342575 -1.86626e-17)
(-0.336446 0.388361 0)
(0.140844 1.26456 1.1679e-18)
(0.360872 1.28533 4.70418e-18)
(0.58454 1.25849 -9.65168e-18)
(0.792735 1.18163 7.3512e-18)
(0.962944 1.06008 -7.53561e-18)
(1.06804 0.902344 -5.36263e-18)
(1.07999 0.725405 -3.97072e-17)
(0.973454 0.552555 -6.35552e-18)
(0.72349 0.409474 7.78137e-18)
(0.331685 0.332164 4.27664e-17)
(-0.12591 0.329961 0)
(-0.380082 0.414714 0)
(0.155617 1.16687 0)
(0.351761 1.16454 0)
(0.546189 1.11408 9.65754e-18)
(0.720317 1.01558 -9.79521e-18)
(0.852377 0.875467 -1.28123e-17)
(0.917014 0.704851 5.13859e-17)
(0.889681 0.525047 1.17513e-17)
(0.750108 0.363475 3.32606e-17)
(0.484213 0.250341 0)
(0.121196 0.223078 -4.23866e-17)
(-0.226269 0.298105 -7.35234e-17)
(-0.426966 0.400024 0)
(0.158657 1.05723 0)
(0.32963 1.03254 1.21159e-18)
(0.494338 0.960493 -1.23192e-18)
(0.634973 0.843201 2.47324e-18)
(0.730937 0.687824 3.84657e-17)
(0.760089 0.508758 -2.70018e-17)
(0.702037 0.330522 5.90852e-18)
(0.543486 0.184558 -2.66062e-17)
(0.282708 0.103877 -8.00872e-18)
(-0.0314304 0.121738 1.04302e-17)
(-0.302013 0.242587 6.89228e-17)
(-0.445523 0.372857 0)
(0.151466 0.944301 0)
(0.297047 0.899404 1.24202e-18)
(0.432679 0.808432 -1.25304e-18)
(0.541453 0.675118 0)
(0.604578 0.50763 -2.32794e-17)
(0.604031 0.32343 -2.66984e-18)
(0.524035 0.149112 -1.18115e-17)
(0.358942 0.0193774 -3.34601e-17)
(0.116703 -0.0322568 3.22183e-17)
(-0.146573 0.0202705 0)
(-0.358077 0.169282 1.36201e-16)
(-0.445331 0.321699 0)
(0.135849 0.835089 0)
(0.256505 0.772925 1.31149e-18)
(0.364363 0.666062 9.17787e-18)
(0.443639 0.519522 2.60436e-18)
(0.477859 0.34276 1.88089e-17)
(0.453362 0.155398 -5.58053e-18)
(0.35915 -0.0148954 3.03812e-17)
(0.196712 -0.131211 5.49077e-17)
(-0.0209527 -0.161513 3.32675e-17)
(-0.236708 -0.0868134 1.109e-17)
(-0.395197 0.0813385 -1.75554e-17)
(-0.424463 0.258731 0)
(0.113646 0.73446 0)
(0.210193 0.658584 0)
(0.291854 0.539125 -1.15668e-17)
(0.344221 0.382102 0)
(0.35349 0.198298 5.4072e-20)
(0.310044 0.00837238 -6.05605e-18)
(0.20761 -0.159837 6.61436e-18)
(0.0535124 -0.268064 -2.96944e-17)
(-0.138227 -0.286641 -8.94643e-18)
(-0.309618 -0.201662 1.10839e-16)
(-0.415793 -0.0192225 -1.59551e-16)
(-0.386786 0.181094 2.05639e-16)
(0.0870411 0.644256 0)
(0.160591 0.558576 7.37617e-18)
(0.21783 0.429878 -1.44397e-17)
(0.245944 0.26483 3.52638e-18)
(0.233616 0.0753124 -3.58024e-17)
(0.174789 -0.117921 2.62038e-17)
(0.0677452 -0.287333 -3.18102e-17)
(-0.0756636 -0.394105 9.08902e-18)
(-0.242363 -0.410348 -8.48004e-17)
(-0.370874 -0.323852 -9.96693e-17)
(-0.422746 -0.129569 -2.43075e-17)
(-0.333069 0.0919335 -2.53289e-16)
(0.06047 0.558904 0)
(0.113398 0.467509 -3.47599e-17)
(0.149369 0.332384 2.34539e-17)
(0.157138 0.160669 0)
(0.125253 -0.0344451 -5.85375e-18)
(0.0513165 -0.232526 -3.04486e-17)
(-0.0605304 -0.406111 -4.8798e-17)
(-0.196494 -0.516334 -2.49867e-17)
(-0.338846 -0.538262 1.43248e-16)
(-0.42288 -0.450974 1.28945e-16)
(-0.41154 -0.256342 0)
(-0.260961 -0.0204059 0)
(0.0407832 0.443802 -1.41577e-17)
(0.0733303 0.352311 -7.88108e-20)
(0.0889974 0.214296 0)
(0.0795712 0.0396499 1.85732e-17)
(0.0310626 -0.157529 -1.65355e-17)
(-0.0549491 -0.360219 -1.35489e-16)
(-0.167519 -0.537323 4.0237e-16)
(-0.288087 -0.665773 0)
(-0.407868 -0.672291 -2.62566e-16)
(-0.414241 -0.560453 -2.10594e-16)
(-0.36404 -0.38404 -2.65837e-16)
(-0.222511 -0.102401 6.36908e-16)
(-0.0790242 0.620359 7.5284e-17)
(0.0293472 0.609683 2.7299e-17)
(0.0291618 0.656989 -2.04181e-17)
(0.0581568 0.719869 0)
(0.129756 0.774804 -2.12577e-17)
(0.249938 0.813925 -1.23789e-17)
(0.409352 0.824699 1.01488e-17)
(0.59505 0.796593 6.15545e-18)
(0.792034 0.723107 0)
(0.982644 0.598317 1.05579e-18)
(1.15257 0.428284 3.23011e-18)
(1.29042 0.215465 2.21675e-18)
(-0.0353066 0.330094 1.54871e-16)
(-0.0040041 0.512689 -7.63038e-18)
(0.0118951 0.600989 2.62769e-17)
(0.0687447 0.672821 0)
(0.160303 0.722737 0)
(0.291644 0.751526 2.1103e-17)
(0.453658 0.75222 1.25502e-17)
(0.634979 0.71739 -1.04718e-17)
(0.822591 0.641952 2.14605e-18)
(1.00203 0.52139 9.81523e-18)
(1.16143 0.359076 -1.11838e-18)
(1.29098 0.156878 1.14431e-18)
(0.014331 0.21921 -1.88e-16)
(-0.00659384 0.425721 0)
(0.0168448 0.546621 0)
(0.087138 0.623352 0)
(0.190062 0.668856 0)
(0.326381 0.689008 2.18656e-17)
(0.486434 0.681581 -4.1001e-17)
(0.659695 0.641709 1.08417e-17)
(0.834803 0.565545 0)
(0.999898 0.449495 -8.84501e-18)
(1.14478 0.295393 -3.9741e-18)
(1.26051 0.104795 -1.72411e-18)
(0.0583454 0.134433 1.93173e-16)
(0.0045674 0.354268 4.15669e-17)
(0.0296913 0.492713 -2.85914e-17)
(0.105704 0.571741 2.0165e-17)
(0.214381 0.613377 0)
(0.351511 0.626696 4.58055e-18)
(0.506509 0.613254 1.56408e-17)
(0.669241 0.570243 -1.33959e-17)
(0.829765 0.494771 2.25711e-18)
(0.978154 0.384012 -1.12838e-18)
(1.10545 0.239076 5.72026e-18)
(1.2033 0.0615546 0)
(0.0958435 0.0652959 -3.59116e-19)
(0.0177791 0.290469 -3.48914e-17)
(0.0422387 0.438038 3.03481e-17)
(0.11989 0.517876 -4.82324e-17)
(0.230948 0.556473 2.00471e-17)
(0.366289 0.564876 3.3382e-20)
(0.514366 0.547624 -2.34238e-18)
(0.665218 0.503468 2.33205e-17)
(0.810093 0.430275 -2.33348e-18)
(0.940571 0.325904 0)
(1.04858 0.191311 5.82061e-19)
(1.12631 0.0283368 -2.94718e-18)
(0.123725 0.00732091 -2.05339e-16)
(0.0262742 0.229458 0)
(0.0496695 0.381192 0)
(0.127062 0.461326 2.89947e-17)
(0.238754 0.498084 -4.85948e-17)
(0.370925 0.503626 -2.57148e-17)
(0.511259 0.484821 2.52703e-18)
(0.64989 0.441587 -1.96285e-17)
(0.779094 0.372353 2.44164e-18)
(0.891621 0.27561 -1.20301e-18)
(0.980081 0.152501 1.80557e-18)
(1.03732 0.00523527 -6.14076e-19)
(0.139088 -0.0414041 -4.27425e-16)
(0.0255443 0.168606 -9.1114e-17)
(0.0488781 0.320631 1.45653e-17)
(0.12565 0.401331 1.93281e-17)
(0.23745 0.437839 4.76996e-17)
(0.366012 0.442727 5.62814e-18)
(0.498629 0.424638 -5.45775e-18)
(0.625573 0.384412 0)
(0.740033 0.320824 0)
(0.835716 0.232958 8.95726e-18)
(0.905698 0.122368 1.26434e-18)
(0.943559 -0.00842738 2.48977e-18)
(0.138849 -0.0815601 4.54167e-16)
(0.0126194 0.106381 5.59762e-20)
(0.0376778 0.25467 -6.69763e-17)
(0.114641 0.336729 -8.91125e-17)
(0.226956 0.37498 -2.73339e-17)
(0.352161 0.38158 6.39901e-18)
(0.477697 0.366472 -9.20297e-18)
(0.594182 0.331304 2.96757e-18)
(0.695636 0.275019 2.29714e-17)
(0.776519 0.197257 -2.37315e-17)
(0.830182 0.100051 2.04875e-18)
(0.851022 -0.0138596 -3.35044e-18)
(0.12095 -0.114532 -4.33693e-16)
(-0.0143872 0.0419505 9.61208e-17)
(0.0142414 0.18142 8.15868e-17)
(0.093167 0.265763 1.22701e-20)
(0.20715 0.308161 0)
(0.329638 0.319196 3.10628e-17)
(0.449059 0.309318 3.66356e-18)
(0.556753 0.281202 -2.15623e-20)
(0.647549 0.233803 -5.72656e-17)
(0.716429 0.16732 1.2952e-17)
(0.756786 0.0842862 0)
(0.763865 -0.012525 3.0304e-18)
(0.0778206 -0.134923 1.05246e-15)
(-0.0547429 -0.0251108 0)
(-0.0241861 0.0994581 1.39549e-17)
(0.0590704 0.18671 1.89052e-16)
(0.176676 0.236282 1.03584e-16)
(0.297409 0.254743 -7.51298e-20)
(0.411669 0.252124 -1.49849e-17)
(0.512386 0.232752 4.18511e-17)
(0.595297 0.195674 3.4792e-17)
(0.655525 0.141511 1.43781e-17)
(0.686221 0.073248 1.96184e-18)
(0.683489 -0.00632162 0)
(0.00852689 -0.13978 -6.28698e-16)
(-0.106768 -0.0918172 0)
(-0.0837592 0.00686807 0)
(0.00540901 0.0967763 -1.77314e-16)
(0.129275 0.1592 -1.68875e-16)
(0.250106 0.188027 -7.54826e-17)
(0.359626 0.19394 -6.67588e-17)
(0.453992 0.18421 -1.13491e-16)
(0.531458 0.158554 -6.97895e-18)
(0.586555 0.117211 -2.9165e-17)
(0.612247 0.0634433 3.07336e-18)
(0.604504 0.00149818 0)
(-0.0373798 -0.143966 -8.52318e-16)
(-0.175676 -0.155376 0)
(-0.163166 -0.0931735 0)
(-0.0752787 0.00240077 6.57891e-17)
(0.0439956 0.071704 -7.18927e-17)
(0.167673 0.110805 5.17066e-17)
(0.267637 0.12344 -4.01497e-17)
(0.34919 0.122488 1.37965e-16)
(0.420136 0.108883 0)
(0.471195 0.0828869 -6.42943e-17)
(0.497414 0.0500624 -6.07221e-17)
(0.494402 0.000708943 1.4152e-17)
(1.39549 -0.0234078 -1.74474e-20)
(1.47104 -0.293114 -4.61752e-18)
(1.50724 -0.583363 0)
(1.50132 -0.876717 6.71448e-18)
(1.45529 -1.15346 1.05641e-17)
(1.36907 -1.39006 4.17577e-18)
(1.24714 -1.5552 4.72148e-18)
(1.09459 -1.613 -2.07301e-17)
(0.926909 -1.53662 0)
(0.759829 -1.31651 -2.01673e-17)
(0.578446 -0.907 2.91539e-17)
(0.417484 -0.377915 6.89985e-17)
(1.38739 -0.0732704 2.32829e-18)
(1.44954 -0.331475 0)
(1.46929 -0.604961 9.24036e-18)
(1.4431 -0.876716 0)
(1.36935 -1.12344 1.35252e-19)
(1.2525 -1.31678 1.96486e-17)
(1.1013 -1.42583 5.22414e-18)
(0.930906 -1.42173 -2.80929e-17)
(0.756403 -1.27356 0)
(0.599587 -0.963163 2.43206e-17)
(0.424257 -0.389279 -4.06153e-17)
(0.408628 0.217241 0)
(1.34192 -0.112838 -1.16208e-18)
(1.38518 -0.354266 4.72355e-18)
(1.38262 -0.605365 -9.41192e-18)
(1.32988 -0.846863 1.21249e-17)
(1.23016 -1.05565 -4.823e-18)
(1.09027 -1.20441 -1.27255e-17)
(0.922317 -1.26271 -3.27216e-17)
(0.745523 -1.20228 2.99363e-17)
(0.579878 -0.992698 0)
(0.454583 -0.617515 -2.85297e-17)
(0.342843 -0.0499176 -1.86509e-17)
(0.388553 0.336808 0)
(1.26526 -0.140148 -5.86029e-19)
(1.28628 -0.360398 -5.29495e-18)
(1.25932 -0.584212 1.204e-18)
(1.18245 -0.792509 9.19968e-20)
(1.0608 -0.962737 -9.96416e-18)
(0.902976 -1.06775 0)
(0.725924 -1.07956 2.83169e-17)
(0.552966 -0.972878 -6.41907e-18)
(0.409784 -0.722865 0)
(0.33237 -0.331114 8.56341e-17)
(0.330105 0.126377 0)
(0.414839 0.380445 0)
(1.16683 -0.154877 -2.37813e-18)
(1.16479 -0.35123 0)
(1.11428 -0.545755 7.31446e-18)
(1.01583 -0.719948 -9.78852e-18)
(0.875679 -0.851986 1.78393e-20)
(0.705051 -0.916519 2.4402e-17)
(0.52523 -0.889041 -5.84467e-18)
(0.363654 -0.749364 -1.98798e-17)
(0.250504 -0.483473 8.01418e-18)
(0.223202 -0.120566 -4.24037e-17)
(0.298191 0.226763 -3.68045e-17)
(0.400118 0.42722 2.15313e-17)
(1.05647 -0.157918 2.39583e-18)
(1.03213 -0.329078 0)
(0.960096 -0.493837 -9.81405e-18)
(0.842912 -0.634498 2.47504e-18)
(0.687567 -0.730404 -2.57605e-18)
(0.508571 -0.759443 -2.70123e-17)
(0.330412 -0.701261 2.35717e-17)
(0.184537 -0.542647 3.33154e-17)
(0.103918 -0.281918 0)
(0.121797 0.0320688 1.0428e-17)
(0.242642 0.302476 -1.72132e-17)
(0.372926 0.445697 0)
(0.942904 -0.150748 6.18711e-19)
(0.898375 -0.296497 -5.6174e-18)
(0.807487 -0.432133 0)
(0.674334 -0.540903 0)
(0.506948 -0.603947 0)
(0.322894 -0.603286 -5.41415e-18)
(0.148738 -0.523183 -1.76623e-17)
(0.0191759 -0.358065 -2.67418e-17)
(-0.0323259 -0.115909 8.04088e-18)
(0.0202699 0.147182 2.67455e-21)
(0.169311 0.358478 -1.53316e-16)
(0.321754 0.445444 -1.70363e-16)
(0.833139 -0.135195 2.64287e-18)
(0.771367 -0.255993 6.56697e-18)
(0.664641 -0.36381 -1.31359e-18)
(0.518306 -0.443048 2.60691e-18)
(0.341701 -0.47717 1.61537e-17)
(0.15455 -0.452566 1.97752e-17)
(-0.015508 -0.358271 -2.42101e-17)
(-0.131579 -0.19584 6.18752e-17)
(-0.161685 0.0217166 0)
(-0.0868747 0.237264 0)
(0.0813401 0.395529 1.25835e-16)
(0.258766 0.424526 2.19839e-17)
(0.732068 -0.113072 -2.96831e-18)
(0.656595 -0.209735 -1.46538e-18)
(0.53731 -0.291314 1.45257e-18)
(0.380528 -0.343619 0)
(0.196924 -0.352785 -4.69085e-17)
(0.00725801 -0.309237 -3.04805e-17)
(-0.160659 -0.206749 2.63625e-17)
(-0.268582 -0.0526822 -2.96204e-17)
(-0.286907 0.138928 9.14828e-18)
(-0.201781 0.310101 1.23515e-17)
(-0.0192469 0.416055 -1.9931e-17)
(0.181113 0.386812 2.04977e-16)
(0.641534 -0.0865749 -3.71131e-18)
(0.556268 -0.160203 0)
(0.427767 -0.217322 -1.44537e-17)
(0.262989 -0.245355 3.52961e-18)
(0.0736969 -0.232929 2.14966e-17)
(-0.119247 -0.174009 -3.64169e-18)
(-0.288323 -0.0669426 -1.60142e-17)
(-0.394749 0.0764207 6.317e-17)
(-0.410691 0.242973 -7.4451e-17)
(-0.324015 0.371267 2.90631e-20)
(-0.129611 0.42294 -2.43323e-17)
(0.0919291 0.333067 0)
(0.555969 -0.0600991 4.34738e-18)
(0.46501 -0.113071 -1.88892e-17)
(0.330077 -0.148892 4.41195e-17)
(0.158657 -0.156584 0)
(-0.0362168 -0.124579 -5.85851e-18)
(-0.233998 -0.0505692 6.14447e-18)
(-0.407211 0.0612628 3.62329e-17)
(-0.517072 0.19717 -1.87124e-16)
(-0.538651 0.339352 1.14356e-16)
(-0.451157 0.42316 0)
(-0.256403 0.411652 0)
(-0.0204067 0.260958 0)
(0.440892 -0.0404609 2.8421e-17)
(0.349799 -0.0730191 5.91954e-17)
(0.211922 -0.0885362 -1.28995e-16)
(0.0376188 -0.0790857 1.86336e-17)
(-0.159329 -0.0304155 -3.28481e-17)
(-0.361768 0.0556406 -6.79315e-17)
(-0.538447 0.168128 -4.7333e-17)
(-0.666596 0.288638 2.22084e-17)
(-0.67258 0.408148 -2.30136e-16)
(-0.560606 0.414377 -2.64113e-17)
(-0.384064 0.364098 0)
(-0.102408 0.222472 -6.37819e-16)
(0.620672 0.0798968 7.52305e-17)
(0.60996 -0.028368 2.74731e-17)
(0.657109 -0.0280254 -2.03883e-17)
(0.719841 -0.0569484 -2.25586e-17)
(0.774652 -0.12851 2.12744e-17)
(0.813643 -0.248706 2.05419e-17)
(0.824261 -0.408173 -2.06599e-18)
(0.795964 -0.593956 -4.08411e-18)
(0.722318 -0.791062 2.08965e-18)
(0.597433 -0.981792 0)
(0.427377 -1.15184 0)
(0.21459 -1.28977 -1.46106e-20)
(0.330603 0.0363067 0)
(0.513106 0.00496011 4.92723e-20)
(0.601285 -0.0108899 0)
(0.672978 -0.0677452 1.85137e-17)
(0.722762 -0.159335 -4.34679e-18)
(0.751406 -0.290737 8.44352e-18)
(0.751918 -0.452825 -2.29765e-17)
(0.716861 -0.634227 2.10704e-18)
(0.641213 -0.821917 0)
(0.520518 -1.00142 -8.70644e-18)
(0.358182 -1.16081 0)
(0.156036 -1.29031 2.26936e-18)
(0.219906 -0.013448 0)
(0.426319 0.00742304 -4.00285e-17)
(0.547102 -0.0160463 5.46916e-18)
(0.6237 -0.0864103 0)
(0.669064 -0.189425 1.80836e-17)
(0.68906 -0.32584 4.34809e-18)
(0.68143 -0.485988 1.50104e-17)
(0.641307 -0.659326 -1.29561e-17)
(0.564898 -0.834481 2.19086e-18)
(0.448697 -0.999547 1.76956e-17)
(0.294555 -1.14435 4.52252e-18)
(0.104044 -1.25993 -1.14251e-18)
(0.135257 -0.0575416 -1.93277e-16)
(0.355018 -0.0038963 0)
(0.493364 -0.0291244 0)
(0.572265 -0.10527 2.51926e-17)
(0.613759 -0.214087 -2.36204e-17)
(0.626913 -0.35135 4.53571e-18)
(0.613259 -0.506459 -4.4915e-18)
(0.569981 -0.669267 8.89973e-18)
(0.49425 -0.829803 8.97655e-18)
(0.383322 -0.978122 5.26853e-20)
(0.23835 -1.10526 -4.5544e-18)
(0.0609147 -1.20289 1.16294e-18)
(0.0661584 -0.095157 1.98861e-16)
(0.291321 -0.0172836 0)
(0.438827 -0.0419082 6.06695e-18)
(0.518549 -0.119749 -4.82358e-17)
(0.557007 -0.23099 0)
(0.565245 -0.366495 -2.4002e-17)
(0.54778 -0.514697 2.58373e-17)
(0.503349 -0.665622 -2.09416e-17)
(0.429894 -0.81049 -6.93864e-18)
(0.325348 -0.940849 -2.0878e-17)
(0.190707 -1.04866 0)
(0.0278278 -1.12615 -2.34318e-18)
(0.00815409 -0.123184 5.11963e-17)
(0.230362 -0.0259532 -4.64412e-17)
(0.382077 -0.0495662 0)
(0.462116 -0.127195 -1.3305e-20)
(0.498742 -0.239106 0)
(0.504124 -0.371467 5.09731e-18)
(0.485111 -0.511937 -2.49586e-17)
(0.441606 -0.650635 1.71494e-17)
(0.372114 -0.779813 1.21449e-17)
(0.275193 -0.892207 9.60645e-18)
(0.152038 -0.980447 -4.80249e-18)
(0.0048488 -1.03742 1.19325e-18)
(-0.0406496 -0.13871 0)
(0.16951 -0.0253862 1.21558e-16)
(0.32157 -0.0489821 6.55943e-17)
(0.4022 -0.126027 1.93224e-17)
(0.438586 -0.238075 0)
(0.443326 -0.366845 2.81571e-17)
(0.42504 -0.499603 -2.74063e-18)
(0.384556 -0.626607 -1.8492e-20)
(0.320717 -0.741031 -1.29426e-17)
(0.232681 -0.83656 0)
(0.122028 -0.906325 -1.7429e-20)
(-0.00869823 -0.943934 3.69868e-26)
(-0.0809228 -0.138632 -4.53893e-16)
(0.107234 -0.0126012 -1.94786e-16)
(0.255614 -0.0379568 -5.86555e-17)
(0.337635 -0.11522 -5.94297e-17)
(0.375778 -0.227801 0)
(0.382246 -0.353227 6.39059e-18)
(0.366962 -0.478905 -9.18397e-18)
(0.331553 -0.595441 1.93253e-20)
(0.275033 -0.696847 2.87025e-18)
(0.197103 -0.777575 0)
(0.0998411 -0.831024 5.43189e-18)
(-0.0140361 -0.851635 2.67187e-18)
(-0.11402 -0.120869 2.67911e-19)
(0.0427032 0.0142988 1.09917e-16)
(0.182314 -0.0146502 0)
(0.266658 -0.0938956 9.10132e-18)
(0.308965 -0.208153 -3.04705e-20)
(0.319893 -0.330867 -3.10632e-17)
(0.309864 -0.450428 2.56395e-17)
(0.281535 -0.558163 -3.15267e-17)
(0.23392 -0.648905 0)
(0.167282 -0.717625 -1.29309e-17)
(0.0841739 -0.75778 0)
(-0.012617 -0.764661 -6.05271e-18)
(-0.134582 -0.0778828 5.26789e-16)
(-0.0245045 0.0546095 -1.80705e-17)
(0.100236 0.0237117 1.39714e-16)
(0.18754 -0.0598833 8.82944e-17)
(0.237049 -0.177764 -8.05689e-17)
(0.255433 -0.298719 4.25066e-17)
(0.252691 -0.413117 -1.00018e-17)
(0.233147 -0.513871 3.24647e-17)
(0.195877 -0.596724 4.35081e-18)
(0.141568 -0.656796 3.06981e-17)
(0.0732267 -0.687301 -5.85559e-18)
(-0.00635158 -0.684397 3.76876e-18)
(-0.13958 -0.00863039 0)
(-0.0914036 0.10665 0)
(0.00745172 0.0833155 -1.93009e-16)
(0.0974893 -0.00623009 0)
(0.159889 -0.130369 1.89853e-16)
(0.188666 -0.251412 -1.88188e-16)
(0.194492 -0.361056 -4.16373e-17)
(0.184636 -0.455458 5.27763e-17)
(0.15882 -0.532876 0)
(0.117339 -0.587824 1.37655e-20)
(0.0634827 -0.613337 3.67117e-17)
(0.00150967 -0.605442 0)
(-0.144068 0.0373239 -7.46082e-16)
(-0.155191 0.175606 -7.87681e-16)
(-0.092807 0.162859 5.83756e-17)
(0.00303269 0.0745212 0)
(0.0722681 -0.0449973 -7.15551e-17)
(0.111306 -0.168829 5.167e-16)
(0.123887 -0.26888 -4.00419e-17)
(0.122868 -0.350428 -1.54538e-16)
(0.109147 -0.42138 1.54506e-17)
(0.0830347 -0.472323 -5.70066e-17)
(0.0501343 -0.498408 -1.38504e-16)
(0.000717534 -0.495254 1.41236e-17)
(-0.024237 -1.39479 1.1161e-18)
(-0.29383 -1.47014 -1.1604e-18)
(-0.583863 -1.50601 1.15068e-18)
(-0.87675 -1.49965 9.15518e-18)
(-1.15289 -1.4532 8.46804e-18)
(-1.3888 -1.36665 -8.43981e-18)
(-1.55326 -1.24448 -4.73755e-18)
(-1.61065 -1.09202 -1.55539e-17)
(-1.53441 -0.92472 4.59339e-17)
(-1.31478 -0.758125 0)
(-0.906067 -0.577311 3.91563e-17)
(-0.37777 -0.41697 0)
(-0.0739826 -1.38656 1.15459e-18)
(-0.331996 -1.44847 0)
(-0.605175 -1.46789 0)
(-0.876426 -1.44126 1.43129e-19)
(-1.12252 -1.36716 -9.25206e-18)
(-1.31527 -1.25009 -2.45503e-17)
(-1.42393 -1.09887 -1.57648e-17)
(-1.41975 -0.928668 0)
(-1.27197 -0.754565 -2.53928e-17)
(-0.96228 -0.598222 8.11139e-18)
(-0.389379 -0.423503 2.68709e-17)
(0.216805 -0.408091 1.73024e-16)
(-0.113422 -1.34109 -1.17331e-18)
(-0.35461 -1.38407 1.17086e-18)
(-0.605346 -1.38117 8.3399e-18)
(-0.846316 -1.32809 -1.68871e-17)
(-1.05458 -1.22817 -1.4845e-17)
(-1.20291 -1.08816 -2.71983e-18)
(-1.26103 -0.92028 3.26229e-17)
(-1.20076 -0.743708 1.79484e-17)
(-0.991761 -0.578399 -2.8139e-17)
(-0.617355 -0.453459 0)
(-0.0505634 -0.34218 -7.49404e-17)
(0.336342 -0.38799 -1.61979e-19)
(-0.140594 -1.26457 2.34439e-18)
(-0.360581 -1.2853 0)
(-0.58402 -1.25803 -9.55045e-18)
(-0.791851 -1.18092 2.33809e-18)
(-0.961654 -1.05917 9.9491e-18)
(-1.06639 -0.901308 4.47086e-17)
(-1.07821 -0.72438 -2.84381e-17)
(-0.971849 -0.551612 -3.18928e-17)
(-0.722509 -0.408648 6.97267e-17)
(-0.33146 -0.331432 -4.27512e-17)
(0.125667 -0.32925 0)
(0.379985 -0.414151 -9.3423e-17)
(-0.155201 -1.16637 -2.36378e-18)
(-0.35129 -1.16405 0)
(-0.545472 -1.1133 0)
(-0.719264 -1.0147 7.33999e-18)
(-0.850981 -0.874502 2.55277e-17)
(-0.915373 -0.703924 -2.43199e-17)
(-0.888064 -0.524234 2.3501e-17)
(-0.748799 -0.362783 -2.65535e-17)
(-0.483592 -0.249716 -6.42467e-17)
(-0.121193 -0.222447 7.28861e-20)
(0.226068 -0.297348 7.3431e-17)
(0.426639 -0.399443 0)
(-0.158128 -1.05631 1.19492e-18)
(-0.329049 -1.03172 -4.8627e-18)
(-0.493511 -0.959498 0)
(-0.633852 -0.842242 0)
(-0.72955 -0.686918 -2.30256e-17)
(-0.758569 -0.508028 -1.89441e-17)
(-0.700669 -0.329988 0)
(-0.542495 -0.184169 2.65951e-17)
(-0.282397 -0.10348 2.41128e-17)
(0.0312745 -0.121258 5.20481e-17)
(0.301707 -0.241917 -1.3777e-16)
(0.445071 -0.372213 1.69253e-16)
(-0.15087 -0.943039 -3.69483e-26)
(-0.296418 -0.898306 6.20232e-18)
(-0.431817 -0.807303 -1.25185e-18)
(-0.540347 -0.674145 -2.50039e-18)
(-0.603289 -0.506848 5.17692e-18)
(-0.602711 -0.322934 1.90382e-17)
(-0.522952 -0.148886 0)
(-0.358267 -0.0193063 0)
(-0.116654 0.0324003 3.22115e-17)
(0.146259 -0.0200005 0)
(0.357635 -0.168777 5.08578e-17)
(0.444767 -0.321124 -1.48994e-16)
(-0.135245 -0.833547 2.6366e-18)
(-0.255889 -0.771619 5.26012e-18)
(-0.363533 -0.664853 1.04803e-17)
(-0.442614 -0.518572 0)
(-0.47674 -0.342123 2.66865e-18)
(-0.452279 -0.155138 -8.4091e-18)
(-0.358376 0.0148309 1.21356e-17)
(-0.196317 0.130962 -4.1209e-17)
(0.0207692 0.16139 -2.48447e-17)
(0.236241 0.0868281 0)
(0.394658 -0.0810483 1.44067e-16)
(0.423858 -0.258202 1.81858e-16)
(-0.113073 -0.732692 -5.93124e-18)
(-0.209639 -0.657118 -5.85404e-18)
(-0.291106 -0.53786 -1.15573e-17)
(-0.343339 -0.381182 2.85759e-18)
(-0.352569 -0.197801 -3.17338e-20)
(-0.309245 -0.0083036 -3.07188e-18)
(-0.207107 0.159508 0)
(-0.0534068 0.267531 -4.35226e-20)
(0.137861 0.286248 -9.0786e-18)
(0.30901 0.201392 1.10875e-16)
(0.415172 0.0192868 -1.59578e-16)
(0.386204 -0.180706 -2.05371e-16)
(-0.0865449 -0.642307 3.69532e-18)
(-0.160136 -0.55698 -7.37598e-18)
(-0.217204 -0.428558 1.44301e-17)
(-0.245241 -0.26393 0)
(-0.232907 -0.0749153 0)
(-0.174294 0.117845 -2.24633e-17)
(-0.0674781 0.286787 2.39141e-17)
(0.0754886 0.39334 1.08334e-16)
(0.241844 0.409674 8.50515e-17)
(0.370153 0.323314 1.45409e-17)
(0.422064 0.129404 -2.43193e-17)
(0.332535 -0.0917147 0)
(-0.0600774 -0.556811 0)
(-0.113055 -0.465818 1.15687e-17)
(-0.14888 -0.331 -2.34597e-17)
(-0.156603 -0.159769 5.83816e-18)
(-0.124756 0.0347787 -5.92058e-18)
(-0.051063 0.232331 4.87076e-17)
(0.0605569 0.40542 -4.82356e-17)
(0.196097 0.515349 -9.97571e-17)
(0.338181 0.537332 -1.14423e-16)
(0.42209 0.450183 -1.47272e-16)
(0.41088 0.25592 2.65422e-16)
(0.260563 0.0203978 -3.75759e-17)
(-0.040479 -0.441704 2.83731e-17)
(-0.0730728 -0.3506 -5.91822e-17)
(-0.0886188 -0.212872 0)
(-0.0791969 -0.0387758 -1.49431e-16)
(-0.0307294 0.157791 -1.31785e-16)
(0.0550101 0.359915 0)
(0.16739 0.536529 2.35144e-17)
(0.287551 0.66452 -4.49211e-17)
(0.407163 0.671142 2.78442e-19)
(0.413561 0.559505 2.64399e-17)
(0.363475 0.383422 -5.32322e-16)
(0.222147 0.10226 0)
(0.0789887 -0.619611 -7.52776e-17)
(-0.0287945 -0.609355 -3.42915e-17)
(-0.0284275 -0.656963 2.55098e-17)
(-0.0573411 -0.720081 0)
(-0.128931 -0.775209 1.69969e-17)
(-0.24917 -0.814451 4.09685e-18)
(-0.408704 -0.825271 -1.22045e-17)
(-0.594564 -0.797141 -6.17525e-18)
(-0.791732 -0.723561 -1.03789e-17)
(-0.982533 -0.598595 0)
(-1.15263 -0.428308 4.32425e-18)
(-1.29059 -0.215173 -1.10818e-18)
(0.0353376 -0.329746 0)
(0.00440954 -0.512531 3.81859e-17)
(-0.0113485 -0.601071 -2.62554e-17)
(-0.0681247 -0.67311 0)
(-0.159687 -0.723195 1.31171e-17)
(-0.291097 -0.752087 4.24075e-18)
(-0.453235 -0.752803 -1.67312e-17)
(-0.634716 -0.717929 -4.38288e-20)
(-0.822504 -0.642379 0)
(-1.00212 -0.521632 0)
(-1.16166 -0.359068 0)
(-1.2913 -0.156577 -1.14433e-18)
(-0.0143176 -0.219047 0)
(0.00686313 -0.425704 2.40191e-17)
(-0.0164642 -0.546799 2.72588e-17)
(-0.0866999 -0.623712 0)
(-0.189642 -0.669363 -1.35459e-17)
(-0.32604 -0.689598 8.7592e-18)
(-0.486224 -0.682175 2.36883e-17)
(-0.659644 -0.64224 -4.35942e-18)
(-0.83492 -0.56595 -6.56593e-18)
(-1.00017 -0.449711 0)
(-1.14518 -0.295365 -4.5362e-18)
(-1.26097 -0.104495 1.14574e-18)
(-0.0583585 -0.134362 0)
(-0.00440432 -0.35435 -3.32717e-17)
(-0.0294476 -0.492965 -4.56806e-17)
(-0.105423 -0.572158 0)
(-0.214135 -0.613922 -4.70892e-18)
(-0.351357 -0.627307 -1.36306e-17)
(-0.506494 -0.613853 1.79447e-17)
(-0.669385 -0.570769 8.9189e-18)
(-0.83007 -0.495161 -4.2527e-20)
(-0.9786 -0.384212 1.12815e-18)
(-1.10599 -0.239039 3.98781e-18)
(-1.20388 -0.0612624 -5.83371e-19)
(-0.095892 -0.0652703 4.94876e-17)
(-0.017697 -0.290606 -1.74358e-17)
(-0.0421037 -0.438338 2.42833e-17)
(-0.119741 -0.518329 5.3613e-18)
(-0.230852 -0.55704 2.50197e-17)
(-0.366298 -0.565499 -4.81704e-18)
(-0.514523 -0.548224 -3.52517e-17)
(-0.665536 -0.503986 -1.90989e-20)
(-0.810563 -0.430652 9.25154e-18)
(-0.941167 -0.326093 -1.16621e-17)
(-1.04925 -0.191273 0)
(-1.12699 -0.0280616 2.35796e-18)
(-0.123809 -0.0072981 0)
(-0.0262484 -0.229613 -9.2705e-18)
(-0.049616 -0.38151 6.57031e-18)
(-0.127017 -0.461793 0)
(-0.238781 -0.498657 -1.61848e-17)
(-0.371072 -0.504246 -2.06244e-17)
(-0.511565 -0.485413 1.49634e-17)
(-0.650357 -0.442095 -2.44848e-18)
(-0.779708 -0.372719 2.44097e-18)
(-0.892344 -0.275794 9.63722e-18)
(-0.980856 -0.15247 0)
(-1.03808 -0.00498543 -2.39388e-18)
(-0.1392 0.0414411 4.27145e-16)
(-0.0255507 -0.168747 7.08198e-17)
(-0.0488796 -0.32094 9.49137e-21)
(-0.125679 -0.401788 6.44485e-18)
(-0.237573 -0.438398 2.38418e-17)
(-0.36627 -0.44333 2.81765e-17)
(-0.499057 -0.425211 -5.45467e-18)
(-0.626166 -0.384904 0)
(-0.740766 -0.321178 0)
(-0.836545 -0.233141 0)
(-0.906556 -0.12235 4.42048e-18)
(-0.944384 0.00864386 6.25696e-19)
(-0.138976 0.0816246 -3.97253e-16)
(-0.0126324 -0.106482 -1.03061e-16)
(-0.0377066 -0.25494 0)
(-0.114715 -0.33715 0)
(-0.227145 -0.375502 -4.7831e-17)
(-0.352502 -0.382149 2.56271e-17)
(-0.478222 -0.367013 -2.7607e-17)
(-0.594875 -0.331773 -2.95822e-17)
(-0.696466 -0.27536 2.87855e-18)
(-0.777433 -0.197444 -1.39222e-18)
(-0.831106 -0.100054 -4.08074e-18)
(-0.851894 0.0140368 -2.67992e-18)
(-0.121071 0.114617 0)
(0.0143922 -0.0419913 -1.37228e-17)
(-0.0142654 -0.18163 1.01906e-17)
(-0.093257 -0.266117 9.08103e-18)
(-0.207373 -0.308626 3.33077e-17)
(-0.330035 -0.319708 -3.10848e-17)
(-0.449651 -0.309816 2.20101e-17)
(-0.557523 -0.281638 5.61449e-17)
(-0.648451 -0.234131 0)
(-0.71741 -0.167509 1.61576e-18)
(-0.757756 -0.0843132 -1.56459e-18)
(-0.764771 0.0126583 3.02988e-18)
(-0.0778972 0.135026 0)
(0.0547878 0.0251406 -1.80487e-17)
(0.0242018 -0.0995854 9.47479e-21)
(-0.0591445 -0.186967 1.13362e-16)
(-0.1769 -0.236667 -1.03545e-16)
(-0.297835 -0.255175 6.38636e-17)
(-0.4123 -0.252567 -5.03059e-18)
(-0.513209 -0.233141 -4.64672e-17)
(-0.596249 -0.195985 4.36179e-18)
(-0.656548 -0.141698 1.64202e-17)
(-0.687217 -0.0733006 0)
(-0.684409 0.00640736 3.78407e-18)
(-0.00853217 0.139893 0)
(0.106871 0.0919155 0)
(0.0838423 -0.00688899 0)
(-0.00543199 -0.0969148 -1.77238e-16)
(-0.129474 -0.159481 3.58522e-16)
(-0.250537 -0.188371 -9.43378e-17)
(-0.36027 -0.194309 8.32072e-18)
(-0.454828 -0.184544 -7.58126e-18)
(-0.532424 -0.158838 0)
(-0.587587 -0.117391 -5.50805e-17)
(-0.613244 -0.0635136 2.913e-17)
(-0.60542 -0.00145865 -7.38411e-18)
(0.0374069 0.144101 8.51884e-16)
(0.175847 0.155537 0)
(0.163315 0.0932487 -5.8172e-17)
(0.075305 -0.00244337 5.92684e-16)
(-0.0441571 -0.0718775 -5.02819e-16)
(-0.168097 -0.11104 -1.03505e-16)
(-0.268255 -0.123699 2.20298e-16)
(-0.349966 -0.122727 -3.44466e-17)
(-0.421032 -0.109092 1.54759e-17)
(-0.472155 -0.0830256 1.1419e-16)
(-0.498363 -0.0501343 -6.93434e-17)
(-0.495274 -0.000683051 -2.82732e-17)
(-1.39567 0.0240208 -1.11844e-18)
(-1.47113 0.294015 -1.16166e-18)
(-1.50713 0.584445 1.1517e-18)
(-1.50092 0.877754 0)
(-1.45463 1.15424 -1.05664e-17)
(-1.3682 1.3904 -6.31087e-18)
(-1.24613 1.55499 2.37497e-17)
(-1.09355 1.61216 1.55501e-17)
(-0.925939 1.53534 0)
(-0.75895 1.31504 -1.1832e-19)
(-0.577696 0.905755 -3.91716e-17)
(-0.416909 0.377293 -6.90919e-17)
(-1.3877 0.0738609 -2.32847e-18)
(-1.44974 0.332318 -1.16715e-18)
(-1.4693 0.605937 -8.09019e-18)
(-1.44285 0.877628 2.27242e-18)
(-1.36886 1.12408 6.91833e-18)
(-1.25181 1.317 -2.45503e-17)
(-1.10048 1.42552 -1.56016e-17)
(-0.930091 1.42091 0)
(-0.755673 1.2724 0)
(-0.598945 0.961982 -2.43513e-17)
(-0.423732 0.388659 -1.3461e-17)
(-0.408115 -0.216934 -1.38409e-16)
(-1.34235 0.113401 5.79135e-19)
(-1.3855 0.355048 5.31396e-18)
(-1.38274 0.606248 9.41438e-18)
(-1.32976 0.847654 0)
(-1.22981 1.05617 -7.45693e-18)
(-1.08975 1.20453 3.3338e-17)
(-0.921707 1.26236 -1.63827e-17)
(-0.744947 1.20151 0)
(-0.579399 0.991712 0)
(-0.45419 0.616687 0)
(-0.342527 0.0497834 0)
(-0.388119 -0.336297 1.14326e-16)
(-1.26579 0.140677 0)
(-1.28668 0.361116 -3.52719e-18)
(-1.25952 0.584996 -1.20443e-18)
(-1.18242 0.793187 2.43256e-18)
(-1.06057 0.963157 4.96473e-18)
(-0.902599 1.06781 -2.36149e-17)
(-0.725505 1.07921 5.64688e-18)
(-0.552608 0.972202 0)
(-0.40953 0.722082 -3.09681e-17)
(-0.332183 0.330633 3.20784e-17)
(-0.329925 -0.126185 -6.09047e-17)
(-0.414431 -0.37988 -9.33064e-17)
(-1.16744 0.155364 1.78733e-18)
(-1.16525 0.351875 5.99233e-19)
(-1.11453 0.546444 0)
(-1.01587 0.720523 -2.45396e-18)
(-0.875539 0.852313 -1.53563e-17)
(-0.704802 0.916521 -2.72047e-18)
(-0.524976 0.88871 -3.07431e-20)
(-0.363484 0.748794 -2.65987e-17)
(-0.25044 0.482898 2.41905e-17)
(-0.223178 0.120371 -3.18115e-17)
(-0.298065 -0.226425 7.37234e-17)
(-0.399739 -0.426697 -2.57688e-20)
(-1.05715 0.158355 -2.99626e-18)
(-1.03264 0.329646 1.82257e-18)
(-0.960397 0.494431 -1.23351e-18)
(-0.84301 0.634976 2.4762e-18)
(-0.687497 0.730653 2.04857e-17)
(-0.508426 0.759414 2.65968e-18)
(-0.330291 0.700966 1.75774e-17)
(-0.184521 0.542194 4.66445e-17)
(-0.104009 0.281536 8.08544e-18)
(-0.121893 -0.032069 0)
(-0.242567 -0.302088 0)
(-0.372595 -0.445203 8.4434e-17)
(-0.943624 0.151128 -1.85244e-26)
(-0.898921 0.296986 -3.75077e-18)
(-0.807822 0.432636 -1.12896e-17)
(-0.674472 0.541293 0)
(-0.506935 0.604133 0)
(-0.322832 0.603243 -5.41756e-18)
(-0.148724 0.522937 5.95189e-18)
(-0.0192792 0.357728 -5.35243e-17)
(0.03212 0.115689 -4.03125e-17)
(-0.0204493 -0.147064 2.1096e-17)
(-0.16929 -0.358081 1.19455e-16)
(-0.321481 -0.444998 1.70512e-16)
(-0.83389 0.135516 1.98475e-18)
(-0.771936 0.256404 7.22773e-18)
(-0.665001 0.364225 1.96599e-17)
(-0.518474 0.443358 -2.09759e-17)
(-0.341737 0.477308 -1.88608e-17)
(-0.154552 0.452521 -8.42051e-18)
(0.0154422 0.358081 6.12379e-18)
(0.131389 0.195612 2.74839e-17)
(0.161399 -0.0218116 9.98108e-17)
(0.0866331 -0.237074 8.87254e-17)
(-0.0813788 -0.395138 3.87228e-19)
(-0.258561 -0.424123 5.79572e-19)
(-0.732836 0.113328 -2.96863e-18)
(-0.657177 0.210067 -5.88286e-18)
(-0.537684 0.291643 -1.15805e-17)
(-0.380717 0.343855 4.31434e-17)
(-0.196994 0.352884 2.34662e-17)
(-0.00730568 0.309198 3.07547e-18)
(0.160538 0.206618 -2.63118e-17)
(0.268334 0.0525498 0)
(0.286568 -0.138926 1.30682e-19)
(0.201486 -0.309864 -1.97161e-16)
(0.0191416 -0.41568 -1.79939e-16)
(-0.18098 -0.38646 2.62552e-17)
(-0.642309 0.0867648 0)
(-0.556849 0.160454 9.20482e-18)
(-0.428141 0.217568 -1.62613e-17)
(-0.263185 0.245522 -2.83305e-17)
(-0.0737847 0.232995 -2.5209e-17)
(0.119174 0.173977 -1.11457e-17)
(0.28817 0.0668675 3.61831e-20)
(0.394467 -0.0764709 -6.32072e-17)
(0.410317 -0.24289 -1.80657e-16)
(0.323666 -0.370993 1.28471e-16)
(0.129433 -0.422582 0)
(-0.0918738 -0.332757 -5.07786e-16)
(-0.556731 0.060225 0)
(-0.465574 0.113246 -2.03357e-17)
(-0.330432 0.14906 2.054e-17)
(-0.15884 0.156692 -5.8435e-18)
(0.0361304 0.124618 1.0029e-16)
(0.233922 0.0505444 4.8956e-17)
(0.407041 -0.0612867 4.82225e-17)
(0.516779 -0.197154 9.9732e-17)
(0.53824 -0.339197 1.14436e-16)
(0.450754 -0.422843 0)
(0.256149 -0.411311 0)
(0.0203465 -0.260713 3.01454e-16)
(-0.441594 0.040544 -1.4197e-17)
(-0.350305 0.0731338 1.25768e-16)
(-0.212218 0.0886408 5.64338e-17)
(-0.0377548 0.0791466 1.49654e-16)
(0.159268 0.0304386 -1.31284e-16)
(0.361713 -0.055656 -2.66559e-17)
(0.538263 -0.168094 2.38762e-17)
(0.666312 -0.288574 -2.22599e-17)
(0.672076 -0.407883 3.31052e-17)
(0.560145 -0.414052 0)
(0.383699 -0.363794 0)
(0.102312 -0.222213 6.39034e-16)
(-0.620071 -0.0796857 0)
(-0.609541 0.028474 -3.41612e-17)
(-0.656886 0.028116 5.11672e-18)
(-0.71981 0.0569897 0)
(-0.774803 0.128447 0)
(-0.813963 0.248465 4.09815e-18)
(-0.824741 0.407665 6.04254e-18)
(-0.79658 0.593095 -2.05501e-18)
(-0.723021 0.789772 8.26316e-18)
(-0.598202 0.980086 0)
(-0.428279 1.14981 4.31056e-18)
(-0.215462 1.2874 1.11977e-18)
(-0.330249 -0.0359926 0)
(-0.51276 -0.00474539 0)
(-0.601077 0.0110427 -2.10419e-17)
(-0.672945 0.0677912 0)
(-0.722925 0.15923 -4.349e-18)
(-0.751773 0.290423 8.44776e-18)
(-0.752497 0.452238 -2.09101e-17)
(-0.717632 0.63332 -2.08331e-18)
(-0.642115 0.82066 2.13896e-18)
(-0.521485 0.99986 8.70311e-18)
(-0.359197 1.15909 0)
(-0.156834 1.2884 -1.12797e-18)
(-0.219594 0.0137362 0)
(-0.42599 -0.00719686 -7.99064e-18)
(-0.546886 0.0161885 3.27296e-17)
(-0.623655 0.0864169 -4.81487e-18)
(-0.669233 0.189258 0)
(-0.689467 0.325458 -1.31455e-17)
(-0.682091 0.485357 3.01332e-17)
(-0.642204 0.65844 0)
(-0.565953 0.833356 0)
(-0.449805 0.998263 -7.71509e-18)
(-0.295621 1.14306 3.38955e-18)
(-0.104717 1.2586 1.15397e-18)
(-0.134922 0.057814 0)
(-0.354679 0.00409341 0)
(-0.493125 0.0292203 -2.28832e-17)
(-0.5722 0.105217 5.03016e-18)
(-0.613926 0.213855 -4.73919e-18)
(-0.627345 0.350916 4.09864e-17)
(-0.613978 0.505822 -4.44399e-18)
(-0.570964 0.668463 1.11578e-17)
(-0.495405 0.828885 -1.12305e-17)
(-0.384506 0.97719 9.06314e-18)
(-0.239408 1.10447 -4.55439e-18)
(-0.0614429 1.20218 -1.15394e-18)
(-0.0658245 0.0953865 0)
(-0.290965 0.0174282 3.48851e-17)
(-0.438558 0.0419411 2.43069e-17)
(-0.518457 0.119629 0)
(-0.557163 0.230696 -1.50544e-17)
(-0.565685 0.366028 -2.8808e-17)
(-0.548527 0.514087 -3.05185e-17)
(-0.504375 0.664947 7.00601e-18)
(-0.431095 0.809828 9.25104e-18)
(-0.326549 0.940309 -9.25637e-18)
(-0.191713 1.04839 0)
(-0.0282018 1.12604 0)
(-0.00782971 0.123357 0)
(-0.229992 0.0260348 -3.71916e-17)
(-0.381777 0.0495299 6.56866e-18)
(-0.461993 0.127009 -5.81388e-18)
(-0.498876 0.238759 2.15888e-17)
(-0.504553 0.370984 5.13095e-18)
(-0.485856 0.511383 1.49572e-17)
(-0.442632 0.650122 -4.17188e-17)
(-0.373309 0.779436 2.43629e-18)
(-0.27636 0.892074 -1.19991e-18)
(-0.152961 0.980669 1.20315e-18)
(-0.00508544 1.03786 0)
(0.0409427 0.138813 0)
(-0.169134 0.025404 -8.10659e-17)
(-0.321241 0.0488768 0)
(-0.402042 0.125778 -2.58028e-17)
(-0.43869 0.237684 1.7919e-17)
(-0.443726 0.366363 3.38722e-17)
(-0.425751 0.499128 -2.74424e-18)
(-0.385539 0.62628 1.84998e-17)
(-0.321861 0.740953 0)
(-0.233773 0.836826 -1.27021e-18)
(-0.122851 0.907007 1.26119e-18)
(0.00857674 0.94486 0)
(0.0811684 0.138664 0)
(-0.106868 0.0125615 -1.1408e-17)
(-0.255263 0.0377879 8.38435e-18)
(-0.337441 0.114918 -2.97452e-17)
(-0.375844 0.22738 -5.47171e-17)
(-0.382599 0.352765 -1.92621e-17)
(-0.36761 0.47853 -6.14473e-18)
(-0.332456 0.59532 -2.65972e-17)
(-0.276087 0.697073 2.87493e-18)
(-0.19809 0.778229 -1.25506e-17)
(-0.100562 0.832131 1.36537e-18)
(0.013996 0.852982 0)
(0.114221 0.120841 -4.96016e-16)
(-0.0423696 -0.0143826 1.09993e-16)
(-0.181955 0.0144307 -7.14724e-17)
(-0.266434 0.0935489 -9.10359e-18)
(-0.308984 0.207718 3.33845e-17)
(-0.320188 0.330445 7.74775e-18)
(-0.310418 0.450177 -7.36875e-18)
(-0.282333 0.558262 -1.83337e-20)
(-0.234846 0.649441 0)
(-0.16815 0.718654 1.29308e-17)
(-0.0847936 0.759286 0)
(0.0126296 0.766384 0)
(0.134711 0.077803 5.26926e-16)
(0.024783 -0.0547053 -1.62775e-16)
(-0.0998924 -0.0239589 1.25888e-16)
(-0.187297 0.0595028 1.01014e-16)
(-0.237014 0.177333 1.15051e-17)
(-0.255662 0.298358 4.25633e-17)
(-0.253129 0.413017 -4.49558e-17)
(-0.233822 0.514206 2.78692e-17)
(-0.196648 0.597572 4.35856e-18)
(-0.142309 0.658183 1.64013e-17)
(-0.0737534 0.689179 -7.81742e-18)
(0.0063884 0.686471 0)
(0.13965 0.00854852 0)
(0.0915974 -0.106717 2.35695e-16)
(-0.00716156 -0.0835526 -2.17124e-16)
(-0.0972238 0.0058312 4.43545e-17)
(-0.1598 0.129943 -4.22345e-17)
(-0.188824 0.251141 -7.54045e-17)
(-0.194821 0.36113 9.18314e-17)
(-0.185165 0.456029 -7.57929e-18)
(-0.159435 0.534014 0)
(-0.117949 0.589544 -2.58889e-17)
(-0.0639186 0.615572 3.67227e-17)
(-0.00146875 0.607864 0)
(0.143986 -0.0373322 -8.52343e-16)
(0.155265 -0.175606 6.30153e-16)
(0.0930104 -0.163005 4.66497e-16)
(-0.00273612 -0.0749087 0)
(-0.0721058 0.0445548 -5.75021e-16)
(-0.111395 0.16873 -3.62654e-16)
(-0.124095 0.269203 1.20048e-16)
(-0.123197 0.351311 -1.71762e-17)
(-0.109546 0.422792 1.5453e-17)
(-0.0834509 0.474317 0)
(-0.0504436 0.500945 2.30132e-20)
(-0.000625539 0.498036 1.40965e-17)
)
;

boundaryField
{
    rotor
    {
        type            noSlip;
    }
    stator
    {
        type            noSlip;
    }
    front
    {
        type            empty;
    }
    back
    {
        type            empty;
    }
}


// ************************************************************************* //
