/*--------------------------------*- C++ -*----------------------------------*\
| =========                 |                                                 |
| \\      /  F ield         | OpenFOAM: The Open Source CFD Toolbox           |
|  \\    /   O peration     | Version:  4.0                                   |
|   \\  /    A nd           | Web:      www.OpenFOAM.org                      |
|    \\/     M anipulation  |                                                 |
\*---------------------------------------------------------------------------*/
FoamFile
{
    version     2.0;
    format      ascii;
    class       surfaceScalarField;
    location    "450";
    object      phi;
}
// * * * * * * * * * * * * * * * * * * * * * * * * * * * * * * * * * * * * * //

dimensions      [0 3 -1 0 0 0 0];

internalField   nonuniform List<scalar> 
5952
(
5.13951e-06
-5.14623e-06
8.74873e-06
-3.60937e-06
1.14852e-05
-2.73606e-06
1.29911e-05
-1.50556e-06
1.31616e-05
-1.70084e-07
1.15637e-05
1.59909e-06
7.22473e-06
4.33899e-06
9.20002e-07
6.30581e-06
-1.19418e-05
1.28614e-05
-2.6416e-05
1.44742e-05
-3.72299e-05
1.08136e-05
8.43679e-06
-4.5667e-05
1.58562e-06
-6.73178e-06
3.93903e-06
-5.96304e-06
4.16455e-06
-2.96108e-06
2.46412e-06
1.95542e-07
-1.54145e-06
3.83634e-06
-9.22989e-06
9.28815e-06
-2.06752e-05
1.57845e-05
-3.26726e-05
1.83034e-05
-3.84817e-05
1.86704e-05
-4.07409e-05
1.67334e-05
-4.3157e-05
1.32296e-05
1.0445e-05
-4.51654e-05
1.27889e-06
-8.01075e-06
9.9216e-07
-5.67634e-06
-1.22718e-06
-7.41426e-07
-6.33166e-06
5.30049e-06
-1.49423e-05
1.24473e-05
-2.42976e-05
1.86438e-05
-2.99677e-05
2.14548e-05
-3.29922e-05
2.1328e-05
-3.41898e-05
1.98681e-05
-3.46398e-05
1.71834e-05
-3.54203e-05
1.401e-05
1.11066e-05
-3.6082e-05
-1.71945e-06
-6.29133e-06
-4.68903e-06
-2.70663e-06
-9.3994e-06
3.96922e-06
-1.5809e-05
1.17104e-05
-2.18236e-05
1.84622e-05
-2.54455e-05
2.22658e-05
-2.68956e-05
2.2905e-05
-2.7289e-05
2.17215e-05
-2.72236e-05
1.98026e-05
-2.71218e-05
1.70815e-05
-2.71967e-05
1.40848e-05
1.11695e-05
-2.72595e-05
-3.65364e-06
-2.63751e-06
-8.54322e-06
2.18315e-06
-1.35798e-05
9.00604e-06
-1.78946e-05
1.60256e-05
-2.04237e-05
2.09915e-05
-2.10158e-05
2.28582e-05
-2.06367e-05
2.2526e-05
-1.99503e-05
2.10351e-05
-1.90907e-05
1.8943e-05
-1.84104e-05
1.64011e-05
-1.79724e-05
1.36467e-05
1.08633e-05
-1.76663e-05
-4.85122e-06
2.2139e-06
-9.74219e-06
7.07447e-06
-1.35485e-05
1.28127e-05
-1.55822e-05
1.80597e-05
-1.57619e-05
2.11715e-05
-1.48e-05
2.18966e-05
-1.34236e-05
2.11497e-05
-1.20116e-05
1.96232e-05
-1.07219e-05
1.76534e-05
-9.68813e-06
1.53673e-05
-8.93133e-06
1.28899e-05
1.03197e-05
-8.38774e-06
-5.20372e-06
7.41821e-06
-9.31817e-06
1.11893e-05
-1.15686e-05
1.50635e-05
-1.17171e-05
1.82086e-05
-1.03244e-05
1.97791e-05
-8.29331e-06
1.98657e-05
-6.17299e-06
1.90295e-05
-4.21417e-06
1.76645e-05
-2.52506e-06
1.59643e-05
-1.16217e-06
1.40044e-05
-1.21595e-07
1.18493e-05
9.55275e-06
6.45299e-07
-5.18294e-06
1.26014e-05
-8.20887e-06
1.42154e-05
-8.8296e-06
1.56845e-05
-7.4041e-06
1.67833e-05
-4.83109e-06
1.72063e-05
-1.92298e-06
1.69577e-05
8.79464e-07
1.62272e-05
3.37743e-06
1.51666e-05
5.49456e-06
1.38472e-05
7.21063e-06
1.22884e-05
8.54893e-06
1.0511e-05
8.54374e-06
9.55793e-06
-4.59149e-06
1.71932e-05
-6.36877e-06
1.59928e-05
-5.26108e-06
1.45768e-05
-2.44086e-06
1.39631e-05
1.16914e-06
1.35963e-05
4.86829e-06
1.32586e-05
8.28851e-06
1.2807e-05
1.12753e-05
1.21798e-05
1.37822e-05
1.13403e-05
1.58156e-05
1.0255e-05
1.74184e-05
8.90824e-06
7.31553e-06
1.86466e-05
-4.04378e-06
2.12369e-05
-3.06871e-06
1.50177e-05
5.32898e-07
1.09752e-05
4.84227e-06
9.65368e-06
9.33458e-06
9.104e-06
1.35715e-05
9.02163e-06
1.73267e-05
9.05181e-06
2.05276e-05
8.97898e-06
2.31786e-05
8.68924e-06
2.53188e-05
8.11487e-06
2.70131e-05
7.2139e-06
6.00281e-06
2.83258e-05
5.68851e-07
2.06681e-05
6.08749e-06
9.49908e-06
1.19595e-05
5.10322e-06
1.7298e-05
4.31511e-06
2.19856e-05
4.41635e-06
2.60082e-05
4.99907e-06
2.94047e-05
5.65533e-06
3.22239e-05
6.15976e-06
3.45244e-05
6.3888e-06
3.63672e-05
6.27205e-06
3.78301e-05
5.75103e-06
4.85809e-06
3.89748e-05
2.04075e-05
2.60507e-07
2.86898e-05
1.21679e-06
3.37481e-05
4.48396e-08
3.76068e-05
4.56386e-07
4.05791e-05
1.44401e-06
4.30132e-05
2.56506e-06
4.50502e-05
3.6183e-06
4.67345e-05
4.47545e-06
4.80994e-05
5.024e-06
4.91789e-05
5.1925e-06
5.00389e-05
4.89109e-06
5.07237e-05
4.1733e-06
-5.15712e-05
5.90404e-06
-5.55294e-05
3.95804e-06
-5.73531e-05
1.82358e-06
-5.7401e-05
4.78657e-08
-5.56403e-05
-1.76072e-06
-5.21687e-05
-3.47161e-06
-4.67203e-05
-5.44839e-06
-3.93311e-05
-7.38924e-06
-2.9802e-05
-9.52905e-06
-1.83762e-05
-1.14257e-05
-6.99418e-06
-1.1382e-05
-6.99416e-06
-4.68144e-05
7.55296e-06
-4.76426e-05
4.78613e-06
-4.79533e-05
2.13422e-06
-4.75496e-05
-3.55883e-07
-4.6467e-05
-2.84332e-06
-4.44273e-05
-5.5113e-06
-4.14229e-05
-8.45276e-06
-3.7075e-05
-1.17371e-05
-3.12218e-05
-1.53822e-05
-2.35522e-05
-1.90954e-05
-1.31254e-05
-2.18088e-05
-2.01195e-05
-3.6687e-05
8.15791e-06
-3.71607e-05
5.2597e-06
-3.74091e-05
2.38264e-06
-3.72413e-05
-5.23781e-07
-3.65018e-05
-3.58277e-06
-3.5124e-05
-6.88907e-06
-3.30029e-05
-1.05739e-05
-3.00073e-05
-1.47327e-05
-2.60509e-05
-1.93386e-05
-2.0654e-05
-2.44922e-05
-1.28005e-05
-2.96624e-05
-3.292e-05
-2.73179e-05
8.21624e-06
-2.73137e-05
5.25541e-06
-2.71845e-05
2.25342e-06
-2.68539e-05
-8.54394e-07
-2.62588e-05
-4.17791e-06
-2.53266e-05
-7.8212e-06
-2.39643e-05
-1.19362e-05
-2.20437e-05
-1.66532e-05
-1.93507e-05
-2.20316e-05
-1.53948e-05
-2.84481e-05
-9.41186e-06
-3.56452e-05
-4.23318e-05
-1.74685e-05
8.01845e-06
-1.73273e-05
5.11419e-06
-1.71874e-05
2.11346e-06
-1.6992e-05
-1.04986e-06
-1.66965e-05
-4.47334e-06
-1.625e-05
-8.26771e-06
-1.55933e-05
-1.2593e-05
-1.46614e-05
-1.7585e-05
-1.32512e-05
-2.34418e-05
-1.11422e-05
-3.05571e-05
-7.44619e-06
-3.93412e-05
-4.9778e-05
-8.02164e-06
7.65233e-06
-7.78937e-06
4.88188e-06
-7.64966e-06
1.97373e-06
-7.56755e-06
-1.13199e-06
-7.51868e-06
-4.52221e-06
-7.48027e-06
-8.30611e-06
-7.44664e-06
-1.26266e-05
-7.37738e-06
-1.76543e-05
-7.15754e-06
-2.36616e-05
-6.60333e-06
-3.11113e-05
-4.88172e-06
-4.10628e-05
-5.46598e-05
1.17858e-06
7.11903e-06
1.51496e-06
4.54549e-06
1.68276e-06
1.80592e-06
1.69806e-06
-1.14729e-06
1.56217e-06
-4.38632e-06
1.2633e-06
-8.00724e-06
7.74829e-07
-1.21381e-05
8.09665e-08
-1.69604e-05
-7.92939e-07
-2.27877e-05
-1.7257e-06
-3.01786e-05
-2.25257e-06
-4.0536e-05
-5.69123e-05
1.02836e-05
6.39331e-06
1.07598e-05
4.06937e-06
1.10065e-05
1.55919e-06
1.10261e-05
-1.16694e-06
1.08011e-05
-4.16128e-06
1.02902e-05
-7.49633e-06
9.42078e-06
-1.12687e-05
8.10121e-06
-1.56408e-05
6.23855e-06
-2.09251e-05
3.81582e-06
-2.77558e-05
1.21687e-06
-3.7937e-05
-5.56955e-05
1.95567e-05
5.48319e-06
2.01836e-05
3.44247e-06
2.05454e-05
1.19742e-06
2.06356e-05
-1.25716e-06
2.04226e-05
-3.94834e-06
1.98412e-05
-6.91488e-06
1.87692e-05
-1.01967e-05
1.70295e-05
-1.3901e-05
1.43767e-05
-1.82722e-05
1.05554e-05
-2.39346e-05
5.66299e-06
-3.30447e-05
-5.00325e-05
2.93269e-05
4.48212e-06
3.00511e-05
2.71831e-06
3.05186e-05
7.2984e-07
3.07187e-05
-1.45726e-06
3.06087e-05
-3.83826e-06
3.01042e-05
-6.41039e-06
2.90406e-05
-9.13299e-06
2.71627e-05
-1.20231e-05
2.40595e-05
-1.5169e-05
1.9225e-05
-1.91e-05
1.18454e-05
-2.56651e-05
-3.8187e-05
3.98858e-05
3.57118e-06
4.05873e-05
2.01679e-06
4.11029e-05
2.14202e-07
4.14192e-05
-1.77352e-06
4.14838e-05
-3.90282e-06
4.11988e-05
-6.12538e-06
4.03721e-05
-8.30617e-06
3.87048e-05
-1.03557e-05
3.56482e-05
-1.21125e-05
3.04627e-05
-1.39144e-05
2.06269e-05
-1.58293e-05
-1.75601e-05
5.13399e-05
2.95503e-06
5.18858e-05
1.47092e-06
5.23863e-05
-2.86369e-07
5.28193e-05
-2.20646e-06
5.31175e-05
-4.20097e-06
5.31716e-05
-6.17947e-06
5.27867e-05
-7.9213e-06
5.16921e-05
-9.26105e-06
4.93626e-05
-9.78297e-06
4.48613e-05
-9.41305e-06
3.45445e-05
-5.51247e-06
1.69845e-05
5.14294e-06
-5.14307e-06
8.75164e-06
-3.60873e-06
1.14873e-05
-2.73568e-06
1.29932e-05
-1.50554e-06
1.31637e-05
-1.7048e-07
1.15674e-05
1.5974e-06
7.22965e-06
4.33735e-06
9.2662e-07
6.30404e-06
-1.1933e-05
1.2859e-05
-2.64093e-05
1.44764e-05
-3.72261e-05
1.08164e-05
8.43871e-06
-4.5665e-05
1.58726e-06
-6.73046e-06
3.94163e-06
-5.96327e-06
4.16811e-06
-2.96198e-06
2.46884e-06
1.94191e-07
-1.53529e-06
3.83403e-06
-9.22154e-06
9.2841e-06
-2.06666e-05
1.57825e-05
-3.26674e-05
1.8305e-05
-3.84808e-05
1.86724e-05
-4.07412e-05
1.67367e-05
-4.31572e-05
1.32323e-05
1.0447e-05
-4.51657e-05
1.28091e-06
-8.01142e-06
9.95713e-07
-5.67813e-06
-1.22201e-06
-7.441e-07
-6.32397e-06
5.29647e-06
-1.49332e-05
1.24434e-05
-2.42917e-05
1.86428e-05
-2.99658e-05
2.14566e-05
-3.29919e-05
2.13311e-05
-3.41905e-05
1.98711e-05
-3.46407e-05
1.71867e-05
-3.54212e-05
1.40127e-05
1.11088e-05
-3.60831e-05
-1.71771e-06
-6.29364e-06
-4.68528e-06
-2.71047e-06
-9.39378e-06
3.96466e-06
-1.58034e-05
1.17064e-05
-2.18204e-05
1.84606e-05
-2.54449e-05
2.22675e-05
-2.68963e-05
2.29081e-05
-2.72901e-05
2.17249e-05
-2.72249e-05
1.98057e-05
-2.71229e-05
1.70847e-05
-2.71978e-05
1.40874e-05
1.11717e-05
-2.72607e-05
-3.65239e-06
-2.64109e-06
-8.54087e-06
2.17844e-06
-1.35775e-05
9.00153e-06
-1.78939e-05
1.6023e-05
-2.04246e-05
2.09916e-05
-2.10175e-05
2.28605e-05
-2.06383e-05
2.25291e-05
-1.99518e-05
2.10383e-05
-1.9092e-05
1.8946e-05
-1.84114e-05
1.6404e-05
-1.79733e-05
1.36492e-05
1.08654e-05
-1.76671e-05
-4.8503e-06
2.21034e-06
-9.74208e-06
7.07046e-06
-1.35494e-05
1.28094e-05
-1.55841e-05
1.80581e-05
-1.57644e-05
2.11721e-05
-1.48021e-05
2.18987e-05
-1.34253e-05
2.11523e-05
-1.20128e-05
1.9626e-05
-1.07229e-05
1.7656e-05
-9.68878e-06
1.53699e-05
-8.93186e-06
1.28922e-05
1.03216e-05
-8.38814e-06
-5.2044e-06
7.41511e-06
-9.3196e-06
1.11862e-05
-1.1571e-05
1.5061e-05
-1.172e-05
1.82074e-05
-1.0327e-05
1.97795e-05
-8.2953e-06
1.98672e-05
-6.17433e-06
1.90316e-05
-4.21504e-06
1.76668e-05
-2.52552e-06
1.59666e-05
-1.16239e-06
1.40067e-05
-1.21637e-07
1.18514e-05
9.55463e-06
6.45323e-07
-5.18404e-06
1.25996e-05
-8.21103e-06
1.42132e-05
-8.83234e-06
1.56826e-05
-7.4069e-06
1.67822e-05
-4.83343e-06
1.72063e-05
-1.92464e-06
1.69586e-05
8.78453e-07
1.62286e-05
3.37697e-06
1.51683e-05
5.49449e-06
1.38491e-05
7.21082e-06
1.22904e-05
8.54928e-06
1.0513e-05
8.54554e-06
9.55835e-06
-4.59291e-06
1.71926e-05
-6.37084e-06
1.59913e-05
-5.26352e-06
1.45752e-05
-2.44323e-06
1.3962e-05
1.1672e-06
1.35959e-05
4.86696e-06
1.32589e-05
8.2878e-06
1.28078e-05
1.12751e-05
1.2181e-05
1.37824e-05
1.13418e-05
1.58161e-05
1.02567e-05
1.7419e-05
8.91002e-06
7.31724e-06
1.86473e-05
-4.04455e-06
2.12373e-05
-3.06988e-06
1.50167e-05
5.31385e-07
1.0974e-05
4.84071e-06
9.65263e-06
9.33329e-06
9.10332e-06
1.35707e-05
9.02146e-06
1.73263e-05
9.05215e-06
2.05276e-05
8.97979e-06
2.3179e-05
8.69043e-06
2.53193e-05
8.11634e-06
2.70138e-05
7.21552e-06
6.00444e-06
2.83266e-05
5.68999e-07
2.06684e-05
6.08728e-06
9.49848e-06
1.19589e-05
5.10236e-06
1.72974e-05
4.31419e-06
2.19851e-05
4.41564e-06
2.60078e-05
4.99873e-06
2.94046e-05
5.65545e-06
3.2224e-05
6.16032e-06
3.45247e-05
6.38977e-06
3.63677e-05
6.27335e-06
3.78307e-05
5.75253e-06
4.85965e-06
3.89755e-05
2.04079e-05
2.60652e-07
2.869e-05
1.21631e-06
3.37482e-05
4.43052e-08
3.76066e-05
4.55729e-07
4.05789e-05
1.44342e-06
4.30129e-05
2.56471e-06
4.505e-05
3.61833e-06
4.67345e-05
4.4759e-06
4.80994e-05
5.02485e-06
4.91791e-05
5.19369e-06
5.00392e-05
4.8925e-06
5.0724e-05
4.17478e-06
-5.15706e-05
5.90545e-06
-5.55299e-05
3.95914e-06
-5.73543e-05
1.82428e-06
-5.74027e-05
4.83747e-08
-5.56423e-05
-1.76046e-06
-5.21709e-05
-3.4715e-06
-4.67225e-05
-5.4484e-06
-3.93331e-05
-7.38937e-06
-2.98039e-05
-9.52929e-06
-1.83778e-05
-1.14261e-05
-6.99525e-06
-1.13826e-05
-6.99527e-06
-4.68152e-05
7.55489e-06
-4.76437e-05
4.7875e-06
-4.79547e-05
2.1352e-06
-4.75512e-05
-3.55236e-07
-4.64687e-05
-2.84299e-06
-4.4429e-05
-5.5112e-06
-4.14246e-05
-8.45288e-06
-3.70765e-05
-1.17374e-05
-3.12231e-05
-1.53827e-05
-2.35532e-05
-1.90961e-05
-1.3126e-05
-2.18098e-05
-2.01213e-05
-3.66881e-05
8.1598e-06
-3.71618e-05
5.26114e-06
-3.74104e-05
2.38368e-06
-3.72426e-05
-5.23105e-07
-3.65031e-05
-3.58243e-06
-3.51254e-05
-6.88904e-06
-3.30041e-05
-1.05741e-05
-3.00084e-05
-1.47332e-05
-2.60518e-05
-1.93394e-05
-2.06545e-05
-2.44933e-05
-1.28006e-05
-2.96637e-05
-3.29219e-05
-2.7319e-05
8.21806e-06
-2.73148e-05
5.25682e-06
-2.71856e-05
2.25442e-06
-2.6855e-05
-8.53757e-07
-2.62598e-05
-4.17762e-06
-2.53276e-05
-7.82123e-06
-2.39652e-05
-1.19366e-05
-2.20446e-05
-1.66538e-05
-1.93515e-05
-2.20326e-05
-1.53954e-05
-2.84494e-05
-9.41225e-06
-3.56469e-05
-4.23342e-05
-1.74693e-05
8.02019e-06
-1.73281e-05
5.11552e-06
-1.71881e-05
2.11443e-06
-1.69927e-05
-1.04926e-06
-1.66973e-05
-4.47309e-06
-1.62507e-05
-8.26779e-06
-1.55939e-05
-1.25934e-05
-1.4662e-05
-1.75857e-05
-1.32517e-05
-2.34429e-05
-1.11425e-05
-3.05586e-05
-7.44639e-06
-3.93431e-05
-4.97806e-05
-8.02203e-06
7.65398e-06
-7.78971e-06
4.88319e-06
-7.65003e-06
1.97468e-06
-7.56792e-06
-1.13139e-06
-7.51908e-06
-4.52198e-06
-7.48066e-06
-8.30622e-06
-7.44703e-06
-1.26271e-05
-7.37774e-06
-1.76551e-05
-7.15786e-06
-2.36628e-05
-6.60363e-06
-3.11129e-05
-4.88193e-06
-4.10649e-05
-5.46626e-05
1.17864e-06
7.12063e-06
1.515e-06
4.54678e-06
1.68278e-06
1.80686e-06
1.69804e-06
-1.1467e-06
1.56212e-06
-4.38609e-06
1.26323e-06
-8.00736e-06
7.74745e-07
-1.21386e-05
8.08848e-08
-1.69612e-05
-7.93036e-07
-2.27889e-05
-1.72578e-06
-3.01802e-05
-2.25266e-06
-4.05381e-05
-5.69153e-05
1.02841e-05
6.39488e-06
1.07602e-05
4.07067e-06
1.10068e-05
1.56016e-06
1.10264e-05
-1.16632e-06
1.08014e-05
-4.16104e-06
1.02904e-05
-7.49646e-06
9.42099e-06
-1.12691e-05
8.1014e-06
-1.56416e-05
6.23872e-06
-2.09263e-05
3.81592e-06
-2.77575e-05
1.21692e-06
-3.79391e-05
-5.56984e-05
1.95574e-05
5.48474e-06
2.01842e-05
3.44378e-06
2.0546e-05
1.19842e-06
2.06362e-05
-1.25651e-06
2.04232e-05
-3.94807e-06
1.98417e-05
-6.91499e-06
1.87697e-05
-1.01971e-05
1.703e-05
-1.39019e-05
1.43771e-05
-1.82734e-05
1.05558e-05
-2.39361e-05
5.6632e-06
-3.30466e-05
-5.00351e-05
2.93277e-05
4.48364e-06
3.00518e-05
2.71962e-06
3.05194e-05
7.30856e-07
3.07195e-05
-1.4566e-06
3.06094e-05
-3.83799e-06
3.0105e-05
-6.41052e-06
2.90413e-05
-9.1335e-06
2.71634e-05
-1.20239e-05
2.40602e-05
-1.51702e-05
1.92256e-05
-1.91014e-05
1.18458e-05
-2.56668e-05
-3.81892e-05
3.98865e-05
3.57266e-06
4.0588e-05
2.01808e-06
4.11037e-05
2.15192e-07
4.142e-05
-1.77289e-06
4.14846e-05
-3.90261e-06
4.11997e-05
-6.12557e-06
4.0373e-05
-8.30675e-06
3.87058e-05
-1.03566e-05
3.56493e-05
-1.21136e-05
3.04636e-05
-1.39157e-05
2.06276e-05
-1.58307e-05
-1.75616e-05
5.13403e-05
2.95645e-06
5.18863e-05
1.47212e-06
5.2387e-05
-2.85467e-07
5.282e-05
-2.20594e-06
5.31183e-05
-4.20089e-06
5.31726e-05
-6.17981e-06
5.27879e-05
-7.92202e-06
5.16934e-05
-9.26206e-06
4.9364e-05
-9.78419e-06
4.48626e-05
-9.41434e-06
3.45455e-05
-5.51363e-06
1.69841e-05
5.14193e-06
-5.14173e-06
8.7496e-06
-3.60742e-06
1.14845e-05
-2.73452e-06
1.29899e-05
-1.50472e-06
1.31599e-05
-1.69475e-07
1.15603e-05
1.60135e-06
7.21857e-06
4.34191e-06
9.11342e-07
6.30883e-06
-1.19544e-05
1.28653e-05
-2.64259e-05
1.44716e-05
-3.72361e-05
1.08097e-05
8.43444e-06
-4.56708e-05
1.58547e-06
-6.7271e-06
3.93746e-06
-5.95948e-06
4.16169e-06
-2.95829e-06
2.46004e-06
1.97805e-07
-1.54793e-06
3.83935e-06
-9.23946e-06
9.29362e-06
-2.06852e-05
1.57879e-05
-3.26779e-05
1.83018e-05
-3.84812e-05
1.86685e-05
-4.07392e-05
1.67295e-05
-4.31561e-05
1.32264e-05
1.04428e-05
-4.51647e-05
1.27914e-06
-8.00637e-06
9.91304e-07
-5.67167e-06
-1.22976e-06
-7.36984e-07
-6.3373e-06
5.30582e-06
-1.49502e-05
1.24526e-05
-2.43023e-05
1.8646e-05
-2.99677e-05
2.14534e-05
-3.29906e-05
2.13248e-05
-3.41872e-05
1.9865e-05
-3.46374e-05
1.71796e-05
-3.54182e-05
1.40071e-05
1.11044e-05
-3.608e-05
-1.7195e-06
-6.28694e-06
-4.69036e-06
-2.70073e-06
-9.40264e-06
3.97554e-06
-1.58126e-05
1.17161e-05
-2.18249e-05
1.84652e-05
-2.54436e-05
2.2265e-05
-2.68924e-05
2.29022e-05
-2.72857e-05
2.17182e-05
-2.72202e-05
1.97995e-05
-2.71189e-05
1.70783e-05
-2.71941e-05
1.40822e-05
1.11674e-05
-2.72573e-05
-3.65384e-06
-2.63298e-06
-8.54403e-06
2.18968e-06
-1.35803e-05
9.01217e-06
-1.78936e-05
1.60297e-05
-2.04205e-05
2.09924e-05
-2.10118e-05
2.28566e-05
-2.06327e-05
2.25233e-05
-1.99465e-05
2.10321e-05
-1.90873e-05
1.89402e-05
-1.84076e-05
1.63985e-05
-1.797e-05
1.36446e-05
1.08616e-05
-1.76642e-05
-4.85158e-06
2.21895e-06
-9.74149e-06
7.07999e-06
-1.35464e-05
1.28175e-05
-1.55787e-05
1.80624e-05
-1.57576e-05
2.11718e-05
-1.47958e-05
2.1895e-05
-1.34197e-05
2.11475e-05
-1.20083e-05
1.96208e-05
-1.07191e-05
1.76511e-05
-9.68576e-06
1.53652e-05
-8.92935e-06
1.28882e-05
1.03183e-05
-8.38608e-06
-5.20286e-06
7.42249e-06
-9.31615e-06
1.11937e-05
-1.15653e-05
1.50671e-05
-1.1713e-05
1.82105e-05
-1.03202e-05
1.97792e-05
-8.28947e-06
1.98646e-05
-6.16968e-06
1.90278e-05
-4.21136e-06
1.76626e-05
-2.52268e-06
1.59624e-05
-1.1602e-06
1.40028e-05
-1.19967e-07
1.18479e-05
9.55162e-06
6.4667e-07
-5.18172e-06
1.26045e-05
-8.20637e-06
1.42186e-05
-8.82613e-06
1.56871e-05
-7.40021e-06
1.67848e-05
-4.82732e-06
1.72065e-05
-1.9196e-06
1.6957e-05
8.82373e-07
1.62259e-05
3.37989e-06
1.51651e-05
5.49664e-06
1.38457e-05
7.21235e-06
1.22871e-05
8.55038e-06
1.05099e-05
8.54284e-06
9.55916e-06
-4.59008e-06
1.71949e-05
-6.36626e-06
1.5995e-05
-5.25784e-06
1.45787e-05
-2.43728e-06
1.39643e-05
1.17264e-06
1.35966e-05
4.87147e-06
1.32581e-05
8.2913e-06
1.28061e-05
1.12777e-05
1.21788e-05
1.37843e-05
1.13392e-05
1.58173e-05
1.0254e-05
1.74199e-05
8.90738e-06
7.31485e-06
1.86479e-05
-4.04265e-06
2.12376e-05
-3.06673e-06
1.5019e-05
5.35696e-07
1.09763e-05
4.84552e-06
9.6544e-06
9.33789e-06
9.10417e-06
1.35747e-05
9.02131e-06
1.73296e-05
9.05116e-06
2.05301e-05
8.97818e-06
2.31808e-05
8.68843e-06
2.53207e-05
8.11415e-06
2.70148e-05
7.21332e-06
6.00237e-06
2.83273e-05
5.6944e-07
2.06682e-05
6.08922e-06
9.49925e-06
1.1962e-05
5.10348e-06
1.7301e-05
4.31532e-06
2.19888e-05
4.41632e-06
2.60113e-05
4.99876e-06
2.94076e-05
5.65483e-06
3.22266e-05
6.15919e-06
3.45268e-05
6.38827e-06
3.63693e-05
6.27163e-06
3.78319e-05
5.75074e-06
4.85793e-06
3.89764e-05
2.04087e-05
2.59427e-07
2.86918e-05
1.21616e-06
3.37506e-05
4.46128e-08
3.76096e-05
4.56221e-07
4.05821e-05
1.44376e-06
4.30162e-05
2.5647e-06
4.50531e-05
3.61788e-06
4.67372e-05
4.47508e-06
4.81018e-05
5.02373e-06
4.9181e-05
5.19239e-06
5.00407e-05
4.8911e-06
5.07253e-05
4.17342e-06
-5.15734e-05
5.90229e-06
-5.55304e-05
3.95673e-06
-5.73535e-05
1.82283e-06
-5.74009e-05
4.72524e-08
-5.564e-05
-1.76101e-06
-5.21683e-05
-3.47179e-06
-4.672e-05
-5.44841e-06
-3.93308e-05
-7.38916e-06
-2.9802e-05
-9.5289e-06
-1.83765e-05
-1.14255e-05
-6.99469e-06
-1.1382e-05
-6.99474e-06
-4.68134e-05
7.55077e-06
-4.76415e-05
4.7847e-06
-4.79521e-05
2.13324e-06
-4.75485e-05
-3.5652e-07
-4.64659e-05
-2.84365e-06
-4.44264e-05
-5.51142e-06
-4.14221e-05
-8.45273e-06
-3.70744e-05
-1.17369e-05
-3.12214e-05
-1.53819e-05
-2.3552e-05
-1.9095e-05
-1.31254e-05
-2.18086e-05
-2.01202e-05
-3.66854e-05
8.15604e-06
-3.71592e-05
5.25833e-06
-3.74077e-05
2.38168e-06
-3.724e-05
-5.2437e-07
-3.65007e-05
-3.58302e-06
-3.51231e-05
-6.88909e-06
-3.30021e-05
-1.05737e-05
-3.00067e-05
-1.47324e-05
-2.60504e-05
-1.93383e-05
-2.06535e-05
-2.44919e-05
-1.28e-05
-2.96622e-05
-3.29202e-05
-2.73159e-05
8.21462e-06
-2.73119e-05
5.25425e-06
-2.7183e-05
2.25268e-06
-2.68527e-05
-8.54793e-07
-2.62577e-05
-4.17802e-06
-2.53257e-05
-7.8211e-06
-2.39636e-05
-1.19359e-05
-2.20432e-05
-1.66528e-05
-1.93503e-05
-2.20312e-05
-1.53946e-05
-2.84477e-05
-9.41179e-06
-3.56449e-05
-4.2332e-05
-1.74668e-05
8.01713e-06
-1.73259e-05
5.11326e-06
-1.71862e-05
2.11289e-06
-1.69909e-05
-1.05012e-06
-1.66956e-05
-4.47336e-06
-1.62492e-05
-8.26751e-06
-1.55926e-05
-1.25926e-05
-1.46609e-05
-1.75845e-05
-1.32508e-05
-2.34413e-05
-1.11419e-05
-3.05566e-05
-7.44603e-06
-3.93409e-05
-4.9778e-05
-8.02025e-06
7.65127e-06
-7.78819e-06
4.88115e-06
-7.64863e-06
1.9733e-06
-7.56663e-06
-1.13217e-06
-7.51786e-06
-4.52217e-06
-7.47952e-06
-8.30588e-06
-7.44596e-06
-1.26262e-05
-7.37681e-06
-1.76537e-05
-7.15712e-06
-2.3661e-05
-6.60306e-06
-3.11107e-05
-4.88161e-06
-4.10624e-05
-5.46597e-05
1.17974e-06
7.11818e-06
1.51595e-06
4.54491e-06
1.68364e-06
1.80557e-06
1.69888e-06
-1.14743e-06
1.56294e-06
-4.38627e-06
1.26404e-06
-8.00701e-06
7.75532e-07
-1.21377e-05
8.15923e-08
-1.69598e-05
-7.92426e-07
-2.2787e-05
-1.72536e-06
-3.01779e-05
-2.25237e-06
-4.05355e-05
-5.69121e-05
1.02847e-05
6.39263e-06
1.07607e-05
4.06891e-06
1.10073e-05
1.55892e-06
1.10269e-05
-1.16705e-06
1.08019e-05
-4.16125e-06
1.0291e-05
-7.49614e-06
9.42155e-06
-1.12683e-05
8.10194e-06
-1.56402e-05
6.23917e-06
-2.09243e-05
3.81626e-06
-2.7755e-05
1.21712e-06
-3.79363e-05
-5.5695e-05
1.95578e-05
5.48269e-06
2.01845e-05
3.44214e-06
2.05462e-05
1.19723e-06
2.06364e-05
-1.25723e-06
2.04235e-05
-3.94832e-06
1.9842e-05
-6.91473e-06
1.87701e-05
-1.01963e-05
1.70303e-05
-1.39004e-05
1.43775e-05
-1.82714e-05
1.0556e-05
-2.39335e-05
5.66334e-06
-3.30437e-05
-5.00317e-05
2.93281e-05
4.48182e-06
3.00521e-05
2.71813e-06
3.05196e-05
7.29758e-07
3.07196e-05
-1.45728e-06
3.06096e-05
-3.83824e-06
3.01051e-05
-6.41028e-06
2.90415e-05
-9.1327e-06
2.71636e-05
-1.20225e-05
2.40604e-05
-1.51682e-05
1.92257e-05
-1.90989e-05
1.18459e-05
-2.56638e-05
-3.81858e-05
3.98871e-05
3.57111e-06
4.05885e-05
2.01677e-06
4.1104e-05
2.14228e-07
4.14202e-05
-1.77349e-06
4.14848e-05
-3.90279e-06
4.11998e-05
-6.12529e-06
4.03731e-05
-8.30592e-06
3.87058e-05
-1.03552e-05
3.56493e-05
-1.21116e-05
3.04636e-05
-1.39132e-05
2.06276e-05
-1.58278e-05
-1.75582e-05
5.13412e-05
2.95518e-06
5.18869e-05
1.47105e-06
5.23874e-05
-2.86258e-07
5.28204e-05
-2.20639e-06
5.31185e-05
-4.20094e-06
5.31726e-05
-6.17939e-06
5.27878e-05
-7.92105e-06
5.16931e-05
-9.26047e-06
4.93636e-05
-9.78203e-06
4.48622e-05
-9.4118e-06
3.45452e-05
-5.51073e-06
1.6987e-05
5.14289e-06
-5.143e-06
8.75146e-06
-3.60859e-06
1.14871e-05
-2.73556e-06
1.29928e-05
-1.5054e-06
1.3163e-05
-1.70238e-07
1.15656e-05
1.59857e-06
7.22638e-06
4.33884e-06
9.21408e-07
6.30601e-06
-1.1941e-05
1.28619e-05
-2.64165e-05
1.44755e-05
-3.72313e-05
1.08145e-05
8.43752e-06
-4.5669e-05
1.58707e-06
-6.73018e-06
3.941e-06
-5.96268e-06
4.16686e-06
-2.96123e-06
2.46674e-06
1.95204e-07
-1.53897e-06
3.83587e-06
-9.22746e-06
9.28752e-06
-2.06734e-05
1.57849e-05
-3.26722e-05
1.83049e-05
-3.84824e-05
1.86721e-05
-4.0742e-05
1.6735e-05
-4.31585e-05
1.32308e-05
1.04459e-05
-4.5167e-05
1.28048e-06
-8.01071e-06
9.94621e-07
-5.67687e-06
-1.22411e-06
-7.42331e-07
-6.32784e-06
5.29926e-06
-1.49384e-05
1.24466e-05
-2.42954e-05
1.86448e-05
-2.99674e-05
2.1457e-05
-3.29927e-05
2.13303e-05
-3.41908e-05
1.98701e-05
-3.4641e-05
1.71851e-05
-3.54217e-05
1.40113e-05
1.11077e-05
-3.60835e-05
-1.71817e-06
-6.29245e-06
-4.68653e-06
-2.7084e-06
-9.39602e-06
3.96742e-06
-1.58059e-05
1.17094e-05
-2.18221e-05
1.84629e-05
-2.54454e-05
2.22683e-05
-2.68962e-05
2.29078e-05
-2.72899e-05
2.1724e-05
-2.72246e-05
1.98047e-05
-2.71229e-05
1.70833e-05
-2.71979e-05
1.40862e-05
1.11705e-05
-2.72608e-05
-3.65267e-06
-2.63962e-06
-8.54149e-06
2.18086e-06
-1.35782e-05
9.00436e-06
-1.78941e-05
1.60256e-05
-2.04242e-05
2.09933e-05
-2.10168e-05
2.2861e-05
-2.06376e-05
2.25289e-05
-1.99512e-05
2.10375e-05
-1.90916e-05
1.89451e-05
-1.84113e-05
1.64029e-05
-1.79733e-05
1.36481e-05
1.08643e-05
-1.76672e-05
-4.85044e-06
2.21201e-06
-9.74193e-06
7.07259e-06
-1.35489e-05
1.28119e-05
-1.55832e-05
1.80604e-05
-1.57632e-05
2.11736e-05
-1.4801e-05
2.18992e-05
-1.34244e-05
2.11523e-05
-1.20122e-05
1.96255e-05
-1.07225e-05
1.76553e-05
-9.68855e-06
1.5369e-05
-8.93177e-06
1.28912e-05
1.03207e-05
-8.38813e-06
-5.20408e-06
7.41648e-06
-9.31896e-06
1.1188e-05
-1.157e-05
1.50631e-05
-1.17187e-05
1.82094e-05
-1.03256e-05
1.9781e-05
-8.29411e-06
1.98679e-05
-6.17338e-06
1.90318e-05
-4.21435e-06
1.76665e-05
-2.52504e-06
1.59661e-05
-1.16209e-06
1.4006e-05
-1.21454e-07
1.18506e-05
9.55374e-06
6.45441e-07
-5.18359e-06
1.26005e-05
-8.21023e-06
1.42148e-05
-8.83122e-06
1.56844e-05
-7.40553e-06
1.67839e-05
-4.83202e-06
1.72076e-05
-1.92339e-06
1.69594e-05
8.79475e-07
1.6229e-05
3.37774e-06
1.51684e-05
5.49507e-06
1.38488e-05
7.21123e-06
1.22898e-05
8.54959e-06
1.05122e-05
8.5447e-06
9.55861e-06
-4.59253e-06
1.71931e-05
-6.37015e-06
1.59925e-05
-5.26249e-06
1.45767e-05
-2.44196e-06
1.39635e-05
1.16853e-06
1.35972e-05
4.86818e-06
1.32598e-05
8.28883e-06
1.28084e-05
1.12759e-05
1.21813e-05
1.3783e-05
1.13417e-05
1.58166e-05
1.02563e-05
1.74194e-05
8.90938e-06
7.31644e-06
1.86477e-05
-4.04442e-06
2.12378e-05
-3.06953e-06
1.50177e-05
5.32057e-07
1.09752e-05
4.84162e-06
9.65389e-06
9.33429e-06
9.10455e-06
1.35717e-05
9.0225e-06
1.73272e-05
9.05289e-06
2.05283e-05
8.98017e-06
2.31796e-05
8.69044e-06
2.53199e-05
8.11602e-06
2.70143e-05
7.21493e-06
6.00365e-06
2.83271e-05
5.68882e-07
2.0669e-05
6.08732e-06
9.49931e-06
1.19592e-05
5.10334e-06
1.72977e-05
4.31532e-06
2.19855e-05
4.41681e-06
2.60083e-05
4.99978e-06
2.94049e-05
5.65622e-06
3.22244e-05
6.16074e-06
3.4525e-05
6.38981e-06
3.6368e-05
6.27302e-06
3.78311e-05
5.7519e-06
4.85881e-06
3.89759e-05
2.04076e-05
2.61489e-07
2.86896e-05
1.21729e-06
3.37477e-05
4.53289e-08
3.76062e-05
4.56865e-07
4.05784e-05
1.44456e-06
4.30125e-05
2.56572e-06
4.50497e-05
3.61905e-06
4.67342e-05
4.47625e-06
4.80993e-05
5.0248e-06
4.91791e-05
5.19324e-06
5.00393e-05
4.89173e-06
5.07243e-05
4.17379e-06
-5.15736e-05
5.90448e-06
-5.55321e-05
3.95836e-06
-5.7356e-05
1.82373e-06
-5.74039e-05
4.78985e-08
-5.56432e-05
-1.76079e-06
-5.21715e-05
-3.47175e-06
-4.67229e-05
-5.44858e-06
-3.93335e-05
-7.38948e-06
-2.98042e-05
-9.52934e-06
-1.83781e-05
-1.14261e-05
-6.99553e-06
-1.13826e-05
-6.99555e-06
-4.68163e-05
7.55364e-06
-4.76446e-05
4.78657e-06
-4.79554e-05
2.13445e-06
-4.75517e-05
-3.55846e-07
-4.64691e-05
-2.84345e-06
-4.44293e-05
-5.51157e-06
-4.14247e-05
-8.45316e-06
-3.70766e-05
-1.17376e-05
-3.12231e-05
-1.53828e-05
-2.35532e-05
-1.90961e-05
-1.3126e-05
-2.18098e-05
-2.01216e-05
-3.66886e-05
8.15867e-06
-3.71623e-05
5.26017e-06
-3.74108e-05
2.38285e-06
-3.72429e-05
-5.23803e-07
-3.65034e-05
-3.58299e-06
-3.51255e-05
-6.88949e-06
-3.30042e-05
-1.05745e-05
-3.00084e-05
-1.47334e-05
-2.60517e-05
-1.93396e-05
-2.06544e-05
-2.44934e-05
-1.28004e-05
-2.96638e-05
-3.2922e-05
-2.73192e-05
8.21699e-06
-2.7315e-05
5.25587e-06
-2.71858e-05
2.25359e-06
-2.68552e-05
-8.54474e-07
-2.626e-05
-4.17823e-06
-2.53277e-05
-7.82176e-06
-2.39652e-05
-1.1937e-05
-2.20445e-05
-1.66541e-05
-1.93514e-05
-2.20328e-05
-1.53953e-05
-2.84494e-05
-9.41219e-06
-3.56469e-05
-4.23342e-05
-1.74694e-05
8.0192e-06
-1.73283e-05
5.1146e-06
-1.71883e-05
2.1136e-06
-1.69928e-05
-1.05e-06
-1.66973e-05
-4.47375e-06
-1.62507e-05
-8.26837e-06
-1.55939e-05
-1.25939e-05
-1.46619e-05
-1.75861e-05
-1.32515e-05
-2.34431e-05
-1.11423e-05
-3.05587e-05
-7.44622e-06
-3.93431e-05
-4.97805e-05
-8.02206e-06
7.65303e-06
-7.78976e-06
4.88229e-06
-7.65006e-06
1.97383e-06
-7.56791e-06
-1.13218e-06
-7.51902e-06
-4.52269e-06
-7.48055e-06
-8.30685e-06
-7.44687e-06
-1.26276e-05
-7.37754e-06
-1.76555e-05
-7.15765e-06
-2.36631e-05
-6.6034e-06
-3.1113e-05
-4.88177e-06
-4.10648e-05
-5.46623e-05
1.17873e-06
7.11972e-06
1.51509e-06
4.54588e-06
1.68289e-06
1.806e-06
1.6982e-06
-1.14752e-06
1.56232e-06
-4.38684e-06
1.26348e-06
-8.00803e-06
7.75031e-07
-1.21391e-05
8.11922e-08
-1.69616e-05
-7.92724e-07
-2.27892e-05
-1.72549e-06
-3.01802e-05
-2.25242e-06
-4.0538e-05
-5.69147e-05
1.02843e-05
6.39398e-06
1.07604e-05
4.06976e-06
1.10071e-05
1.55927e-06
1.10267e-05
-1.16717e-06
1.08017e-05
-4.16182e-06
1.02908e-05
-7.49715e-06
9.4214e-06
-1.12697e-05
8.10181e-06
-1.56421e-05
6.23911e-06
-2.09265e-05
3.81625e-06
-2.77574e-05
1.21716e-06
-3.79388e-05
-5.56976e-05
1.95578e-05
5.48386e-06
2.01847e-05
3.44286e-06
2.05464e-05
1.19751e-06
2.06366e-05
-1.25739e-06
2.04237e-05
-3.94888e-06
1.98422e-05
-6.9157e-06
1.87702e-05
-1.01977e-05
1.70305e-05
-1.39023e-05
1.43776e-05
-1.82736e-05
1.05561e-05
-2.3936e-05
5.66347e-06
-3.30462e-05
-5.0034e-05
2.93282e-05
4.48274e-06
3.00524e-05
2.71868e-06
3.052e-05
7.29913e-07
3.07201e-05
-1.4575e-06
3.061e-05
-3.83882e-06
3.01056e-05
-6.41122e-06
2.90419e-05
-9.13404e-06
2.7164e-05
-1.20243e-05
2.40607e-05
-1.51703e-05
1.9226e-05
-1.91012e-05
1.18461e-05
-2.56662e-05
-3.81879e-05
3.9887e-05
3.57169e-06
4.05886e-05
2.01707e-06
4.11043e-05
2.14196e-07
4.14207e-05
-1.77383e-06
4.14853e-05
-3.90344e-06
4.12004e-05
-6.12625e-06
4.03736e-05
-8.30722e-06
3.87063e-05
-1.03569e-05
3.56496e-05
-1.21136e-05
3.04639e-05
-1.39154e-05
2.06278e-05
-1.583e-05
-1.75601e-05
5.13407e-05
2.95534e-06
5.18868e-05
1.47099e-06
5.23876e-05
-2.86558e-07
5.28207e-05
-2.20693e-06
5.3119e-05
-4.20172e-06
5.31732e-05
-6.18042e-06
5.27884e-05
-7.92236e-06
5.16937e-05
-9.2621e-06
4.93641e-05
-9.78394e-06
4.48626e-05
-9.41383e-06
3.45454e-05
-5.51278e-06
1.69853e-05
6.5576e-05
3.99149e-06
-6.9307e-05
6.49299e-05
1.86286e-06
6.36067e-05
1.36805e-06
6.28693e-05
1.19374e-06
6.26303e-05
1.68305e-06
6.26835e-05
2.51189e-06
6.28583e-05
3.44348e-06
6.30366e-05
4.29722e-06
6.31573e-05
4.9033e-06
6.32054e-05
5.14453e-06
6.32321e-05
4.86438e-06
4.1321e-06
6.32733e-05
8.41188e-05
3.09324e-06
-8.32206e-05
8.38036e-05
2.178e-06
8.31459e-05
2.02577e-06
8.22881e-05
2.05154e-06
8.14398e-05
2.53132e-06
8.06201e-05
3.33155e-06
7.98011e-05
4.26258e-06
7.8956e-05
5.14234e-06
7.80867e-05
5.77258e-06
7.72317e-05
5.99955e-06
7.6494e-05
5.60219e-06
4.66251e-06
7.59636e-05
9.70594e-05
2.08541e-06
-9.60516e-05
9.73796e-05
1.85782e-06
9.73282e-05
2.07712e-06
9.69079e-05
2.47185e-06
9.62039e-05
3.23528e-06
9.52572e-05
4.27834e-06
9.40976e-05
5.42213e-06
9.2773e-05
6.46707e-06
9.13646e-05
7.18103e-06
9.00035e-05
7.36067e-06
8.88752e-05
6.73049e-06
5.33375e-06
8.82039e-05
0.00010882
-0.000108211
1.47691e-06
0.000109085
1.59258e-06
0.000109021
2.14146e-06
0.000108584
2.90811e-06
0.000107787
4.03255e-06
0.000106668
5.39769e-06
0.00010529
6.8001e-06
0.000103759
7.99774e-06
0.000102231
8.70905e-06
0.000100933
8.6587e-06
0.00010013
7.53318e-06
0.000100264
5.20034e-06
6.34909e-05
2.73748e-06
6.3838e-05
1.12386e-06
6.43365e-05
-7.84822e-07
6.49356e-05
-2.80554e-06
6.55375e-05
-4.80287e-06
6.60068e-05
-6.64875e-06
6.61632e-05
-8.07767e-06
6.58026e-05
-8.90041e-06
6.47024e-05
-8.68281e-06
6.26102e-05
-7.32081e-06
6.09768e-05
-3.87901e-06
8.65562e-06
6.93056e-05
7.59254e-05
2.77566e-06
7.62395e-05
8.09824e-07
7.69043e-05
-1.44967e-06
7.78049e-05
-3.7061e-06
7.87962e-05
-5.79421e-06
7.96962e-05
-7.54873e-06
8.03184e-05
-8.69979e-06
8.04693e-05
-9.05141e-06
8.00889e-05
-8.3023e-06
7.90624e-05
-6.29436e-06
7.87816e-05
-3.59827e-06
4.21733e-06
8.32199e-05
8.84193e-05
2.56038e-06
8.91217e-05
1.07561e-07
9.02523e-05
-2.58021e-06
9.16032e-05
-5.05703e-06
9.2988e-05
-7.17894e-06
9.41904e-05
-8.75115e-06
9.5035e-05
-9.54439e-06
9.53429e-05
-9.35939e-06
9.51325e-05
-8.09193e-06
9.44103e-05
-5.57218e-06
9.39112e-05
-3.09917e-06
2.07701e-06
9.60515e-05
0.000101635
1.1894e-06
0.000103182
-1.43964e-06
0.000104908
-4.30577e-06
0.000106583
-6.73269e-06
0.000108049
-8.64475e-06
0.00010913
-9.83183e-06
0.000109718
-1.01323e-05
0.000109718
-9.35983e-06
0.000109215
-7.589e-06
0.000108392
-4.74928e-06
0.000107499
-2.2063e-06
0.000108212
1.36445e-06
6.5575e-05
3.99123e-06
6.4929e-05
1.86236e-06
6.36059e-05
1.36735e-06
6.28687e-05
1.19302e-06
6.26297e-05
1.68241e-06
6.26829e-05
2.5115e-06
6.28579e-05
3.44345e-06
6.30362e-05
4.2976e-06
6.3157e-05
4.90408e-06
6.32051e-05
5.14564e-06
6.32319e-05
4.86571e-06
4.13349e-06
6.32732e-05
8.41181e-05
3.09306e-06
8.38029e-05
2.17753e-06
8.31452e-05
2.0251e-06
8.22874e-05
2.05081e-06
8.14391e-05
2.53069e-06
8.06195e-05
3.33117e-06
7.98004e-05
4.26257e-06
7.89553e-05
5.14274e-06
7.80861e-05
5.77336e-06
7.72311e-05
6.00065e-06
7.64934e-05
5.60347e-06
4.66383e-06
7.59631e-05
9.70592e-05
2.08536e-06
9.73793e-05
1.85745e-06
9.73279e-05
2.07645e-06
9.69075e-05
2.47117e-06
9.62035e-05
3.23472e-06
9.52567e-05
4.27806e-06
9.4097e-05
5.42224e-06
9.27722e-05
6.46758e-06
9.13637e-05
7.1819e-06
9.00026e-05
7.36181e-06
8.88744e-05
6.73176e-06
5.33498e-06
8.82033e-05
0.00010882
1.47706e-06
0.000109085
1.59231e-06
0.000109021
2.14092e-06
0.000108584
2.90753e-06
0.000107787
4.03212e-06
0.000106667
5.39758e-06
0.000105289
6.80038e-06
0.000103759
7.99842e-06
0.00010223
8.71006e-06
0.000100932
8.65992e-06
0.00010013
7.53446e-06
0.000100263
5.20143e-06
6.3491e-05
2.7388e-06
6.38382e-05
1.12492e-06
6.43369e-05
-7.84094e-07
6.49362e-05
-2.80524e-06
6.55384e-05
-4.80301e-06
6.60079e-05
-6.64931e-06
6.61645e-05
-8.07859e-06
6.58041e-05
-8.90158e-06
6.4704e-05
-8.68411e-06
6.26119e-05
-7.32219e-06
6.09785e-05
-3.88015e-06
8.65477e-06
6.93077e-05
7.59252e-05
2.77683e-06
7.62395e-05
8.10681e-07
7.69046e-05
-1.44921e-06
7.78055e-05
-3.70608e-06
7.87971e-05
-5.79465e-06
7.96974e-05
-7.54957e-06
8.03197e-05
-8.70093e-06
8.04709e-05
-9.05273e-06
8.00905e-05
-8.30369e-06
7.90641e-05
-6.29575e-06
7.87834e-05
-3.59952e-06
4.21636e-06
8.32218e-05
8.84189e-05
2.56136e-06
8.91215e-05
1.08142e-07
9.02525e-05
-2.58009e-06
9.16038e-05
-5.05737e-06
9.29889e-05
-7.17971e-06
9.41916e-05
-8.75224e-06
9.50363e-05
-9.54571e-06
9.53444e-05
-9.36082e-06
9.51341e-05
-8.09335e-06
9.44119e-05
-5.57361e-06
9.39129e-05
-3.10044e-06
2.07593e-06
9.60532e-05
0.000101635
1.19016e-06
0.000103182
-1.43938e-06
0.000104908
-4.30599e-06
0.000106584
-6.73335e-06
0.00010805
-8.64577e-06
0.000109131
-9.8331e-06
0.000109719
-1.01337e-05
0.000109719
-9.3613e-06
0.000109217
-7.59044e-06
0.000108394
-4.75068e-06
0.000107501
-2.20761e-06
0.000108213
1.36336e-06
6.55769e-05
3.99024e-06
6.49311e-05
1.86194e-06
6.36083e-05
1.36733e-06
6.28714e-05
1.19313e-06
6.26326e-05
1.68247e-06
6.2686e-05
2.51138e-06
6.28608e-05
3.44307e-06
6.30389e-05
4.29697e-06
6.31595e-05
4.90325e-06
6.32072e-05
5.14469e-06
6.32337e-05
4.86468e-06
4.13249e-06
6.32747e-05
8.41199e-05
3.09211e-06
8.38048e-05
2.17701e-06
8.31472e-05
2.02487e-06
8.22896e-05
2.0507e-06
8.14415e-05
2.53056e-06
8.0622e-05
3.33092e-06
7.98029e-05
4.26216e-06
7.89577e-05
5.14218e-06
7.80883e-05
5.77272e-06
7.7233e-05
5.99996e-06
7.6495e-05
5.60275e-06
4.66312e-06
7.59645e-05
9.70608e-05
2.08446e-06
9.73809e-05
1.85692e-06
9.73295e-05
2.07621e-06
9.69092e-05
2.47099e-06
9.62052e-05
3.2345e-06
9.52585e-05
4.27774e-06
9.40988e-05
5.42179e-06
9.2774e-05
6.46707e-06
9.13654e-05
7.1814e-06
9.00041e-05
7.36135e-06
8.88755e-05
6.7313e-06
5.33452e-06
8.82042e-05
0.000108821
1.47622e-06
0.000109086
1.59184e-06
0.000109022
2.14066e-06
0.000108586
2.90735e-06
0.000107788
4.03189e-06
0.000106669
5.39724e-06
0.00010529
6.79996e-06
0.00010376
7.99801e-06
0.000102231
8.70975e-06
0.000100933
8.65972e-06
0.00010013
7.53427e-06
0.000100263
5.20115e-06
6.34921e-05
2.7378e-06
6.38391e-05
1.12408e-06
6.43375e-05
-7.8469e-07
6.49366e-05
-2.80549e-06
6.55386e-05
-4.80286e-06
6.60079e-05
-6.64866e-06
6.61642e-05
-8.07736e-06
6.58035e-05
-8.89971e-06
6.47031e-05
-8.68168e-06
6.26108e-05
-7.31942e-06
6.09772e-05
-3.87719e-06
8.65796e-06
6.93063e-05
7.59262e-05
2.77607e-06
7.62403e-05
8.10025e-07
7.69052e-05
-1.44961e-06
7.78058e-05
-3.7061e-06
7.87972e-05
-5.7942e-06
7.96971e-05
-7.54856e-06
8.0319e-05
-8.69929e-06
8.04698e-05
-9.05044e-06
8.00889e-05
-8.30085e-06
7.90622e-05
-6.29272e-06
7.87814e-05
-3.59634e-06
4.21962e-06
8.32197e-05
8.84196e-05
2.56072e-06
8.91221e-05
1.07614e-07
9.02528e-05
-2.58028e-06
9.16038e-05
-5.05709e-06
9.29885e-05
-7.17886e-06
9.41907e-05
-8.75075e-06
9.50349e-05
-9.54353e-06
9.53424e-05
-9.35801e-06
9.51316e-05
-8.09008e-06
9.44092e-05
-5.57024e-06
9.39099e-05
-3.09712e-06
2.07925e-06
9.60503e-05
0.000101635
1.18951e-06
0.000103182
-1.43974e-06
0.000104908
-4.30588e-06
0.000106583
-6.73264e-06
0.000108049
-8.6444e-06
0.000109129
-9.83104e-06
0.000109716
-1.01309e-05
0.000109716
-9.35803e-06
0.000109213
-7.58684e-06
0.00010839
-4.74714e-06
0.000107497
-2.20425e-06
0.00010821
1.36658e-06
6.55749e-05
3.99288e-06
6.49283e-05
1.86388e-06
6.36048e-05
1.36877e-06
6.28674e-05
1.19435e-06
6.26284e-05
1.68361e-06
6.26816e-05
2.51248e-06
6.28567e-05
3.44408e-06
6.30351e-05
4.2978e-06
6.31562e-05
4.90382e-06
6.32045e-05
5.14494e-06
6.32316e-05
4.86468e-06
4.13222e-06
6.32732e-05
8.41175e-05
3.09508e-06
8.38019e-05
2.17947e-06
8.31438e-05
2.02693e-06
8.22857e-05
2.05246e-06
8.14372e-05
2.53209e-06
8.06175e-05
3.33223e-06
7.97985e-05
4.26315e-06
7.89535e-05
5.14277e-06
7.80846e-05
5.77282e-06
7.723e-05
5.99958e-06
7.64927e-05
5.60202e-06
4.66211e-06
7.59629e-05
9.70578e-05
2.08754e-06
9.73776e-05
1.85961e-06
9.7326e-05
2.07854e-06
9.69054e-05
2.47307e-06
9.62012e-05
3.2363e-06
9.52543e-05
4.27918e-06
9.40947e-05
5.42275e-06
9.27701e-05
6.46739e-06
9.1362e-05
7.181e-06
9.00014e-05
7.36026e-06
8.88737e-05
6.72976e-06
5.33271e-06
8.82031e-05
0.000108818
1.47925e-06
0.000109083
1.59454e-06
0.000109018
2.14309e-06
0.000108582
2.9095e-06
0.000107785
4.03372e-06
0.000106665
5.3986e-06
0.000105287
6.80066e-06
0.000103757
7.99784e-06
0.000102229
8.70863e-06
0.000100932
8.65777e-06
0.00010013
7.53185e-06
0.000100264
5.19873e-06
6.34912e-05
2.73743e-06
6.38387e-05
1.12359e-06
6.43375e-05
-7.85327e-07
6.49369e-05
-2.80629e-06
6.5539e-05
-4.80381e-06
6.60084e-05
-6.6498e-06
6.61648e-05
-8.07873e-06
6.58041e-05
-8.90136e-06
6.47037e-05
-8.68355e-06
6.26113e-05
-7.32139e-06
6.09777e-05
-3.87913e-06
8.65612e-06
7.59253e-05
2.77508e-06
7.62399e-05
8.09082e-07
7.69052e-05
-1.45059e-06
7.7806e-05
-3.70716e-06
7.87976e-05
-5.79535e-06
7.96977e-05
-7.54985e-06
8.03197e-05
-8.7008e-06
8.04706e-05
-9.05218e-06
8.00898e-05
-8.30278e-06
7.90631e-05
-6.29463e-06
7.87822e-05
-3.59827e-06
4.21766e-06
8.84192e-05
2.5592e-06
8.9122e-05
1.06344e-07
9.0253e-05
-2.5815e-06
9.16042e-05
-5.05832e-06
9.29891e-05
-7.18018e-06
9.41914e-05
-8.75222e-06
9.50359e-05
-9.54522e-06
9.53436e-05
-9.35988e-06
9.51328e-05
-8.09207e-06
9.44104e-05
-5.57217e-06
9.39111e-05
-3.09901e-06
2.07714e-06
0.000101635
1.18788e-06
0.000103183
-1.4411e-06
0.000104908
-4.30715e-06
0.000106584
-6.73397e-06
0.00010805
-8.64586e-06
0.00010913
-9.83268e-06
0.000109718
-1.01328e-05
0.000109718
-9.36e-06
0.000109215
-7.58886e-06
0.000108392
-4.74905e-06
0.000107499
-2.20616e-06
1.36431e-06
-4.01878e-05
1.38138e-06
4.02833e-05
-4.0563e-05
1.96769e-06
-4.13173e-05
2.89574e-06
-4.24535e-05
4.04425e-06
-4.38876e-05
5.46663e-06
-4.54764e-05
6.98647e-06
-4.7034e-05
8.3578e-06
-4.83313e-05
9.29501e-06
-4.91121e-05
9.48984e-06
-4.91153e-05
8.66198e-06
-4.81226e-05
6.54043e-06
3.028e-06
-4.59504e-05
-3.58773e-05
1.78466e-06
3.5474e-05
-3.67087e-05
2.79896e-06
-3.78885e-05
4.07548e-06
-3.93724e-05
5.52811e-06
-4.10163e-05
7.11048e-06
-4.26217e-05
8.59188e-06
-4.39524e-05
9.68849e-06
-4.47533e-05
1.00959e-05
-4.4802e-05
9.53855e-06
-4.39587e-05
7.81867e-06
-4.2168e-05
4.74961e-06
2.37378e-07
-3.93772e-05
-3.17596e-05
2.48526e-06
3.1059e-05
-3.28202e-05
3.85941e-06
-3.41639e-05
5.41909e-06
-3.57092e-05
7.07335e-06
-3.72859e-05
8.68718e-06
-3.86759e-05
9.98182e-06
-3.96368e-05
1.06494e-05
-3.99398e-05
1.03989e-05
-3.94303e-05
9.02909e-06
-3.81076e-05
6.49585e-06
-3.61317e-05
2.77381e-06
-2.3739e-06
-3.35207e-05
-2.76968e-05
2.68889e-05
3.29308e-06
-2.87842e-05
4.94673e-06
-3.00748e-05
6.70962e-06
-3.14665e-05
8.46496e-06
-3.27842e-05
1.00048e-05
-3.38095e-05
1.10071e-05
-3.43048e-05
1.11447e-05
-3.40507e-05
1.01449e-05
-3.2909e-05
7.88734e-06
-3.09398e-05
4.52666e-06
-2.84758e-05
3.09753e-07
-2.76282e-05
-3.22136e-06
-4.2876e-05
-1.88483e-06
-4.09063e-05
-3.40921e-06
-3.92754e-05
-5.93662e-06
-3.80451e-05
-7.96296e-06
-3.73038e-05
-9.38604e-06
-3.70906e-05
-1.0045e-05
-3.73928e-05
-9.83005e-06
-3.81147e-05
-8.63803e-06
-3.90959e-05
-6.60784e-06
-3.9965e-05
-3.88017e-06
-4.06365e-05
-1.53488e-06
1.0106e-06
-4.02827e-05
-3.55534e-05
-5.70858e-06
-3.36435e-05
-5.31912e-06
-3.24052e-05
-7.17494e-06
-3.16283e-05
-8.73993e-06
-3.13616e-05
-9.65273e-06
-3.15828e-05
-9.82389e-06
-3.22199e-05
-9.19301e-06
-3.31239e-05
-7.73406e-06
-3.41051e-05
-5.62665e-06
-3.48787e-05
-3.1066e-06
-3.54256e-05
-9.88051e-07
1.05821e-06
-3.54733e-05
-2.92013e-05
-1.00278e-05
-2.76602e-05
-6.86013e-06
-2.69136e-05
-7.92155e-06
-2.65408e-05
-9.11279e-06
-2.65776e-05
-9.61592e-06
-2.69994e-05
-9.40213e-06
-2.77258e-05
-8.46661e-06
-2.86121e-05
-6.84785e-06
-2.9493e-05
-4.74581e-06
-3.01816e-05
-2.41804e-06
-3.07178e-05
-4.51867e-07
1.39853e-06
-3.10582e-05
-2.2834e-05
-1.48219e-05
-2.22466e-05
-7.44763e-06
-2.21608e-05
-8.00733e-06
-2.21931e-05
-9.08057e-06
-2.24468e-05
-9.36234e-06
-2.29547e-05
-8.89423e-06
-2.36647e-05
-7.75663e-06
-2.44641e-05
-6.04857e-06
-2.52289e-05
-3.981e-06
-2.58477e-05
-1.79925e-06
-2.63887e-05
8.902e-08
-2.6888e-05
1.89788e-06
-4.01874e-05
1.38169e-06
-4.05626e-05
1.96748e-06
-4.1317e-05
2.89525e-06
-4.24532e-05
4.0438e-06
-4.38875e-05
5.46638e-06
-4.54765e-05
6.98656e-06
-4.70344e-05
8.3583e-06
-4.83318e-05
9.29589e-06
-4.91128e-05
9.491e-06
-4.91161e-05
8.66328e-06
-4.81233e-05
6.54167e-06
3.02892e-06
-4.59509e-05
-3.58767e-05
1.78513e-06
-3.67081e-05
2.79878e-06
-3.78879e-05
4.07512e-06
-3.9372e-05
5.52781e-06
-4.1016e-05
7.11043e-06
-4.26217e-05
8.59221e-06
-4.39527e-05
9.68924e-06
-4.47538e-05
1.0097e-05
-4.48027e-05
9.53988e-06
-4.39594e-05
7.82002e-06
-4.21687e-05
4.75074e-06
2.38069e-07
-3.93776e-05
-3.1759e-05
2.48589e-06
-3.28195e-05
3.85928e-06
-3.41632e-05
5.41878e-06
-3.57086e-05
7.07319e-06
-3.72855e-05
8.68734e-06
-3.86758e-05
9.98241e-06
-3.9637e-05
1.06504e-05
-3.99403e-05
1.04002e-05
-3.9431e-05
9.03059e-06
-3.81083e-05
6.49721e-06
-3.61323e-05
2.77479e-06
-2.37348e-06
-3.3521e-05
-2.7696e-05
3.29386e-06
-2.87834e-05
4.94664e-06
-3.00741e-05
6.70943e-06
-3.14659e-05
8.46495e-06
-3.27838e-05
1.00052e-05
-3.38094e-05
1.1008e-05
-3.4305e-05
1.1146e-05
-3.40513e-05
1.01465e-05
-3.29097e-05
7.88902e-06
-3.09406e-05
4.52803e-06
-2.84764e-05
3.10501e-07
-2.76285e-05
-3.22131e-06
-4.28761e-05
-1.88439e-06
-4.0906e-05
-3.40928e-06
-3.92748e-05
-5.93712e-06
-3.80443e-05
-7.96384e-06
-3.73028e-05
-9.38723e-06
-3.70895e-05
-1.00464e-05
-3.73917e-05
-9.83153e-06
-3.81135e-05
-8.63952e-06
-3.90947e-05
-6.60927e-06
-3.99639e-05
-3.88154e-06
-4.06354e-05
-1.53612e-06
1.0096e-06
-4.02817e-05
-3.55535e-05
-5.70846e-06
-3.36432e-05
-5.31949e-06
-3.24047e-05
-7.17566e-06
-3.16275e-05
-8.74099e-06
-3.13608e-05
-9.65404e-06
-3.15819e-05
-9.82536e-06
-3.22189e-05
-9.19453e-06
-3.31229e-05
-7.73554e-06
-3.41042e-05
-5.62804e-06
-3.48779e-05
-3.10787e-06
-3.54249e-05
-9.89167e-07
1.05735e-06
-3.54727e-05
-2.92013e-05
-1.0028e-05
-2.766e-05
-6.86074e-06
-2.69132e-05
-7.92244e-06
-2.65402e-05
-9.11398e-06
-2.65769e-05
-9.61734e-06
-2.69987e-05
-9.40366e-06
-2.77251e-05
-8.46815e-06
-2.86113e-05
-6.8493e-06
-2.94923e-05
-4.74712e-06
-3.0181e-05
-2.4192e-06
-3.07174e-05
-4.52827e-07
1.39783e-06
-3.10579e-05
-2.28341e-05
-1.48225e-05
-2.22464e-05
-7.44846e-06
-2.21605e-05
-8.00836e-06
-2.21927e-05
-9.08187e-06
-2.24463e-05
-9.36383e-06
-2.29542e-05
-8.8958e-06
-2.36642e-05
-7.75817e-06
-2.44635e-05
-6.04998e-06
-2.52285e-05
-3.98222e-06
-2.58474e-05
-1.80028e-06
-2.63885e-05
8.82213e-08
-2.68881e-05
1.89735e-06
-4.01866e-05
1.38097e-06
-4.05619e-05
1.96707e-06
-4.13163e-05
2.89506e-06
-4.24527e-05
4.04364e-06
-4.3887e-05
5.4662e-06
-4.54761e-05
6.98633e-06
-4.70342e-05
8.35806e-06
-4.83319e-05
9.29577e-06
-4.91132e-05
9.49105e-06
-4.91168e-05
8.6634e-06
-4.81243e-05
6.54172e-06
3.02873e-06
-4.5952e-05
-3.58763e-05
1.78455e-06
-3.67078e-05
2.79846e-06
-3.78878e-05
4.07497e-06
-3.9372e-05
5.52774e-06
-4.10162e-05
7.11039e-06
-4.26221e-05
8.59218e-06
-4.39533e-05
9.6893e-06
-4.47548e-05
1.00972e-05
-4.4804e-05
9.5403e-06
-4.39611e-05
7.8205e-06
-4.21706e-05
4.75108e-06
2.38025e-07
-3.93797e-05
-3.17589e-05
2.48546e-06
-3.28196e-05
3.85908e-06
-3.41635e-05
5.41879e-06
-3.57091e-05
7.07329e-06
-3.72863e-05
8.68752e-06
-3.86768e-05
9.98265e-06
-3.96383e-05
1.06508e-05
-3.99419e-05
1.04008e-05
-3.9433e-05
9.03138e-06
-3.81106e-05
6.49808e-06
-3.6135e-05
2.77549e-06
-2.37332e-06
-3.35239e-05
-2.76963e-05
3.29359e-06
-2.87839e-05
4.94661e-06
-3.00747e-05
6.70958e-06
-3.14668e-05
8.46526e-06
-3.27849e-05
1.00056e-05
-3.38108e-05
1.10085e-05
-3.43067e-05
1.11466e-05
-3.40532e-05
1.01473e-05
-3.29119e-05
7.89005e-06
-3.09429e-05
4.52917e-06
-2.84791e-05
3.11579e-07
-2.76316e-05
-3.22055e-06
-4.28772e-05
-1.88505e-06
-4.09076e-05
-3.40927e-06
-3.92769e-05
-5.93651e-06
-3.80469e-05
-7.96263e-06
-3.73059e-05
-9.3854e-06
-3.7093e-05
-1.0044e-05
-3.73954e-05
-9.82853e-06
-3.81174e-05
-8.63611e-06
-3.90986e-05
-6.60569e-06
-3.99677e-05
-3.87809e-06
-4.06391e-05
-1.53291e-06
1.01264e-06
-4.02852e-05
-3.55556e-05
-5.70918e-06
-3.36457e-05
-5.31913e-06
-3.24076e-05
-7.17458e-06
-3.16309e-05
-8.73936e-06
-3.13645e-05
-9.65189e-06
-3.15858e-05
-9.82272e-06
-3.22229e-05
-9.19146e-06
-3.31268e-05
-7.73219e-06
-3.41079e-05
-5.62464e-06
-3.48814e-05
-3.10465e-06
-3.54281e-05
-9.86223e-07
1.06007e-06
-3.54756e-05
-2.92039e-05
-1.00289e-05
-2.76629e-05
-6.86008e-06
-2.69165e-05
-7.92099e-06
-2.65438e-05
-9.11206e-06
-2.65807e-05
-9.615e-06
-2.70025e-05
-9.40095e-06
-2.77289e-05
-8.46515e-06
-2.86149e-05
-6.84614e-06
-2.94956e-05
-4.74399e-06
-3.0184e-05
-2.41631e-06
-3.072e-05
-4.50252e-07
1.40012e-06
-3.10601e-05
-2.28366e-05
-1.4824e-05
-2.22493e-05
-7.44747e-06
-2.21638e-05
-8.00659e-06
-2.21961e-05
-9.07975e-06
-2.24498e-05
-9.36142e-06
-2.29577e-05
-8.89312e-06
-2.36675e-05
-7.75531e-06
-2.44666e-05
-6.04707e-06
-2.52312e-05
-3.97944e-06
-2.58498e-05
-1.79778e-06
-2.63904e-05
9.03614e-08
-2.68895e-05
1.89915e-06
-4.01897e-05
1.38378e-06
-4.05648e-05
1.96958e-06
-4.1319e-05
2.89725e-06
-4.2455e-05
4.04554e-06
-4.3889e-05
5.46764e-06
-4.54775e-05
6.98713e-06
-4.70348e-05
8.35803e-06
-4.83317e-05
9.29471e-06
-4.91121e-05
9.48902e-06
-4.9115e-05
8.66071e-06
-4.8122e-05
6.53886e-06
3.02636e-06
-4.59497e-05
-3.58788e-05
1.78699e-06
-3.67099e-05
2.80058e-06
-3.78894e-05
4.07675e-06
-3.93729e-05
5.5291e-06
-4.10165e-05
7.11114e-06
-4.26215e-05
8.59215e-06
-4.39518e-05
9.68832e-06
-4.47524e-05
1.00953e-05
-4.48009e-05
9.53752e-06
-4.39575e-05
7.81731e-06
-4.21669e-05
4.74807e-06
2.35964e-07
-3.93762e-05
-3.17606e-05
2.48742e-06
-3.28207e-05
3.86066e-06
-3.41639e-05
5.41993e-06
-3.57088e-05
7.07392e-06
-3.72851e-05
8.68743e-06
-3.86747e-05
9.9817e-06
-3.96353e-05
1.06489e-05
-3.99381e-05
1.03981e-05
-3.94287e-05
9.02803e-06
-3.8106e-05
6.49459e-06
-3.61304e-05
2.77246e-06
-2.375e-06
-3.35197e-05
-2.76971e-05
3.295e-06
-2.8784e-05
4.94756e-06
-3.00741e-05
6.71003e-06
-3.14654e-05
8.46509e-06
-3.27826e-05
1.00046e-05
-3.38076e-05
1.10067e-05
-3.43027e-05
1.1144e-05
-3.40487e-05
1.0144e-05
-3.29071e-05
7.88645e-06
-3.09382e-05
4.52567e-06
-2.84746e-05
3.08698e-07
-2.76272e-05
-3.22231e-06
-4.28755e-05
-1.88613e-06
-4.09059e-05
-3.41047e-06
-3.92752e-05
-5.93777e-06
-3.80452e-05
-7.96398e-06
-3.73041e-05
-9.38686e-06
-3.70912e-05
-1.00456e-05
-3.73937e-05
-9.83029e-06
-3.81158e-05
-8.63799e-06
-3.90971e-05
-6.6076e-06
-3.99662e-05
-3.87998e-06
-4.06374e-05
-1.53497e-06
1.01012e-06
-3.55529e-05
-5.70937e-06
-3.36434e-05
-5.31998e-06
-3.24054e-05
-7.17572e-06
-3.16288e-05
-8.7406e-06
-3.13625e-05
-9.65322e-06
-3.15839e-05
-9.82415e-06
-3.22212e-05
-9.19303e-06
-3.31254e-05
-7.73388e-06
-3.41066e-05
-5.62642e-06
-3.48801e-05
-3.10653e-06
-3.54267e-05
-9.88399e-07
1.05738e-06
-2.92009e-05
-1.00279e-05
-2.76603e-05
-6.8605e-06
-2.69141e-05
-7.92192e-06
-2.65416e-05
-9.1131e-06
-2.65788e-05
-9.6161e-06
-2.70008e-05
-9.40212e-06
-2.77274e-05
-8.46644e-06
-2.86137e-05
-6.84759e-06
-2.94946e-05
-4.74561e-06
-3.0183e-05
-2.41814e-06
-3.07189e-05
-4.5249e-07
1.39737e-06
-2.28338e-05
-1.48213e-05
-2.22469e-05
-7.44751e-06
-2.21615e-05
-8.00734e-06
-2.21941e-05
-9.08057e-06
-2.2448e-05
-9.36224e-06
-2.29562e-05
-8.89399e-06
-2.36663e-05
-7.7563e-06
-2.44657e-05
-6.04825e-06
-2.52305e-05
-3.98087e-06
-2.58491e-05
-1.79951e-06
-2.63898e-05
8.81577e-08
1.89642e-06
-2.36571e-05
4.06127e-06
2.28888e-05
-2.46174e-05
5.90699e-06
-2.56951e-05
7.78716e-06
-2.67809e-05
9.55071e-06
-2.77045e-05
1.09284e-05
-2.82513e-05
1.15539e-05
-2.81716e-05
1.10649e-05
-2.71876e-05
9.16092e-06
-2.4982e-05
5.68171e-06
-2.11033e-05
6.4793e-07
-1.43771e-05
-6.41622e-06
-1.75984e-05
-1.96761e-05
4.68759e-06
1.90497e-05
-2.0407e-05
6.63779e-06
-2.1171e-05
8.55109e-06
-2.18625e-05
1.02422e-05
-2.23247e-05
1.13906e-05
-2.23547e-05
1.15839e-05
-2.16986e-05
1.04088e-05
-2.00413e-05
7.50367e-06
-1.69779e-05
2.61842e-06
-1.19028e-05
-4.42702e-06
-5.05384e-06
-1.3265e-05
-2.26519e-05
-1.5818e-05
5.11072e-06
1.53948e-05
-1.62643e-05
7.08403e-06
-1.66691e-05
8.95582e-06
-1.69401e-05
1.05132e-05
-1.69461e-05
1.13966e-05
-1.65186e-05
1.11564e-05
-1.54452e-05
9.33542e-06
-1.34753e-05
5.53377e-06
-1.04039e-05
-4.52915e-07
-6.28927e-06
-8.54148e-06
-2.10231e-06
-1.74517e-05
-2.47538e-05
-1.21514e-05
5.30208e-06
1.196e-05
-1.22954e-05
7.22803e-06
-1.23383e-05
8.9986e-06
-1.22098e-05
1.03846e-05
-1.18177e-05
1.10046e-05
-1.10526e-05
1.03912e-05
-9.78837e-06
8.07128e-06
-7.91462e-06
3.66008e-06
-5.49642e-06
-2.87103e-06
-2.93402e-06
-1.11037e-05
-8.56354e-07
-1.95291e-05
-2.56099e-05
-8.73728e-06
5.25611e-06
8.78317e-06
-8.58637e-06
7.07707e-06
-8.29101e-06
8.70322e-06
-7.80948e-06
9.9031e-06
-7.09786e-06
1.0293e-05
-6.12001e-06
9.41342e-06
-4.85328e-06
6.8046e-06
-3.323e-06
2.12987e-06
-1.7414e-06
-4.45254e-06
-4.47748e-07
-1.23973e-05
3.59774e-07
-2.03363e-05
-2.52497e-05
-5.62275e-06
4.98322e-06
5.89559e-06
-5.1985e-06
6.6528e-06
-4.60059e-06
8.10529e-06
-3.81885e-06
9.12138e-06
-2.85991e-06
9.33406e-06
-1.76229e-06
8.31585e-06
-5.96581e-07
5.63894e-06
5.22359e-07
1.01099e-06
1.33562e-06
-5.26573e-06
1.63697e-06
-1.26985e-05
1.3966e-06
-2.00958e-05
-2.3853e-05
-2.83803e-06
4.50396e-06
3.31724e-06
-2.16903e-06
5.98376e-06
-1.30632e-06
7.24263e-06
-2.71368e-07
8.08643e-06
8.82551e-07
8.18024e-06
2.05026e-06
7.14816e-06
3.08887e-06
4.60044e-06
3.8364e-06
2.6352e-07
4.01778e-06
-5.447e-06
3.5095e-06
-1.21901e-05
2.37849e-06
-1.89646e-05
-2.14741e-05
-3.9559e-07
3.84474e-06
1.05473e-06
4.87483e-07
5.10073e-06
1.58037e-06
6.14975e-06
2.83227e-06
6.8346e-06
4.15175e-06
6.86078e-06
5.37832e-06
5.92169e-06
6.31371e-06
3.66507e-06
6.77204e-06
-1.94733e-07
6.44915e-06
-5.12407e-06
5.23318e-06
-1.09741e-05
3.22437e-06
-1.69556e-05
-1.82497e-05
1.71131e-06
3.03454e-06
-9.00996e-07
2.77904e-06
4.03283e-06
4.07312e-06
4.85594e-06
5.51824e-06
5.38924e-06
6.994e-06
5.38539e-06
8.29343e-06
4.62201e-06
9.17427e-06
2.7846e-06
9.43401e-06
-4.54562e-07
8.70608e-06
-4.39593e-06
6.83766e-06
-9.10541e-06
3.95069e-06
-1.40686e-05
-1.42988e-05
3.51442e-06
2.10118e-06
-2.58115e-06
4.74143e-06
2.80585e-06
6.21443e-06
3.38305e-06
7.84165e-06
3.76205e-06
9.47933e-06
3.74783e-06
1.08798e-05
3.22161e-06
1.17578e-05
1.90681e-06
1.1899e-05
-5.95712e-07
1.08282e-05
-3.32492e-06
8.32527e-06
-6.6023e-06
4.52299e-06
-1.02663e-05
-9.77587e-06
5.10101e-06
1.07215e-06
-4.07219e-06
6.46434e-06
1.44255e-06
8.09987e-06
1.74773e-06
9.90712e-06
1.95484e-06
1.17161e-05
1.93908e-06
1.32571e-05
1.68069e-06
1.41701e-05
9.9409e-07
1.42209e-05
-6.46273e-07
1.27893e-05
-1.89306e-06
9.65825e-06
-3.47102e-06
4.9922e-06
-5.60025e-06
-4.78377e-06
6.63512e-06
-5.56309e-06
8.07772e-06
9.82545e-06
1.17803e-05
1.37194e-05
1.54002e-05
1.63943e-05
1.57481e-05
1.38551e-05
1.0384e-05
4.78377e-06
-1.44724e-05
-3.49884e-07
-1.70958e-05
-4.82437e-06
-1.78766e-05
-7.22661e-06
-1.8327e-05
-8.63023e-06
-1.87508e-05
-8.93852e-06
-1.92909e-05
-8.35417e-06
-1.99441e-05
-7.10346e-06
-2.06384e-05
-5.35435e-06
-2.12904e-05
-3.32906e-06
-2.18386e-05
-1.25103e-06
-2.23536e-05
6.03967e-07
2.43223e-06
-2.2888e-05
-9.33577e-06
8.98553e-06
-1.28487e-05
-1.31151e-06
-1.41249e-05
-5.95057e-06
-1.48523e-05
-7.9029e-06
-1.53932e-05
-8.39772e-06
-1.5936e-05
-7.81136e-06
-1.65212e-05
-6.51837e-06
-1.71116e-05
-4.76401e-06
-1.76563e-05
-2.78438e-06
-1.81242e-05
-7.83159e-07
-1.85741e-05
1.05384e-06
2.90703e-06
-1.90489e-05
-6.40614e-06
1.53914e-05
-9.4391e-06
1.72132e-06
-1.08679e-05
-4.52187e-06
-1.17174e-05
-7.05349e-06
-1.23205e-05
-7.79468e-06
-1.28516e-05
-7.28025e-06
-1.33724e-05
-5.99757e-06
-1.38694e-05
-4.26704e-06
-1.43136e-05
-2.34026e-06
-1.46899e-05
-4.06882e-07
-1.50414e-05
1.40535e-06
3.25963e-06
-1.53941e-05
-4.2738e-06
1.96649e-05
-6.63764e-06
4.08507e-06
-8.0043e-06
-3.15531e-06
-8.86719e-06
-6.19069e-06
-9.49276e-06
-7.16917e-06
-1.00118e-05
-6.76122e-06
-1.04818e-05
-5.52768e-06
-1.09016e-05
-3.84723e-06
-1.12552e-05
-1.98675e-06
-1.15337e-05
-1.28411e-07
-1.17648e-05
1.63648e-06
3.45412e-06
-1.19594e-05
-2.49195e-06
2.2157e-05
-4.20221e-06
5.79529e-06
-5.41928e-06
-1.93828e-06
-6.24199e-06
-5.36804e-06
-6.87447e-06
-6.53675e-06
-7.39574e-06
-6.24e-06
-7.83574e-06
-5.08772e-06
-8.1987e-06
-3.48431e-06
-8.47549e-06
-1.71e-06
-8.65826e-06
5.4329e-08
-8.76081e-06
1.73898e-06
3.47599e-06
-8.78271e-06
-8.89434e-07
2.30463e-05
-1.97685e-06
6.88264e-06
-3.00898e-06
-9.06239e-07
-3.78773e-06
-4.58938e-06
-4.43989e-06
-5.88465e-06
-4.98497e-06
-5.69499e-06
-5.42177e-06
-4.65097e-06
-5.75163e-06
-3.15449e-06
-5.9694e-06
-1.49226e-06
-6.06615e-06
1.51046e-07
-6.04407e-06
1.71685e-06
3.32721e-06
-5.89533e-06
6.30212e-07
2.24162e-05
1.36121e-07
7.37676e-06
-6.99367e-07
-7.08356e-08
-1.45692e-06
-3.83185e-06
-2.15982e-06
-5.18184e-06
-2.76093e-06
-5.09392e-06
-3.22656e-06
-4.18541e-06
-3.55045e-06
-2.83064e-06
-3.73041e-06
-1.31236e-06
-3.75658e-06
1.7719e-07
-3.62288e-06
1.58309e-06
3.02148e-06
-3.31719e-06
2.09088e-06
2.03253e-05
2.18371e-06
7.28378e-06
1.55748e-06
5.55336e-07
7.89971e-07
-3.06448e-06
-4.37541e-09
-4.38756e-06
-7.02653e-07
-4.39574e-06
-1.23357e-06
-3.65455e-06
-1.58165e-06
-2.48261e-06
-1.74773e-06
-1.14632e-06
-1.72267e-06
1.52068e-07
-1.49621e-06
1.35658e-06
2.5801e-06
-1.05488e-06
3.47269e-06
1.68519e-05
4.1826e-06
6.57412e-06
3.78847e-06
9.49024e-07
2.98324e-06
-2.25899e-06
2.05721e-06
-3.46182e-06
1.21776e-06
-3.55617e-06
5.81947e-07
-3.01894e-06
1.76392e-07
-2.07698e-06
-1.86782e-09
-9.68239e-07
5.299e-08
9.72912e-08
3.49691e-07
1.05982e-06
2.02908e-06
9.00655e-07
4.82529e-06
1.2026e-05
6.11789e-06
5.28119e-06
6.00375e-06
1.06289e-06
5.15696e-06
-1.41226e-06
4.07467e-06
-2.37969e-06
3.0556e-06
-2.53718e-06
2.27084e-06
-2.23429e-06
1.76672e-06
-1.57293e-06
1.54556e-06
-7.47182e-07
1.60771e-06
3.51603e-08
1.94928e-06
7.18243e-07
1.3977e-06
2.58061e-06
5.87597e-06
6.14899e-06
7.94645e-06
3.21018e-06
8.20567e-06
8.03039e-07
7.38045e-06
-5.87232e-07
6.16672e-06
-1.16628e-06
4.95005e-06
-1.32069e-06
3.96026e-06
-1.24477e-06
3.29369e-06
-9.06518e-07
2.9842e-06
-4.37932e-07
3.0266e-06
-7.20749e-09
3.38792e-06
3.56906e-07
7.14088e-07
4.0714e-06
6.14888e-06
9.35893e-06
1.01619e-05
9.57464e-06
8.40833e-06
7.0876e-06
5.8428e-06
4.93622e-06
4.4983e-06
4.49109e-06
4.84797e-06
5.56204e-06
-2.36564e-05
4.06221e-06
-2.46167e-05
5.90697e-06
-2.56944e-05
7.78705e-06
-2.67803e-05
9.55085e-06
-2.77042e-05
1.0929e-05
-2.82512e-05
1.1555e-05
-2.81718e-05
1.10665e-05
-2.71882e-05
9.16281e-06
-2.49828e-05
5.68359e-06
-2.11041e-05
6.49326e-07
-1.43778e-05
-6.4158e-06
-1.75992e-05
-1.96754e-05
4.68866e-06
-2.04063e-05
6.63785e-06
-2.11704e-05
8.55108e-06
-2.1862e-05
1.02425e-05
-2.23244e-05
1.13913e-05
-2.23546e-05
1.15852e-05
-2.16988e-05
1.04106e-05
-2.00418e-05
7.50577e-06
-1.69786e-05
2.62043e-06
-1.19036e-05
-4.42566e-06
-5.05439e-06
-1.3265e-05
-2.26535e-05
-1.58174e-05
5.11195e-06
-1.62637e-05
7.0842e-06
-1.66686e-05
8.95592e-06
-1.69397e-05
1.05136e-05
-1.69459e-05
1.13975e-05
-1.65186e-05
1.11578e-05
-1.54454e-05
9.3374e-06
-1.34757e-05
5.53601e-06
-1.04044e-05
-4.50859e-07
-6.28972e-06
-8.54029e-06
-2.10259e-06
-1.74521e-05
-2.4756e-05
-1.21509e-05
5.30344e-06
-1.2295e-05
7.22831e-06
-1.23379e-05
8.99882e-06
-1.22095e-05
1.03851e-05
-1.18176e-05
1.10056e-05
-1.10526e-05
1.03928e-05
-9.78851e-06
8.07334e-06
-7.91485e-06
3.66236e-06
-5.49665e-06
-2.86903e-06
-2.93414e-06
-1.11027e-05
-8.56395e-07
-1.95298e-05
-2.56124e-05
-8.73691e-06
5.2576e-06
-8.58608e-06
7.07746e-06
-8.29081e-06
8.70355e-06
-7.80934e-06
9.90365e-06
-7.0978e-06
1.0294e-05
-6.12003e-06
9.415e-06
-4.85334e-06
6.80666e-06
-3.32305e-06
2.1321e-06
-1.74136e-06
-4.45069e-06
-4.47587e-07
-1.23965e-05
3.59951e-07
-2.03372e-05
-2.52522e-05
-5.62254e-06
4.98478e-06
-5.19837e-06
6.65328e-06
-4.60053e-06
8.10571e-06
-3.81884e-06
9.12196e-06
-2.85993e-06
9.33511e-06
-1.76231e-06
8.31739e-06
-5.96562e-07
5.64093e-06
5.22471e-07
1.01308e-06
1.33586e-06
-5.26406e-06
1.63733e-06
-1.26979e-05
1.39691e-06
-2.00967e-05
-2.38553e-05
-2.83798e-06
4.50553e-06
-2.16903e-06
5.98432e-06
-1.30639e-06
7.24309e-06
-2.71457e-07
8.08701e-06
8.82471e-07
8.18124e-06
2.05025e-06
7.14961e-06
3.08896e-06
4.60227e-06
3.83665e-06
2.65418e-07
4.01819e-06
-5.44556e-06
3.51001e-06
-1.21897e-05
2.3789e-06
-1.89656e-05
-2.14762e-05
-3.95677e-07
3.84629e-06
4.87367e-07
5.10128e-06
1.58019e-06
6.15026e-06
2.83209e-06
6.83515e-06
4.15162e-06
6.8617e-06
5.3783e-06
5.92296e-06
6.31386e-06
3.66669e-06
6.77239e-06
-1.93093e-07
6.44968e-06
-5.12285e-06
5.2338e-06
-1.09738e-05
3.22485e-06
-1.69566e-05
-1.82514e-05
1.71111e-06
3.03581e-06
2.77888e-06
4.03349e-06
4.07285e-06
4.85632e-06
5.518e-06
5.38975e-06
6.99383e-06
5.38613e-06
8.29343e-06
4.62309e-06
9.17448e-06
2.7859e-06
9.43446e-06
-4.53192e-07
8.70672e-06
-4.39501e-06
6.83839e-06
-9.10525e-06
3.9512e-06
-1.40695e-05
-1.43001e-05
3.51417e-06
2.10221e-06
4.74125e-06
2.80643e-06
6.21413e-06
3.38329e-06
7.84136e-06
3.76239e-06
9.47914e-06
3.74835e-06
1.08798e-05
3.22237e-06
1.1758e-05
1.90774e-06
1.18996e-05
-5.94719e-07
1.0829e-05
-3.32432e-06
8.3261e-06
-6.60225e-06
4.52354e-06
-1.0267e-05
-9.77675e-06
5.10074e-06
1.07279e-06
6.46421e-06
1.4429e-06
8.09959e-06
1.74763e-06
9.90683e-06
1.95486e-06
1.17159e-05
1.93923e-06
1.32572e-05
1.681e-06
1.41705e-05
9.94508e-07
1.42216e-05
-6.45811e-07
1.27902e-05
-1.89287e-06
9.6592e-06
-3.47109e-06
4.99276e-06
-5.60066e-06
-4.78436e-06
6.63482e-06
8.07767e-06
9.82523e-06
1.17801e-05
1.37193e-05
1.54003e-05
1.63948e-05
1.5749e-05
1.38562e-05
1.03851e-05
4.78436e-06
-1.44724e-05
-3.50462e-07
-1.70957e-05
-4.82533e-06
-1.78764e-05
-7.22773e-06
-1.83267e-05
-8.6316e-06
-1.87505e-05
-8.94005e-06
-1.92906e-05
-8.35576e-06
-1.99438e-05
-7.10497e-06
-2.06381e-05
-5.35569e-06
-2.12902e-05
-3.33017e-06
-2.18385e-05
-1.25191e-06
-2.23537e-05
6.03333e-07
2.43186e-06
-2.28883e-05
-9.3358e-06
8.98487e-06
-1.28487e-05
-1.31253e-06
-1.41248e-05
-5.95176e-06
-1.48522e-05
-7.9043e-06
-1.5393e-05
-8.39927e-06
-1.59359e-05
-7.81293e-06
-1.6521e-05
-6.51983e-06
-1.71115e-05
-4.76526e-06
-1.76563e-05
-2.78539e-06
-1.81243e-05
-7.83901e-07
-1.85744e-05
1.05336e-06
2.90683e-06
-1.90494e-05
-6.40615e-06
1.53906e-05
-9.43913e-06
1.72031e-06
-1.08679e-05
-4.52307e-06
-1.17174e-05
-7.05489e-06
-1.23205e-05
-7.79621e-06
-1.28516e-05
-7.28179e-06
-1.33725e-05
-5.99898e-06
-1.38696e-05
-4.2682e-06
-1.43138e-05
-2.34114e-06
-1.46903e-05
-4.07493e-07
-1.5042e-05
1.40501e-06
3.25957e-06
-1.53948e-05
-4.27386e-06
1.96642e-05
-6.63775e-06
4.08411e-06
-8.00443e-06
-3.15647e-06
-8.86734e-06
-6.19205e-06
-9.49295e-06
-7.17065e-06
-1.00121e-05
-6.76271e-06
-1.04821e-05
-5.52901e-06
-1.0902e-05
-3.8483e-06
-1.12557e-05
-1.98751e-06
-1.15343e-05
-1.28887e-07
-1.17656e-05
1.63628e-06
3.45418e-06
-1.19602e-05
-2.49206e-06
2.21564e-05
-4.20238e-06
5.79439e-06
-5.4195e-06
-1.93939e-06
-6.24228e-06
-5.36932e-06
-6.87483e-06
-6.53814e-06
-7.39616e-06
-6.24139e-06
-7.83624e-06
-5.08896e-06
-8.19929e-06
-3.48528e-06
-8.4762e-06
-1.71064e-06
-8.65909e-06
5.39721e-08
-8.76175e-06
1.7389e-06
3.47616e-06
-8.78376e-06
-8.8959e-07
2.30457e-05
-1.9771e-06
6.88183e-06
-3.0093e-06
-9.07243e-07
-3.78815e-06
-4.59054e-06
-4.44042e-06
-5.88592e-06
-4.98558e-06
-5.69628e-06
-5.42247e-06
-4.6521e-06
-5.75244e-06
-3.15535e-06
-5.97032e-06
-1.49279e-06
-6.06718e-06
1.50799e-07
-6.04518e-06
1.71688e-06
3.32746e-06
-5.89653e-06
6.30016e-07
2.24158e-05
1.35808e-07
7.37608e-06
-6.99794e-07
-7.17239e-08
-1.45748e-06
-3.83285e-06
-2.16051e-06
-5.18296e-06
-2.76172e-06
-5.09508e-06
-3.22746e-06
-4.18642e-06
-3.55145e-06
-2.83137e-06
-3.73153e-06
-1.31278e-06
-3.75779e-06
1.77035e-07
-3.62415e-06
1.5832e-06
3.02181e-06
-3.31852e-06
2.09067e-06
2.0325e-05
2.18334e-06
7.28325e-06
1.55697e-06
5.5461e-07
7.89297e-07
-3.06531e-06
-5.20639e-09
-4.3885e-06
-7.03612e-07
-4.39675e-06
-1.23464e-06
-3.65543e-06
-1.58284e-06
-2.48323e-06
-1.74903e-06
-1.14663e-06
-1.72404e-06
1.5199e-07
-1.49762e-06
1.35675e-06
2.58046e-06
-1.05632e-06
3.47248e-06
1.68517e-05
4.1822e-06
6.5738e-06
3.78787e-06
9.48438e-07
2.98247e-06
-2.25959e-06
2.05626e-06
-3.46259e-06
1.21667e-06
-3.55698e-06
5.80719e-07
-3.0197e-06
1.75049e-07
-2.07746e-06
-3.32353e-09
-9.68458e-07
5.14784e-08
9.72762e-08
3.48174e-07
1.06003e-06
2.02949e-06
8.9914e-07
4.8251e-06
1.20259e-05
6.11747e-06
5.28106e-06
6.00312e-06
1.06249e-06
5.15614e-06
-1.41265e-06
4.07365e-06
-2.38023e-06
3.05442e-06
-2.53778e-06
2.26949e-06
-2.23488e-06
1.76525e-06
-1.57326e-06
1.54397e-06
-7.47313e-07
1.60609e-06
3.51794e-08
1.9477e-06
7.18465e-07
1.39801e-06
2.57903e-06
5.87581e-06
6.1488e-06
7.94604e-06
3.21023e-06
8.20508e-06
8.02775e-07
7.37966e-06
-5.87374e-07
6.16571e-06
-1.16655e-06
4.94884e-06
-1.32099e-06
3.95884e-06
-1.24511e-06
3.29212e-06
-9.06678e-07
2.98252e-06
-4.38003e-07
3.02491e-06
-7.1748e-09
3.38631e-06
3.57089e-07
7.14198e-07
4.06983e-06
6.14868e-06
9.35876e-06
1.01615e-05
9.57408e-06
8.40752e-06
7.08649e-06
5.84135e-06
4.93461e-06
4.49661e-06
4.48945e-06
4.84648e-06
5.5606e-06
-2.36568e-05
4.0621e-06
-2.46174e-05
5.9071e-06
-2.56953e-05
7.7874e-06
-2.67814e-05
9.55136e-06
-2.77055e-05
1.09296e-05
-2.82528e-05
1.15557e-05
-2.81736e-05
1.10673e-05
-2.719e-05
9.16374e-06
-2.49846e-05
5.68461e-06
-2.11057e-05
6.50347e-07
-1.4379e-05
-6.41502e-06
-1.75994e-05
-1.96761e-05
4.68871e-06
-2.04072e-05
6.63814e-06
-2.11714e-05
8.5516e-06
-2.18633e-05
1.02431e-05
-2.23259e-05
1.13922e-05
-2.23562e-05
1.1586e-05
-2.17005e-05
1.04115e-05
-2.00434e-05
7.50663e-06
-1.69799e-05
2.62122e-06
-1.19043e-05
-4.42508e-06
-5.05447e-06
-1.32647e-05
-2.26535e-05
-1.58182e-05
5.11213e-06
-1.62648e-05
7.08461e-06
-1.66698e-05
8.95657e-06
-1.69411e-05
1.05144e-05
-1.69474e-05
1.13985e-05
-1.65201e-05
1.11587e-05
-1.54469e-05
9.3383e-06
-1.34769e-05
5.53668e-06
-1.04053e-05
-4.50385e-07
-6.29011e-06
-8.54007e-06
-2.10256e-06
-1.74519e-05
-2.47556e-05
-1.21519e-05
5.30374e-06
-1.22961e-05
7.22881e-06
-1.23392e-05
8.99956e-06
-1.22108e-05
1.0386e-05
-1.1819e-05
1.10066e-05
-1.10539e-05
1.03937e-05
-9.78977e-06
8.07416e-06
-7.91587e-06
3.66282e-06
-5.49734e-06
-2.86882e-06
-2.93449e-06
-1.11028e-05
-8.56463e-07
-1.95297e-05
-2.56119e-05
-8.73805e-06
5.25798e-06
-8.58729e-06
7.07801e-06
-8.29208e-06
8.70431e-06
-7.81062e-06
9.90452e-06
-7.09909e-06
1.0295e-05
-6.12122e-06
9.41582e-06
-4.85442e-06
6.80739e-06
-3.32391e-06
2.13236e-06
-1.74199e-06
-4.45066e-06
-4.47992e-07
-1.23966e-05
3.59753e-07
-2.03372e-05
-2.52517e-05
-5.6238e-06
4.98523e-06
-5.19964e-06
6.65382e-06
-4.60182e-06
8.10646e-06
-3.82007e-06
9.12275e-06
-2.86112e-06
9.3361e-06
-1.76336e-06
8.31807e-06
-5.97506e-07
5.64155e-06
5.21717e-07
1.01316e-06
1.33527e-06
-5.26413e-06
1.63687e-06
-1.26981e-05
1.39667e-06
-2.00968e-05
-2.38549e-05
-2.83934e-06
4.506e-06
-2.17036e-06
5.98485e-06
-1.30768e-06
7.24375e-06
-2.72626e-07
8.08773e-06
8.81363e-07
8.18209e-06
2.04933e-06
7.15018e-06
3.08813e-06
4.60277e-06
3.83598e-06
2.65395e-07
4.01762e-06
-5.44568e-06
3.50954e-06
-1.21899e-05
2.37864e-06
-1.89656e-05
-2.14759e-05
-3.97122e-07
3.8468e-06
4.85991e-07
5.1017e-06
1.5789e-06
6.15085e-06
2.83098e-06
6.83562e-06
4.1506e-06
6.86252e-06
5.37749e-06
5.92328e-06
6.31313e-06
3.6672e-06
6.77181e-06
-1.9327e-07
6.44916e-06
-5.12298e-06
5.23334e-06
-1.0974e-05
3.22459e-06
-1.69568e-05
-1.82511e-05
1.70958e-06
3.03616e-06
2.77749e-06
4.03396e-06
4.07154e-06
4.85657e-06
5.517e-06
5.39042e-06
6.99284e-06
5.38641e-06
8.29278e-06
4.62367e-06
9.17379e-06
2.78597e-06
9.43399e-06
-4.53196e-07
8.70627e-06
-4.3952e-06
6.83791e-06
-9.10553e-06
3.951e-06
-1.40695e-05
-1.43002e-05
3.51262e-06
2.10244e-06
4.73981e-06
2.80673e-06
6.21287e-06
3.38345e-06
7.84039e-06
3.76291e-06
9.47828e-06
3.74849e-06
1.08792e-05
3.22281e-06
1.17575e-05
1.90773e-06
1.18992e-05
-5.94731e-07
1.08286e-05
-3.3245e-06
8.32567e-06
-6.60246e-06
4.52331e-06
-1.02671e-05
-9.77682e-06
5.09918e-06
1.07277e-06
6.46278e-06
1.44306e-06
8.09836e-06
1.7477e-06
9.90595e-06
1.95535e-06
1.17152e-05
1.9392e-06
1.32567e-05
1.68142e-06
1.41701e-05
9.94434e-07
1.42213e-05
-6.45687e-07
1.27899e-05
-1.89296e-06
9.65881e-06
-3.47122e-06
4.99255e-06
-5.60066e-06
-4.78413e-06
6.63337e-06
8.07638e-06
9.82409e-06
1.17794e-05
1.37187e-05
1.54001e-05
1.63946e-05
1.57489e-05
1.3856e-05
1.03848e-05
4.78413e-06
-1.44744e-05
-3.4994e-07
-1.70983e-05
-4.82367e-06
-1.78793e-05
-7.22568e-06
-1.83298e-05
-8.62936e-06
-1.87536e-05
-8.93764e-06
-1.92935e-05
-8.35319e-06
-1.99465e-05
-7.10233e-06
-2.06405e-05
-5.35309e-06
-2.12922e-05
-3.32777e-06
-2.18402e-05
-1.24985e-06
-2.23549e-05
6.05003e-07
2.43315e-06
-2.28889e-05
-9.3374e-06
8.98709e-06
-1.28509e-05
-1.31022e-06
-1.41272e-05
-5.94948e-06
-1.48547e-05
-7.90201e-06
-1.53955e-05
-8.39692e-06
-1.59382e-05
-7.81053e-06
-1.65231e-05
-6.51744e-06
-1.71132e-05
-4.76299e-06
-1.76577e-05
-2.78338e-06
-1.81253e-05
-7.82277e-07
-1.85749e-05
1.05456e-06
2.9076e-06
-1.90494e-05
-6.40742e-06
1.53942e-05
-9.4409e-06
1.72312e-06
-1.08698e-05
-4.52065e-06
-1.17193e-05
-7.05261e-06
-1.23223e-05
-7.79397e-06
-1.28533e-05
-7.27959e-06
-1.33739e-05
-5.99686e-06
-1.38706e-05
-4.26627e-06
-1.43145e-05
-2.33952e-06
-1.46905e-05
-4.06282e-07
-1.50418e-05
1.40577e-06
3.25988e-06
-1.53941e-05
-4.27476e-06
1.96686e-05
-6.63899e-06
4.08726e-06
-8.00575e-06
-3.154e-06
-8.86859e-06
-6.18984e-06
-9.49406e-06
-7.16858e-06
-1.0013e-05
-6.76073e-06
-1.04827e-05
-5.52717e-06
-1.09023e-05
-3.84669e-06
-1.12556e-05
-1.98625e-06
-1.15339e-05
-1.28045e-07
-1.17648e-05
1.63666e-06
3.4541e-06
-1.1959e-05
-2.49258e-06
2.21614e-05
-4.20308e-06
5.79771e-06
-5.42021e-06
-1.93692e-06
-6.24285e-06
-5.36726e-06
-6.87521e-06
-6.53628e-06
-7.39633e-06
-6.23965e-06
-7.83615e-06
-5.0874e-06
-8.1989e-06
-3.48398e-06
-8.47548e-06
-1.70971e-06
-8.65805e-06
5.44904e-08
-8.7604e-06
1.73896e-06
3.47577e-06
-8.78211e-06
-8.89729e-07
2.30509e-05
-1.97724e-06
6.88515e-06
-3.00938e-06
-9.04871e-07
-3.78804e-06
-4.58869e-06
-4.44009e-06
-5.8843e-06
-4.98504e-06
-5.69477e-06
-5.42168e-06
-4.65079e-06
-5.75137e-06
-3.15432e-06
-5.96897e-06
-1.49213e-06
-6.06557e-06
1.51054e-07
-6.04334e-06
1.71669e-06
3.32685e-06
-5.89447e-06
6.30252e-07
2.24208e-05
1.36206e-07
7.37922e-06
-6.99242e-07
-6.95094e-08
-1.4567e-06
-3.83127e-06
-2.15949e-06
-5.18159e-06
-2.7605e-06
-5.09381e-06
-3.22602e-06
-4.18535e-06
-3.54977e-06
-2.8306e-06
-3.7296e-06
-1.31237e-06
-3.75566e-06
1.77081e-07
-3.62186e-06
1.58283e-06
3.02105e-06
-3.31611e-06
2.09126e-06
2.03295e-05
2.18426e-06
7.28605e-06
1.55812e-06
5.56567e-07
7.90714e-07
-3.064e-06
-3.54007e-09
-4.38741e-06
-7.01749e-07
-4.39569e-06
-1.23259e-06
-3.65455e-06
-1.58059e-06
-2.48266e-06
-1.74657e-06
-1.14642e-06
-1.72144e-06
1.5189e-07
-1.49494e-06
1.35628e-06
2.57966e-06
-1.0536e-06
3.47338e-06
1.68554e-05
4.18359e-06
6.57606e-06
3.78959e-06
9.50139e-07
2.98447e-06
-2.25866e-06
2.05853e-06
-3.46172e-06
1.21911e-06
-3.55616e-06
5.83329e-07
-3.01897e-06
1.77821e-07
-2.07708e-06
-3.8808e-10
-9.68394e-07
5.45017e-08
9.70877e-08
3.51192e-07
1.05953e-06
2.02869e-06
9.02106e-07
4.8263e-06
1.20284e-05
6.11929e-06
5.28272e-06
6.00531e-06
1.06384e-06
5.15866e-06
-1.41211e-06
4.07644e-06
-2.37966e-06
3.05738e-06
-2.53719e-06
2.2726e-06
-2.23432e-06
1.76849e-06
-1.57303e-06
1.54734e-06
-7.47351e-07
1.60948e-06
3.49759e-08
1.951e-06
7.18006e-07
1.3974e-06
2.58223e-06
5.87711e-06
6.15014e-06
7.94825e-06
3.211e-06
8.20766e-06
8.03769e-07
7.38263e-06
-5.87293e-07
6.16892e-06
-1.16627e-06
4.95223e-06
-1.32068e-06
3.96242e-06
-1.24476e-06
3.29582e-06
-9.06597e-07
2.98629e-06
-4.38062e-07
3.02864e-06
-7.31695e-09
3.38986e-06
3.56767e-07
7.13918e-07
4.07321e-06
6.15002e-06
9.36088e-06
1.01646e-05
9.57725e-06
8.41095e-06
7.09021e-06
5.84542e-06
4.93877e-06
4.50072e-06
4.4934e-06
4.85013e-06
5.56403e-06
-2.36569e-05
4.06294e-06
-2.46168e-05
5.90742e-06
-2.56939e-05
7.78713e-06
-2.67793e-05
9.55043e-06
-2.77026e-05
1.09279e-05
-2.82491e-05
1.15532e-05
-2.81693e-05
1.10641e-05
-2.71856e-05
9.16023e-06
-2.49803e-05
5.68118e-06
-2.11021e-05
6.47466e-07
-1.43766e-05
-6.41678e-06
-1.7599e-05
-1.96755e-05
4.689e-06
-2.04059e-05
6.63787e-06
-2.11695e-05
8.5507e-06
-2.18607e-05
1.02416e-05
-2.23226e-05
1.13898e-05
-2.23525e-05
1.1583e-05
-2.16964e-05
1.0408e-05
-2.00394e-05
7.50321e-06
-1.69766e-05
2.61836e-06
-1.19022e-05
-4.42683e-06
-5.05385e-06
-1.32652e-05
-2.26527e-05
-1.58171e-05
5.11194e-06
-1.62631e-05
7.08384e-06
-1.66675e-05
8.95516e-06
-1.69383e-05
1.05123e-05
-1.69442e-05
1.13956e-05
-1.65166e-05
1.11554e-05
-1.54434e-05
9.33475e-06
-1.34738e-05
5.53361e-06
-1.04029e-05
-4.52533e-07
-6.28879e-06
-8.54088e-06
-2.10221e-06
-1.74516e-05
-2.47548e-05
-1.21503e-05
5.30315e-06
-1.22941e-05
7.22766e-06
-1.23368e-05
8.99777e-06
-1.22081e-05
1.03836e-05
-1.1816e-05
1.10035e-05
-1.10509e-05
1.03903e-05
-9.78691e-06
8.07076e-06
-7.91348e-06
3.66019e-06
-5.49563e-06
-2.87034e-06
-2.93347e-06
-1.1103e-05
-8.56025e-07
-1.9529e-05
-2.56108e-05
-8.7361e-06
5.25711e-06
-8.58507e-06
7.07661e-06
-8.28961e-06
8.70232e-06
-7.80802e-06
9.90204e-06
-7.09645e-06
1.0292e-05
-6.11873e-06
9.41259e-06
-4.8522e-06
6.80425e-06
-3.32215e-06
2.13018e-06
-1.74074e-06
-4.45171e-06
-4.47171e-07
-1.23965e-05
3.60192e-07
-2.03362e-05
-2.52503e-05
-5.62156e-06
4.98416e-06
-5.19728e-06
6.65232e-06
-4.59937e-06
8.10441e-06
-3.81766e-06
9.12035e-06
-2.85883e-06
9.33312e-06
-1.76137e-06
8.31515e-06
-5.95836e-07
5.63873e-06
5.22958e-07
1.01141e-06
1.33615e-06
-5.26489e-06
1.63751e-06
-1.26978e-05
1.39702e-06
-2.00957e-05
-2.38533e-05
-2.83686e-06
4.50487e-06
-2.1679e-06
5.98335e-06
-1.30528e-06
7.24182e-06
-2.70432e-07
8.08549e-06
8.83331e-07
8.17942e-06
2.05087e-06
7.1476e-06
3.08933e-06
4.60034e-06
3.83678e-06
2.63984e-07
4.01818e-06
-5.44622e-06
3.50995e-06
-1.21895e-05
2.37887e-06
-1.89645e-05
-2.14742e-05
-3.94434e-07
3.84567e-06
4.88538e-07
5.10038e-06
1.58124e-06
6.1491e-06
2.83298e-06
6.8338e-06
4.15227e-06
6.86013e-06
5.37866e-06
5.92126e-06
6.31393e-06
3.66506e-06
6.77223e-06
-1.94284e-07
6.4494e-06
-5.12339e-06
5.23352e-06
-1.09736e-05
3.22468e-06
-1.69556e-05
-1.82496e-05
1.71246e-06
3.03528e-06
2.78009e-06
4.03274e-06
4.07387e-06
4.85537e-06
5.51878e-06
5.38864e-06
6.99431e-06
5.38488e-06
8.29356e-06
4.62173e-06
9.17429e-06
2.78462e-06
9.43403e-06
-4.54147e-07
8.70618e-06
-4.3954e-06
6.83788e-06
-9.10507e-06
3.9509e-06
-1.40687e-05
-1.42985e-05
3.51565e-06
2.10181e-06
4.74253e-06
2.80588e-06
6.21515e-06
3.38258e-06
7.84207e-06
3.76159e-06
9.4795e-06
3.74746e-06
1.08798e-05
3.22142e-06
1.17576e-05
1.90683e-06
1.18989e-05
-5.95388e-07
1.08282e-05
-3.32456e-06
8.32538e-06
-6.60211e-06
4.5231e-06
-1.02664e-05
-9.77556e-06
5.10236e-06
1.07259e-06
6.46557e-06
1.4426e-06
8.10063e-06
1.74724e-06
9.9075e-06
1.95442e-06
1.17162e-05
1.93877e-06
1.3257e-05
1.68051e-06
1.41699e-05
9.94024e-07
1.42207e-05
-6.46135e-07
1.27892e-05
-1.89293e-06
9.65828e-06
-3.47099e-06
4.99219e-06
-5.60039e-06
-4.78363e-06
6.63661e-06
8.07916e-06
9.82633e-06
1.17808e-05
1.37195e-05
1.54e-05
1.63941e-05
1.5748e-05
1.3855e-05
1.03841e-05
4.78363e-06
-1.44726e-05
-3.49105e-07
-1.70963e-05
-4.82398e-06
-1.78773e-05
-7.22634e-06
-1.8328e-05
-8.62998e-06
-1.8752e-05
-8.93819e-06
-1.92923e-05
-8.35374e-06
-1.99456e-05
-7.103e-06
-2.06399e-05
-5.35398e-06
-2.12918e-05
-3.32897e-06
-2.18399e-05
-1.25142e-06
-2.23547e-05
6.02878e-07
2.43052e-06
-9.33606e-06
8.98652e-06
-1.28493e-05
-1.31088e-06
-1.41256e-05
-5.95009e-06
-1.48532e-05
-7.90245e-06
-1.53942e-05
-8.39722e-06
-1.59372e-05
-7.81079e-06
-1.65224e-05
-6.5178e-06
-1.71129e-05
-4.7636e-06
-1.76575e-05
-2.78432e-06
-1.81253e-05
-7.83641e-07
-1.85751e-05
1.0526e-06
2.90511e-06
-6.40644e-06
1.53926e-05
-9.43958e-06
1.72212e-06
-1.08685e-05
-4.52123e-06
-1.17181e-05
-7.0529e-06
-1.23213e-05
-7.79405e-06
-1.28525e-05
-7.27957e-06
-1.33734e-05
-5.99693e-06
-1.38704e-05
-4.26659e-06
-1.43146e-05
-2.34021e-06
-1.46908e-05
-4.0742e-07
-1.50423e-05
1.404e-06
3.25757e-06
-4.27406e-06
1.96663e-05
-6.63803e-06
4.08602e-06
-8.00478e-06
-3.15456e-06
-8.86773e-06
-6.19002e-06
-9.49336e-06
-7.16847e-06
-1.00125e-05
-6.76048e-06
-1.04825e-05
-5.52699e-06
-1.09023e-05
-3.84676e-06
-1.12559e-05
-1.98669e-06
-1.15344e-05
-1.28947e-07
-1.17655e-05
1.63513e-06
3.45197e-06
-2.49213e-06
2.21586e-05
-4.20247e-06
5.79632e-06
-5.41958e-06
-1.93748e-06
-6.24229e-06
-5.36733e-06
-6.87478e-06
-6.53601e-06
-7.39606e-06
-6.23923e-06
-7.83608e-06
-5.087e-06
-8.19904e-06
-3.48381e-06
-8.47586e-06
-1.70991e-06
-8.65868e-06
5.38313e-08
-8.76128e-06
1.73767e-06
3.47383e-06
-8.89529e-07
2.3048e-05
-1.97696e-06
6.8837e-06
-3.00907e-06
-9.0542e-07
-3.78778e-06
-4.5887e-06
-4.43991e-06
-5.88393e-06
-4.98495e-06
-5.69422e-06
-5.42174e-06
-4.65023e-06
-5.75162e-06
-3.15397e-06
-5.96943e-06
-1.49212e-06
-6.06627e-06
1.50627e-07
-6.04428e-06
1.71564e-06
3.32508e-06
6.30213e-07
2.24179e-05
1.36175e-07
7.37779e-06
-6.99264e-07
-7.00538e-08
-1.45672e-06
-3.83123e-06
-2.15954e-06
-5.18118e-06
-2.76058e-06
-5.0932e-06
-3.22618e-06
-4.18468e-06
-3.55007e-06
-2.83009e-06
-3.73009e-06
-1.31217e-06
-3.75637e-06
1.76871e-07
-3.62281e-06
1.58201e-06
3.01949e-06
2.09099e-06
2.03268e-05
2.18392e-06
7.28471e-06
1.55778e-06
5.56055e-07
7.90408e-07
-3.06397e-06
-3.81309e-09
-4.387e-06
-7.01984e-07
-4.39509e-06
-1.23284e-06
-3.65386e-06
-1.58091e-06
-2.48208e-06
-1.74704e-06
-1.14608e-06
-1.72211e-06
1.51862e-07
-1.49584e-06
1.3557e-06
2.5783e-06
3.47288e-06
1.68532e-05
4.18298e-06
6.57491e-06
3.78895e-06
9.49605e-07
2.98389e-06
-2.2586e-06
2.05803e-06
-3.4614e-06
1.21872e-06
-3.55562e-06
5.83006e-07
-3.01834e-06
1.775e-07
-2.07648e-06
-7.96894e-10
-9.67988e-07
5.39277e-08
9.72026e-08
3.50381e-07
1.0592e-06
2.02757e-06
4.82559e-06
1.20269e-05
6.1184e-06
5.28176e-06
6.00438e-06
1.06335e-06
5.1578e-06
-1.41204e-06
4.0757e-06
-2.37942e-06
3.05683e-06
-2.53677e-06
2.27221e-06
-2.2338e-06
1.76819e-06
-1.5725e-06
1.54702e-06
-7.46967e-07
1.60905e-06
3.51628e-08
1.95032e-06
7.17889e-07
1.39648e-06
5.87633e-06
6.14939e-06
7.94709e-06
3.21045e-06
8.20644e-06
8.0338e-07
7.38146e-06
-5.87159e-07
6.16792e-06
-1.16611e-06
4.95149e-06
-1.32039e-06
3.96192e-06
-1.24442e-06
3.29551e-06
-9.06232e-07
2.98606e-06
-4.37843e-07
3.02837e-06
-7.20228e-09
3.38935e-06
3.56683e-07
7.13149e-07
6.14928e-06
9.35959e-06
1.0163e-05
9.57575e-06
8.40964e-06
7.08921e-06
5.84478e-06
4.93847e-06
4.50062e-06
4.49337e-06
4.84994e-06
)
;

boundaryField
{
    rotor
    {
        type            calculated;
        value           uniform 0;
    }
    stator
    {
        type            calculated;
        value           uniform 0;
    }
    front
    {
        type            empty;
        value           nonuniform 0();
    }
    back
    {
        type            empty;
        value           nonuniform 0();
    }
}


// ************************************************************************* //
