/*--------------------------------*- C++ -*----------------------------------*\
| =========                 |                                                 |
| \\      /  F ield         | OpenFOAM: The Open Source CFD Toolbox           |
|  \\    /   O peration     | Version:  4.0                                   |
|   \\  /    A nd           | Web:      www.OpenFOAM.org                      |
|    \\/     M anipulation  |                                                 |
\*---------------------------------------------------------------------------*/
FoamFile
{
    version     2.0;
    format      ascii;
    class       volVectorField;
    location    "450";
    object      U;
}
// * * * * * * * * * * * * * * * * * * * * * * * * * * * * * * * * * * * * * //

dimensions      [0 1 -1 0 0 0 0];

internalField   nonuniform List<vector> 
3072
(
(0.291766 2.21733 0)
(0.312313 1.93378 0)
(0.395471 1.76623 1.41813e-19)
(0.505297 1.65441 7.00402e-19)
(0.621952 1.58318 -1.17261e-18)
(0.749587 1.53051 6.88754e-19)
(0.870325 1.62102 3.61369e-19)
(1.19698 1.71838 1.31824e-18)
(2.07283 1.42779 -4.72104e-19)
(2.89016 1.64406 1.04143e-18)
(3.12926 2.04142 8.69564e-19)
(3.40662 2.15505 7.58428e-19)
(-0.375202 2.74223 -2.67075e-19)
(-0.218338 2.37795 -6.21327e-19)
(0.0366755 2.33673 5.31518e-19)
(0.310052 2.33736 0)
(0.617137 2.4006 1.11701e-18)
(1.08005 2.39234 -1.45648e-18)
(1.92623 2.45829 0)
(2.64549 2.73473 0)
(2.98767 2.73132 0)
(3.12724 2.79381 8.26397e-19)
(3.15098 2.8106 -2.83671e-18)
(3.2448 2.79589 3.4488e-19)
(-0.34884 2.99328 1.75828e-19)
(-0.109632 2.70034 0)
(0.307078 2.73068 0)
(0.798317 2.7542 -3.7335e-18)
(1.45305 2.83827 1.39657e-18)
(2.18155 2.98484 -2.09815e-18)
(2.68393 3.00932 1.74575e-18)
(2.98404 2.99326 0)
(3.14412 2.86533 0)
(3.22972 2.76289 -1.00424e-18)
(3.27778 2.67681 -1.09324e-18)
(3.34897 2.59112 3.82718e-18)
(-0.309714 3.31996 -1.30227e-18)
(0.0811995 3.11823 -2.13746e-18)
(0.651012 3.21603 1.91717e-18)
(1.30629 3.28314 -1.85797e-18)
(1.96069 3.34526 3.6599e-18)
(2.47954 3.32365 -3.58086e-18)
(2.78597 3.20359 -2.12322e-18)
(2.96063 3.073 -6.68834e-18)
(3.07517 2.91418 -3.15066e-19)
(3.13869 2.79184 3.60703e-18)
(3.18456 2.68496 4.03864e-18)
(3.23971 2.58304 -3.20259e-18)
(-0.0937872 3.53624 0)
(0.35203 3.49125 1.24085e-18)
(0.956483 3.60032 -2.87836e-18)
(1.59399 3.6364 3.26587e-18)
(2.14284 3.58972 6.12891e-19)
(2.5062 3.45321 2.10616e-18)
(2.71965 3.27984 2.37172e-18)
(2.85537 3.10866 2.3955e-18)
(2.94383 2.94032 -5.11678e-18)
(3.00674 2.7917 4.31717e-18)
(3.0605 2.66068 -5.83254e-18)
(3.11647 2.53979 7.70655e-18)
(0.116608 3.73047 -4.65626e-18)
(0.599648 3.78355 1.78776e-18)
(1.16484 3.86873 5.2453e-18)
(1.71632 3.83983 0)
(2.14438 3.71077 -7.17433e-18)
(2.42071 3.5251 7.74678e-18)
(2.59781 3.32457 0)
(2.72008 3.13063 -5.84156e-18)
(2.81018 2.94753 4.96704e-18)
(2.88067 2.78293 0)
(2.94243 2.63614 2.85558e-19)
(3.0024 2.50246 4.51323e-18)
(0.331723 3.89565 0)
(0.798207 4.04089 -4.17704e-18)
(1.28676 4.07287 3.83665e-18)
(1.73089 3.98624 0)
(2.06709 3.80856 -4.43043e-18)
(2.29786 3.59272 7.17697e-19)
(2.46016 3.37079 6.26058e-18)
(2.58164 3.15855 5.79532e-18)
(2.67745 2.96113 -5.10356e-18)
(2.75677 2.782 5.06925e-18)
(2.82694 2.62071 -4.38642e-18)
(2.89284 2.47431 -1.2301e-17)
(0.535755 4.08025 0)
(0.940237 4.29056 3.37209e-18)
(1.33211 4.25342 -4.88008e-18)
(1.67989 4.12228 4.88166e-18)
(1.95401 3.91028 0)
(2.16043 3.66905 -6.35172e-18)
(2.31846 3.42642 6.30013e-18)
(2.44433 3.19559 1.2726e-19)
(2.54815 2.98156 -1.05759e-17)
(2.63642 2.78661 -4.97087e-18)
(2.71441 2.61041 -2.8009e-19)
(2.78603 2.45083 8.96549e-18)
(0.700841 4.25086 0)
(1.02873 4.52495 -3.77834e-18)
(1.31676 4.4105 -5.31185e-18)
(1.58518 4.23613 -3.81307e-18)
(1.81535 3.99497 7.76377e-18)
(2.00697 3.73148 0)
(2.16565 3.47006 0)
(2.29868 3.22225 0)
(2.41187 2.9928 0)
(2.50954 2.78356 4.98065e-18)
(2.59547 2.59428 -5.02744e-18)
(2.67302 2.42305 4.82023e-18)
(0.831601 4.50931 0)
(1.02367 4.71948 2.6616e-18)
(1.21253 4.49933 -6.07754e-19)
(1.43003 4.26532 4.40026e-18)
(1.63354 3.99746 4.39679e-18)
(1.81841 3.71948 -7.0711e-18)
(1.98251 3.44957 0)
(2.12634 3.19573 -2.16787e-19)
(2.25189 2.96109 -1.76964e-17)
(2.36149 2.74671 0)
(2.4575 2.55219 1.10746e-17)
(2.54286 2.37573 -5.19756e-18)
(0.981528 4.56431 0)
(0.933527 4.68594 3.11174e-18)
(1.01624 4.37622 9.11506e-18)
(1.19676 4.08477 -7.78994e-18)
(1.38855 3.81499 -1.09036e-17)
(1.57776 3.55174 1.72852e-17)
(1.75474 3.30142 -1.95884e-19)
(1.91507 3.06679 -6.81181e-18)
(2.05742 2.84839 5.58614e-18)
(2.18275 2.6468 -1.19312e-17)
(2.29212 2.46186 -1.65915e-17)
(2.38826 2.29211 1.68276e-17)
(0.400245 4.17953 -1.83984e-18)
(0.559522 4.10141 -1.22187e-17)
(0.684871 3.80064 2.35123e-18)
(0.877665 3.55651 0)
(1.09062 3.36594 0)
(1.30055 3.17743 3.59156e-19)
(1.49678 2.99136 1.84632e-17)
(1.67587 2.8101 1.14194e-17)
(1.83632 2.63486 0)
(1.9787 2.46794 1.08025e-17)
(2.10278 2.31048 0)
(2.21135 2.16207 4.96156e-19)
(3.65729 2.25013 3.74278e-20)
(3.88334 2.17233 -3.12594e-19)
(4.04224 2.09859 -3.61444e-19)
(4.12766 1.94445 -5.85693e-19)
(4.14382 1.80494 -2.9441e-19)
(4.09558 1.61118 0)
(3.97023 1.43173 0)
(3.76568 1.22867 8.04131e-19)
(3.48438 1.02962 -9.43179e-19)
(3.10245 0.787643 0)
(2.68136 0.377756 0)
(2.5361 -0.222762 -6.63612e-19)
(3.34232 2.77137 1.70173e-18)
(3.43575 2.72261 0)
(3.53055 2.63857 -8.8923e-19)
(3.62266 2.51544 5.20485e-19)
(3.7018 2.35664 3.00973e-19)
(3.7405 2.19624 2.67539e-18)
(3.73518 2.03934 -4.35372e-18)
(3.67775 1.89525 6.7843e-19)
(3.56692 1.78351 0)
(3.32576 1.67982 0)
(3.04987 1.53933 0)
(3.19069 1.02249 7.28024e-19)
(3.41646 2.50464 1.60592e-18)
(3.48838 2.41435 -4.36297e-18)
(3.55842 2.31988 1.21867e-18)
(3.61852 2.22138 2.94528e-18)
(3.65932 2.12503 -2.97334e-18)
(3.67561 2.03263 0)
(3.66145 1.95569 0)
(3.61797 1.90429 -2.37973e-19)
(3.55256 1.88174 1.09516e-18)
(3.41676 1.87371 0)
(3.19977 1.86306 0)
(3.41299 1.7432 -4.68599e-19)
(3.29307 2.48516 3.54719e-19)
(3.34804 2.38969 4.33434e-18)
(3.40166 2.29496 3.0578e-18)
(3.4507 2.20179 -3.03914e-18)
(3.49037 2.11479 0)
(3.51629 2.03973 1.75065e-18)
(3.52459 1.98451 0)
(3.51827 1.95865 2.50784e-18)
(3.49395 1.96272 -7.73558e-19)
(3.42655 2.02027 0)
(3.24913 2.10411 -5.51254e-19)
(3.54745 2.15334 6.60188e-19)
(3.1719 2.42715 -3.13065e-18)
(3.22802 2.32137 0)
(3.28303 2.22174 0)
(3.33449 2.12967 0)
(3.37976 2.04893 0)
(3.41732 1.98434 -3.16701e-18)
(3.44565 1.94448 -1.41965e-19)
(3.46413 1.9361 -1.41198e-18)
(3.47937 1.96849 0)
(3.47616 2.05734 -1.23386e-18)
(3.36105 2.20082 4.9219e-19)
(3.77426 2.39989 -1.68919e-19)
(3.06103 2.3798 -2.48494e-19)
(3.11933 2.26681 -7.37971e-18)
(3.17674 2.16301 3.46588e-18)
(3.23229 2.06959 3.16534e-21)
(3.28507 1.98951 2.26109e-19)
(3.33485 1.92719 4.90153e-18)
(3.3825 1.88883 -1.5628e-19)
(3.43005 1.88159 -5.43483e-18)
(3.47955 1.91634 -2.17722e-18)
(3.53342 2.01026 1.08984e-18)
(3.47924 2.1999 -1.34142e-18)
(3.93863 2.52098 -5.41507e-19)
(2.95609 2.34081 1.17406e-17)
(3.01798 2.21881 3.83627e-18)
(3.07898 2.10788 0)
(3.13935 2.00885 0)
(3.19968 1.92402 2.13022e-19)
(3.26126 1.85697 -3.54949e-18)
(3.32649 1.81288 5.53575e-18)
(3.39897 1.79854 -1.30124e-19)
(3.48221 1.82498 1.8574e-18)
(3.58256 1.91185 0)
(3.60346 2.10086 -2.41116e-19)
(4.09858 2.50847 -7.96774e-20)
(2.85339 2.30588 -4.29952e-18)
(2.91832 2.17389 -3.95472e-18)
(2.98212 2.05418 4.23699e-18)
(3.04612 1.94706 -3.95348e-18)
(3.11204 1.85403 8.40141e-22)
(3.18246 1.77763 7.77796e-18)
(3.26137 1.72162 -3.55169e-18)
(3.35448 1.69183 1.99604e-18)
(3.46763 1.69856 0)
(3.61296 1.76284 1.19728e-18)
(3.71064 1.93738 6.10587e-19)
(4.20414 2.3908 -9.19458e-19)
(2.74442 2.26782 4.67727e-18)
(2.81199 2.12649 -4.52929e-18)
(2.8777 1.99798 -4.22393e-18)
(2.94367 1.88191 -8.77548e-18)
(3.01248 1.77897 8.41254e-18)
(3.08773 1.69056 -8.03251e-18)
(3.17489 1.6186 0)
(3.28208 1.56718 -1.88994e-18)
(3.41841 1.54429 0)
(3.60311 1.57036 0)
(3.78072 1.7089 0)
(4.26228 2.13268 4.37964e-19)
(2.6196 2.2154 5.04458e-18)
(2.69047 2.06852 -1.01421e-17)
(2.75786 1.93391 9.87778e-18)
(2.8243 1.81058 9.45409e-18)
(2.89289 1.69837 4.5496e-18)
(2.96823 1.59762 0)
(3.05702 1.50807 0)
(3.1693 1.43125 4.35834e-18)
(3.31805 1.371 0)
(3.53268 1.34442 -1.21546e-18)
(3.77232 1.40814 7.92734e-19)
(4.24871 1.72301 -1.27084e-18)
(2.47242 2.13631 -1.10583e-17)
(2.54783 1.99122 1.02125e-17)
(2.61696 1.85621 -9.97512e-18)
(2.68254 1.7298 -2.50186e-17)
(2.74781 1.61149 -2.48397e-19)
(2.8178 1.50072 1.34824e-19)
(2.90071 1.39495 -4.74864e-18)
(3.0069 1.29243 -4.31701e-18)
(3.15334 1.19083 0)
(3.37774 1.10161 3.63535e-18)
(3.65022 1.03641 8.92965e-19)
(4.11866 1.02671 -1.78254e-18)
(2.30378 2.02286 -4.93486e-19)
(2.38381 1.88865 0)
(2.45361 1.76069 0)
(2.5157 1.63715 4.77887e-18)
(2.57394 1.5177 1.45588e-17)
(2.63311 1.40144 -4.74652e-18)
(2.70258 1.28424 -2.1988e-19)
(2.79078 1.16113 -2.41264e-18)
(2.91685 1.02228 -2.23382e-18)
(3.10853 0.869053 -2.24665e-18)
(3.3901 0.645772 0)
(3.7184 -0.0320407 2.32307e-18)
(2.21708 -0.292031 3.53485e-23)
(1.93363 -0.312415 0)
(1.76614 -0.395521 -1.41777e-19)
(1.65431 -0.505306 0)
(1.5831 -0.621965 -5.95817e-19)
(1.53042 -0.749556 6.87966e-19)
(1.62081 -0.870259 0)
(1.71836 -1.19671 9.72701e-19)
(1.4278 -2.07216 -3.96339e-19)
(1.64369 -2.89001 -8.32222e-20)
(2.04117 -3.12933 -8.48842e-19)
(2.15486 -3.4066 -7.58417e-19)
(2.7421 0.37513 -3.4094e-19)
(2.37791 0.218347 -1.91754e-19)
(2.3366 -0.036644 6.20306e-19)
(2.3372 -0.31001 0)
(2.40038 -0.617016 -1.11718e-18)
(2.39231 -1.07962 6.37684e-19)
(2.45798 -1.92573 0)
(2.7345 -2.64537 9.49947e-19)
(2.7312 -2.98775 -2.35108e-18)
(2.79364 -3.12741 1.97253e-18)
(2.81052 -3.15113 1.54073e-18)
(2.79582 -3.24488 -3.89429e-18)
(2.9932 0.348812 -1.75849e-19)
(2.70025 0.109698 0)
(2.73053 -0.306942 -1.67724e-18)
(2.75403 -0.798031 0)
(2.83799 -1.45262 0)
(2.98461 -2.1813 -8.21543e-19)
(3.00915 -2.68392 4.00445e-18)
(2.99315 -2.98418 -2.77529e-18)
(2.86527 -3.14425 9.56726e-19)
(2.7628 -3.2299 0)
(2.67674 -3.27793 2.67359e-18)
(2.59106 -3.34909 -1.62735e-18)
(3.31995 0.309833 8.45662e-19)
(3.11813 -0.081001 1.25535e-18)
(3.2159 -0.650733 1.40105e-18)
(3.28297 -1.30598 2.8184e-18)
(3.34509 -1.9605 -1.68963e-18)
(3.32357 -2.47957 -1.19842e-18)
(3.20354 -2.78612 0)
(3.07295 -2.96081 0)
(2.91413 -3.07534 2.1699e-18)
(2.79178 -3.13886 0)
(2.6849 -3.1847 5.02589e-19)
(2.58299 -3.23983 1.39545e-18)
(3.53626 0.0939332 1.29175e-18)
(3.4912 -0.3518 -9.95375e-19)
(3.60027 -0.956239 -2.87882e-18)
(3.63636 -1.59383 0)
(3.58972 -2.14284 0)
(3.45323 -2.50634 2.98068e-18)
(3.27983 -2.71982 0)
(3.10864 -2.85555 -5.7572e-18)
(2.94029 -2.94399 -2.45374e-18)
(2.79165 -3.00688 4.3176e-18)
(2.66063 -3.06062 -5.83303e-18)
(2.53974 -3.11657 3.65598e-18)
(3.73054 -0.116425 -2.62555e-18)
(3.78356 -0.599445 -1.5293e-18)
(3.86877 -1.16468 2.23992e-18)
(3.8399 -1.71626 3.94461e-19)
(3.71085 -2.14444 3.6197e-18)
(3.52515 -2.42084 -7.4172e-18)
(3.32458 -2.59796 6.78437e-18)
(3.13062 -2.72023 6.90056e-19)
(2.9475 -2.81032 0)
(2.78288 -2.88079 0)
(2.63609 -2.94253 8.79223e-18)
(2.50241 -3.00247 5.97823e-20)
(3.89573 -0.331592 -3.06106e-20)
(4.04094 -0.798067 -2.30832e-18)
(4.07297 -1.28666 0)
(3.98636 -1.73087 -4.52041e-18)
(3.80866 -2.06714 4.71973e-18)
(3.59278 -2.29797 1.12902e-17)
(3.37082 -2.46028 6.92345e-18)
(3.15854 -2.58176 8.86551e-19)
(2.96109 -2.67756 -1.07642e-17)
(2.78195 -2.75686 4.71204e-18)
(2.62065 -2.82702 5.04399e-18)
(2.47426 -2.89289 2.71963e-19)
(4.08032 -0.535653 2.19186e-19)
(4.29063 -0.940144 3.37185e-18)
(4.25353 -1.33205 0)
(4.1224 -1.67987 -4.88172e-18)
(3.91038 -1.95405 -3.55815e-18)
(3.66911 -2.1605 6.43707e-19)
(3.42644 -2.31854 -1.18978e-17)
(3.19558 -2.44441 4.29815e-19)
(2.98153 -2.54822 -2.75534e-19)
(2.78655 -2.63648 5.22537e-18)
(2.61035 -2.71446 -4.22093e-18)
(2.45077 -2.78607 2.24302e-19)
(4.25094 -0.700796 -3.42819e-18)
(4.52502 -1.02867 1.51169e-18)
(4.41061 -1.31671 -7.73104e-18)
(4.23624 -1.58516 3.81284e-18)
(3.99505 -1.81537 0)
(3.73154 -2.00701 0)
(3.47008 -2.1657 6.50437e-18)
(3.22224 -2.29874 1.19186e-17)
(2.99277 -2.41192 -5.45909e-18)
(2.78351 -2.50959 -4.9807e-18)
(2.59421 -2.59551 -4.78371e-18)
(2.42298 -2.67305 0)
(4.50937 -0.831603 7.20131e-20)
(4.71951 -1.02363 4.04709e-18)
(4.49939 -1.21249 9.1718e-18)
(4.26539 -1.43001 0)
(3.99752 -1.63354 7.67009e-18)
(3.71952 -1.81842 0)
(3.44958 -1.98254 3.38191e-19)
(3.19572 -2.12637 -5.70766e-18)
(2.96106 -2.25193 6.20133e-18)
(2.74666 -2.36152 0)
(2.55213 -2.45753 0)
(2.37567 -2.54289 -1.07266e-17)
(4.56432 -0.981543 -6.51591e-18)
(4.68594 -0.933499 3.11159e-18)
(4.37624 -1.01621 5.19916e-19)
(4.0848 -1.19673 -8.5931e-18)
(3.81502 -1.38853 -3.37075e-18)
(3.55176 -1.57775 -3.45551e-18)
(3.30143 -1.75475 -6.74001e-18)
(3.06678 -1.91509 -1.90601e-17)
(2.84836 -2.05745 -5.58584e-18)
(2.64676 -2.18278 -1.19307e-17)
(2.46181 -2.29214 1.16011e-17)
(2.29206 -2.38828 1.06807e-17)
(4.17954 -0.40026 3.52156e-18)
(4.10139 -0.559504 -1.401e-18)
(3.80064 -0.68485 3.52836e-19)
(3.55652 -0.877643 7.31847e-18)
(3.36595 -1.09061 0)
(3.17745 -1.30054 -6.63077e-18)
(2.99137 -1.49678 5.94532e-18)
(2.81009 -1.67588 5.30258e-18)
(2.63485 -1.83635 -1.72913e-17)
(2.46791 -1.97872 1.0802e-17)
(2.31045 -2.10281 -1.0595e-17)
(2.16203 -2.21138 0)
(2.25009 -3.65732 -3.79435e-19)
(2.17227 -3.88336 9.22177e-19)
(2.0986 -4.0423 -9.31342e-19)
(1.94445 -4.12772 -2.29517e-19)
(1.80496 -4.1439 -1.39532e-19)
(1.6112 -4.09565 8.24893e-20)
(1.43176 -3.97032 -1.2861e-19)
(1.2287 -3.76575 -3.22855e-19)
(1.02965 -3.48447 -9.43185e-19)
(0.787669 -3.10251 0)
(0.377794 -2.68141 0)
(-0.222666 -2.53617 -6.63578e-19)
(2.77129 -3.34243 -6.53347e-20)
(2.72257 -3.43583 2.18142e-18)
(2.63855 -3.53063 -8.89193e-19)
(2.51544 -3.62273 0)
(2.35666 -3.70187 1.7527e-18)
(2.19627 -3.74056 0)
(2.03936 -3.73524 1.30422e-18)
(1.89529 -3.6778 2.24214e-18)
(1.78355 -3.56697 -1.90516e-18)
(1.67986 -3.32578 0)
(1.53939 -3.04991 0)
(1.02261 -3.19071 -3.00612e-20)
(2.50459 -3.41657 1.15754e-18)
(2.41431 -3.48847 -1.08196e-18)
(2.31986 -3.55849 1.21872e-18)
(2.22137 -3.61858 0)
(2.12503 -3.65938 -1.30717e-18)
(2.03265 -3.67566 3.27647e-18)
(1.95571 -3.6615 -4.72908e-18)
(1.90433 -3.61801 -5.24302e-18)
(1.88179 -3.55259 3.0782e-18)
(1.87377 -3.41678 0)
(1.86313 -3.19977 6.12837e-19)
(1.7433 -3.41299 1.51985e-19)
(2.48512 -3.29317 1.33989e-18)
(2.38965 -3.34812 -3.02044e-18)
(2.29494 -3.40173 3.0579e-18)
(2.20178 -3.45075 -3.03921e-18)
(2.11479 -3.49041 0)
(2.03974 -3.51633 1.75062e-18)
(1.98454 -3.52462 1.17325e-18)
(1.95869 -3.5183 6.90286e-19)
(1.96277 -3.49397 -1.57053e-18)
(2.02034 -3.42657 0)
(2.1042 -3.24914 -3.54669e-19)
(2.15346 -3.54746 5.91993e-19)
(2.42711 -3.17198 3.50846e-18)
(2.32133 -3.22809 -1.8101e-18)
(2.22172 -3.28309 0)
(2.12966 -3.33453 0)
(2.04893 -3.37979 1.72874e-18)
(1.98435 -3.41734 -1.44763e-18)
(1.94451 -3.44567 -2.57804e-19)
(1.93614 -3.46414 0)
(1.96854 -3.47938 -8.37092e-19)
(2.05741 -3.47617 1.23374e-18)
(2.20091 -3.36105 -1.07775e-18)
(2.40001 -3.77426 -2.72281e-19)
(2.37976 -3.06109 -7.4532e-18)
(2.26677 -3.11938 3.55814e-18)
(2.16299 -3.17678 7.164e-18)
(2.06957 -3.23231 3.1646e-21)
(1.98951 -3.28509 -8.48611e-18)
(1.9272 -3.33486 -3.59043e-18)
(1.88885 -3.3825 -2.46457e-19)
(1.88162 -3.43005 0)
(1.9164 -3.47956 0)
(2.01033 -3.53342 -1.0898e-18)
(2.19999 -3.47924 -7.80748e-19)
(2.5211 -3.93863 2.37532e-19)
(2.34076 -2.95613 4.01201e-18)
(2.21877 -3.01802 -7.90275e-18)
(2.10785 -3.079 -3.50274e-18)
(2.00883 -3.13937 -2.02778e-19)
(1.92401 -3.19969 3.35442e-18)
(1.85698 -3.26126 3.30943e-18)
(1.8129 -3.32649 1.86606e-18)
(1.79858 -3.39897 1.81629e-18)
(1.82503 -3.4822 -2.0148e-18)
(1.91192 -3.58255 0)
(2.10095 -3.60345 1.25429e-18)
(2.50859 -4.09857 -3.60608e-19)
(2.30582 -2.85342 0)
(2.17384 -2.91834 3.95474e-18)
(2.05414 -2.98213 0)
(1.94703 -3.04612 -2.0183e-19)
(1.85402 -3.11203 8.4099e-22)
(1.77763 -3.18245 7.77779e-18)
(1.72163 -3.26136 -7.49396e-18)
(1.69186 -3.35446 0)
(1.69861 -3.46761 -2.1329e-18)
(1.7629 -3.61294 1.19724e-18)
(1.93746 -3.71063 -2.33562e-18)
(2.39091 -4.20413 1.1738e-18)
(2.26776 -2.74444 4.67725e-18)
(2.12644 -2.812 -4.52925e-18)
(1.99793 -2.8777 -4.58023e-18)
(1.88188 -2.94366 4.46794e-18)
(1.77895 -3.01246 4.20935e-18)
(1.69056 -3.08771 -1.23035e-17)
(1.61861 -3.17486 3.83207e-18)
(1.5672 -3.28205 0)
(1.54433 -3.41838 1.94471e-18)
(1.57041 -3.60309 0)
(1.70897 -3.7807 2.84856e-18)
(2.13279 -4.26226 -2.08215e-18)
(2.21534 -2.61961 0)
(2.06847 -2.69048 -1.01418e-17)
(1.93386 -2.75785 -5.26226e-18)
(1.81054 -2.82429 -9.16987e-18)
(1.69835 -2.89287 4.54944e-18)
(1.59761 -2.9682 4.28215e-18)
(1.50808 -3.05699 0)
(1.43127 -3.16926 0)
(1.37104 -3.31801 0)
(1.34447 -3.53264 0)
(1.4082 -3.77229 -7.9502e-19)
(1.72309 -4.24869 -1.03908e-19)
(2.13626 -2.47243 5.38836e-18)
(1.99116 -2.54783 4.94702e-18)
(1.85616 -2.61695 2.05291e-17)
(1.72977 -2.68252 5.26545e-18)
(1.61147 -2.74778 1.97453e-17)
(1.50071 -2.81777 -4.74722e-18)
(1.39495 -2.90067 -4.74837e-18)
(1.29245 -3.00686 0)
(1.19086 -3.15329 -4.48898e-18)
(1.10165 -3.37769 -2.41758e-18)
(1.03646 -3.65018 -1.83009e-18)
(1.02677 -4.11863 -1.10756e-25)
(2.02282 -2.3038 0)
(1.88861 -2.38382 0)
(1.76065 -2.45361 -2.04398e-17)
(1.63712 -2.51568 -1.48689e-17)
(1.51768 -2.57392 -4.69509e-18)
(1.40144 -2.63308 0)
(1.28424 -2.70253 4.71165e-18)
(1.16114 -2.79073 0)
(1.0223 -2.91679 -1.96207e-19)
(0.869084 -3.10847 2.2465e-18)
(0.645806 -3.39004 6.58765e-19)
(-0.0320202 -3.71835 4.59877e-18)
(-0.292137 -2.21709 1.16936e-19)
(-0.312533 -1.93366 1.83856e-19)
(-0.395636 -1.76622 -1.65643e-19)
(-0.505435 -1.65444 5.74153e-21)
(-0.622021 -1.58321 0)
(-0.749707 -1.53056 2.42171e-20)
(-0.870451 -1.62125 0)
(-1.19736 -1.71837 5.07744e-19)
(-2.07378 -1.42778 1.1638e-18)
(-2.89037 -1.6446 -3.08659e-20)
(-3.12914 -2.04182 7.75009e-19)
(-3.40666 -2.15535 7.80601e-19)
(0.374991 -2.74213 4.47633e-19)
(0.218198 -2.37802 -6.22115e-19)
(-0.03678 -2.33681 5.76606e-19)
(-0.310107 -2.33748 -9.21447e-21)
(-0.617264 -2.40085 -1.11917e-18)
(-1.08054 -2.39235 -2.03286e-19)
(-1.92686 -2.45865 -1.1003e-18)
(-2.64561 -2.73499 -1.4972e-18)
(-2.98754 -2.73141 2.17685e-18)
(-3.127 -2.794 -5.36665e-19)
(-3.15077 -2.81065 7.42406e-19)
(-3.2447 -2.79596 4.59417e-19)
(0.348572 -2.99322 -3.51933e-19)
(0.109406 -2.70036 0)
(-0.307274 -2.7307 0)
(-0.798614 -2.75427 -1.58891e-18)
(-1.4535 -2.83848 0)
(-2.18186 -2.98501 -1.27665e-18)
(-2.68393 -3.00942 6.69007e-19)
(-2.98386 -2.99329 2.4441e-18)
(-3.14394 -2.86531 -1.22006e-18)
(-3.22949 -2.76294 -1.77587e-18)
(-3.27758 -2.67685 -3.76743e-18)
(-3.34882 -2.59116 3.82764e-18)
(0.30948 -3.31994 -1.69238e-18)
(-0.0815042 -3.11822 -1.25646e-18)
(-0.651362 -3.21604 2.47385e-18)
(-1.30665 -3.28321 9.59484e-19)
(-1.96095 -3.34533 0)
(-2.47952 -3.32363 -4.4319e-18)
(-2.7858 -3.20355 3.22515e-18)
(-2.9604 -3.07296 0)
(-3.07495 -2.91415 3.21982e-18)
(-3.13846 -2.79185 -5.17751e-18)
(-3.18437 -2.68497 3.53547e-18)
(-3.23956 -2.58305 4.87651e-19)
(0.0935663 -3.53618 1.97077e-18)
(-0.352353 -3.49123 3.0449e-18)
(-0.956801 -3.6003 9.56517e-19)
(-1.59421 -3.63636 0)
(-2.14288 -3.58962 -2.71842e-18)
(-2.50606 -3.4531 4.52927e-18)
(-2.71944 -3.27975 0)
(-2.85515 -3.1086 -3.14347e-18)
(-2.94363 -2.94028 -2.93818e-18)
(-3.00655 -2.79168 4.31618e-18)
(-3.06034 -2.66067 0)
(-3.11635 -2.53979 -3.3103e-18)
(-0.116836 -3.73036 2.03084e-18)
(-0.599924 -3.7835 7.27928e-19)
(-1.16507 -3.86864 -2.23914e-18)
(-1.71643 -3.83969 -8.92409e-18)
(-2.14434 -3.71062 -3.08312e-19)
(-2.42057 -3.52497 7.74606e-18)
(-2.59764 -3.32446 0)
(-2.7199 -3.13056 8.82052e-18)
(-2.81002 -2.94748 -5.15135e-18)
(-2.88053 -2.7829 4.50925e-18)
(-2.94231 -2.63613 2.85473e-19)
(-3.0023 -2.50245 -5.97531e-20)
(-0.331916 -3.89556 -1.89869e-18)
(-0.798406 -4.04082 -1.48134e-18)
(-1.28691 -4.07274 0)
(-1.73095 -3.98608 9.7821e-18)
(-2.06704 -3.8084 -1.33092e-17)
(-2.29776 -3.59259 -2.20032e-19)
(-2.46003 -3.3707 -1.31802e-17)
(-2.58151 -3.15848 5.47232e-19)
(-2.67733 -2.96108 -5.10243e-18)
(-2.75666 -2.78198 -5.06813e-18)
(-2.82685 -2.62069 5.04262e-18)
(-2.89276 -2.4743 -4.16837e-18)
(-0.535897 -4.08016 -1.69192e-19)
(-0.940376 -4.29048 -1.82318e-18)
(-1.33221 -4.25327 0)
(-1.67992 -4.12212 4.88072e-18)
(-1.95398 -3.91013 3.34088e-18)
(-2.16035 -3.66892 2.98469e-18)
(-2.31835 -3.42633 -5.19506e-19)
(-2.44422 -3.19553 -1.27225e-19)
(-2.54805 -2.98152 -5.67528e-18)
(-2.63633 -2.78658 -6.10474e-19)
(-2.71433 -2.61039 2.37551e-19)
(-2.78596 -2.45082 0)
(-0.700935 -4.25078 2.13408e-18)
(-1.02881 -4.52487 0)
(-1.31682 -4.41038 0)
(-1.58519 -4.23598 -3.81273e-18)
(-1.81532 -3.99482 3.39679e-18)
(-2.00691 -3.73136 -7.04054e-18)
(-2.16557 -3.46996 0)
(-2.29859 -3.22218 5.83415e-18)
(-2.41178 -2.99275 -2.47573e-19)
(-2.50946 -2.78353 4.9798e-18)
(-2.5954 -2.59425 -5.22214e-18)
(-2.67296 -2.42303 1.00447e-17)
(-0.83163 -4.50924 4.37544e-18)
(-1.02372 -4.71942 -1.3859e-18)
(-1.21256 -4.49922 -4.89011e-18)
(-1.43004 -4.26519 -8.45093e-18)
(-1.63351 -3.99732 0)
(-1.81835 -3.71936 6.39766e-18)
(-1.98244 -3.44947 -1.29901e-17)
(-2.12626 -3.19565 5.78099e-18)
(-2.25182 -2.96103 6.20062e-18)
(-2.36142 -2.74666 0)
(-2.45743 -2.55215 -5.92358e-18)
(-2.54281 -2.3757 -9.99523e-18)
(-0.981548 -4.56429 -6.46361e-18)
(-0.933551 -4.68589 1.41534e-18)
(-1.01624 -4.37614 4.29741e-18)
(-1.19674 -4.08465 3.64248e-18)
(-1.38852 -3.81487 -5.00322e-20)
(-1.5777 -3.55162 -1.06923e-17)
(-1.75467 -3.30131 1.27934e-17)
(-1.915 -3.0667 2.50607e-17)
(-2.05735 -2.84831 -1.75714e-17)
(-2.18269 -2.64674 -1.19298e-17)
(-2.29205 -2.46181 1.09386e-17)
(-2.38821 -2.29207 0)
(-0.400217 -4.17949 5.43867e-18)
(-0.559498 -4.10135 1.85291e-18)
(-0.684853 -3.80056 1.99829e-18)
(-0.87764 -3.55641 7.87055e-18)
(-1.09059 -3.36583 0)
(-1.30049 -3.17732 6.27143e-18)
(-1.49671 -2.99126 -1.25166e-17)
(-1.6758 -2.81001 -5.54833e-18)
(-1.83626 -2.63478 -5.69051e-18)
(-1.97864 -2.46787 1.08016e-17)
(-2.10273 -2.31042 5.65988e-18)
(-2.21131 -2.16203 1.62736e-17)
(-3.65728 -2.25023 1.03252e-19)
(-3.88336 -2.17247 6.06575e-19)
(-4.0422 -2.09863 2.58297e-19)
(-4.12767 -1.94452 -5.92211e-19)
(-4.14376 -1.80494 1.54669e-19)
(-4.09559 -1.61121 0)
(-3.97019 -1.43172 -5.14771e-19)
(-3.76569 -1.22867 3.90205e-19)
(-3.48437 -1.0296 0)
(-3.10247 -0.787631 1.15849e-19)
(-2.68137 -0.377762 0)
(-2.53614 0.222708 0)
(-3.34219 -2.77145 -4.30312e-18)
(-3.43567 -2.72265 3.04183e-18)
(-3.53048 -2.63857 2.31977e-18)
(-3.62261 -2.51543 -9.80159e-19)
(-3.70175 -2.35663 0)
(-3.74046 -2.19623 0)
(-3.73514 -2.03932 1.48888e-18)
(-3.67772 -1.89523 -1.60473e-18)
(-3.5669 -1.78349 0)
(-3.32573 -1.67979 6.08761e-19)
(-3.04988 -1.53933 -3.80522e-20)
(-3.19069 -1.02256 -1.10217e-18)
(-3.41632 -2.50468 1.66007e-18)
(-3.48828 -2.41438 -2.84117e-18)
(-3.55833 -2.3199 0)
(-3.61844 -2.22139 -2.97704e-18)
(-3.65926 -2.12503 -3.04515e-18)
(-3.67557 -2.03263 6.48188e-18)
(-3.66142 -1.95567 -5.77384e-18)
(-3.61794 -1.90428 0)
(-3.55254 -1.88172 0)
(-3.41674 -1.87369 0)
(-3.19975 -1.86305 -5.3538e-19)
(-3.41296 -1.74321 1.64636e-19)
(-3.29294 -2.48517 -1.33961e-18)
(-3.34794 -2.38969 -3.98107e-19)
(-3.40158 -2.29496 0)
(-3.45064 -2.20178 -3.7596e-19)
(-3.49032 -2.11477 0)
(-3.51626 -2.03971 0)
(-3.52457 -1.98448 1.3332e-18)
(-3.51826 -1.95863 -1.59607e-18)
(-3.49394 -1.9627 1.73066e-18)
(-3.42654 -2.02025 0)
(-3.24913 -2.1041 -5.5128e-19)
(-3.54743 -2.15336 -6.60239e-19)
(-3.1718 -2.42715 7.30883e-18)
(-3.22794 -2.32136 -1.80968e-18)
(-3.28297 -2.22173 3.24366e-18)
(-3.33445 -2.12966 1.45559e-18)
(-3.37972 -2.04892 -4.91513e-18)
(-3.41729 -1.98432 0)
(-3.44563 -1.94445 -1.65783e-18)
(-3.46411 -1.93608 0)
(-3.47935 -1.96846 0)
(-3.47615 -2.05732 1.23378e-18)
(-3.36105 -2.20081 3.14893e-20)
(-3.77423 -2.39989 7.41143e-19)
(-3.06095 -2.3798 -3.47606e-18)
(-3.11927 -2.2668 -2.63563e-19)
(-3.1767 -2.16301 0)
(-3.23225 -2.06958 0)
(-3.28504 -1.9895 -5.37161e-18)
(-3.33482 -1.92717 3.36704e-18)
(-3.38248 -1.8888 3.42497e-18)
(-3.43003 -1.88156 1.78211e-18)
(-3.47954 -1.91631 -4.22263e-18)
(-3.53341 -2.01023 -1.08981e-18)
(-3.47924 -2.19988 0)
(-3.9386 -2.52098 8.45515e-19)
(-2.95603 -2.34081 -8.23919e-18)
(-3.01793 -2.21881 3.38147e-18)
(-3.07894 -2.10787 3.73415e-18)
(-3.13932 -2.00884 2.0436e-19)
(-3.19966 -1.924 -4.18279e-19)
(-3.26124 -1.85695 -3.74587e-18)
(-3.32647 -1.81286 -5.43234e-18)
(-3.39895 -1.79851 -1.94809e-18)
(-3.48219 -1.82494 1.85716e-18)
(-3.58255 -1.91182 0)
(-3.60346 -2.10084 2.12082e-18)
(-4.09855 -2.50846 -5.40201e-19)
(-2.85334 -2.30587 8.40321e-18)
(-2.91828 -2.17388 -4.56769e-18)
(-2.98208 -2.05417 -4.23614e-18)
(-3.04609 -1.94704 -7.70361e-18)
(-3.11201 -1.85402 7.53661e-18)
(-3.18243 -1.77761 -1.94803e-19)
(-3.26135 -1.72159 1.12514e-17)
(-3.35446 -1.6918 1.78604e-18)
(-3.46761 -1.69853 2.13265e-18)
(-3.61294 -1.7628 0)
(-3.71064 -1.93736 -1.45273e-18)
(-4.20412 -2.39078 -6.93682e-19)
(-2.74437 -2.26781 0)
(-2.81195 -2.12648 4.33812e-18)
(-2.87767 -1.99796 4.22309e-18)
(-2.94364 -1.8819 -4.30657e-18)
(-3.01245 -1.77895 -1.6467e-19)
(-3.0877 -1.69054 -4.27051e-18)
(-3.17486 -1.61858 -3.83146e-18)
(-3.28205 -1.56715 0)
(-3.41839 -1.54425 -1.94448e-18)
(-3.60309 -1.57032 -1.20705e-18)
(-3.78071 -1.70887 4.66067e-18)
(-4.26226 -2.13266 -9.97138e-19)
(-2.61955 -2.21538 0)
(-2.69043 -2.0685 0)
(-2.75782 -1.93389 0)
(-2.82427 -1.81056 -1.42962e-17)
(-2.89286 -1.69836 9.07304e-18)
(-2.9682 -1.5976 8.72087e-18)
(-3.05699 -1.50805 0)
(-3.16926 -1.43122 -4.35745e-18)
(-3.31802 -1.37097 0)
(-3.53265 -1.34438 -2.4827e-18)
(-3.7723 -1.4081 -7.94982e-19)
(-4.24869 -1.72297 -1.27088e-18)
(-2.47237 -2.13628 0)
(-2.54779 -1.99119 0)
(-2.61692 -1.85618 1.0553e-17)
(-2.6825 -1.72978 1.4733e-17)
(-2.74777 -1.61148 4.0757e-19)
(-2.81777 -1.50071 4.88132e-18)
(-2.90067 -1.39493 -2.32628e-18)
(-3.00687 -1.2924 6.53646e-18)
(-3.15331 -1.19079 4.48834e-18)
(-3.37771 -1.10157 2.25646e-18)
(-3.65019 -1.03637 -1.82998e-18)
(-4.11864 -1.02665 -1.95381e-18)
(-2.30374 -2.02282 0)
(-2.38378 -1.88861 0)
(-2.45357 -1.76066 -9.97947e-18)
(-2.51566 -1.63713 5.24943e-18)
(-2.57391 -1.51768 -4.69478e-18)
(-2.63308 -1.40142 -4.746e-18)
(-2.70255 -1.28422 4.93115e-18)
(-2.79075 -1.1611 0)
(-2.91681 -1.02224 -4.38914e-18)
(-3.1085 -0.869009 -2.33712e-18)
(-3.39006 -0.645715 2.26294e-18)
(-3.71837 0.0321099 -4.61874e-18)
(-2.21709 0.29203 1.16729e-19)
(-1.93363 0.312418 0)
(-1.76615 0.395519 0)
(-1.65433 0.505311 5.66753e-19)
(-1.58312 0.621948 -6.03373e-19)
(-1.53046 0.749564 0)
(-1.62095 0.870284 0)
(-1.71837 1.19691 5.07089e-19)
(-1.42778 2.07274 1.20762e-18)
(-1.64401 2.8902 1.18168e-18)
(-2.04144 3.12933 -7.37323e-20)
(-2.15507 3.40669 7.23545e-19)
(-2.74211 -0.375122 -6.21293e-19)
(-2.37793 -0.21833 0)
(-2.33664 0.0366637 0)
(-2.33726 0.310033 -9.09548e-19)
(-2.40049 0.617098 2.31538e-18)
(-2.39232 1.07993 -2.56426e-18)
(-2.4582 1.92612 9.12729e-19)
(-2.73467 2.64552 8.54266e-19)
(-2.7313 2.98775 -2.75929e-19)
(-2.79378 3.12734 8.26359e-19)
(-2.81059 3.15107 0)
(-2.7959 3.24487 -1.79595e-18)
(-2.99322 -0.348783 3.51696e-19)
(-2.70027 -0.109641 0)
(-2.73057 0.307031 0)
(-2.75409 0.798209 -9.33773e-19)
(-2.83813 1.45289 7.10314e-19)
(-2.98472 2.1815 -1.60443e-18)
(-3.00924 2.684 0)
(-2.99321 2.98416 -3.20757e-18)
(-2.8653 3.14423 3.90961e-18)
(-2.76286 3.22983 -1.00421e-18)
(-2.67681 3.27788 -2.65152e-18)
(-2.59113 3.34906 3.82703e-18)
(-3.31995 -0.30977 -8.45715e-19)
(-3.11815 0.0811086 1.2555e-18)
(-3.21593 0.650887 0)
(-3.28303 1.30617 9.59652e-19)
(-3.34515 1.96066 -6.5095e-19)
(-3.32359 2.47963 1.19846e-18)
(-3.20355 2.78611 0)
(-3.07296 2.96076 -2.41638e-18)
(-2.91415 3.07529 -5.38857e-18)
(-2.79182 3.1388 3.6069e-18)
(-2.68495 3.18465 3.53594e-18)
(-2.58304 3.23979 -6.89264e-18)
(-3.53625 -0.0938665 9.84669e-19)
(-3.4912 0.351916 -1.24076e-18)
(-3.60027 0.956381 2.8784e-18)
(-3.63635 1.59397 0)
(-3.5897 2.14292 -5.76203e-18)
(-3.4532 2.50635 5.40212e-18)
(-3.27982 2.71979 3.2182e-18)
(-3.10864 2.8555 2.39545e-18)
(-2.9403 2.94394 0)
(-2.79168 3.00683 0)
(-2.66066 3.06057 0)
(-2.53978 3.11654 -7.39824e-19)
(-3.7305 0.1165 5.25085e-18)
(-3.78354 0.599548 0)
(-3.86874 1.16479 -2.23963e-18)
(-3.83985 1.71635 4.6586e-18)
(-3.71079 2.14449 3.57621e-18)
(-3.5251 2.42084 -7.38313e-18)
(-3.32455 2.59793 3.46674e-18)
(-3.13061 2.72019 -1.21031e-17)
(-2.9475 2.81028 -1.85544e-19)
(-2.7829 2.88075 -4.42874e-19)
(-2.63612 2.94249 2.85547e-19)
(-2.50244 3.00244 1.17535e-17)
(-3.89569 0.331653 -6.80624e-18)
(-4.04091 0.798146 4.1771e-18)
(-4.07292 1.28675 -6.38293e-18)
(-3.98629 1.73095 -4.52001e-18)
(-3.80859 2.06719 -8.28122e-18)
(-3.59272 2.29798 -4.41563e-18)
(-3.37077 2.46026 -6.52903e-18)
(-3.15852 2.58173 1.08572e-17)
(-2.96109 2.67752 0)
(-2.78196 2.75683 9.49198e-18)
(-2.62067 2.82698 -1.33248e-17)
(-2.47428 2.89286 4.46152e-18)
(-4.08029 0.535699 -3.15046e-18)
(-4.2906 0.940206 -5.34209e-18)
(-4.25348 1.33212 7.5114e-18)
(-4.12233 1.67994 0)
(-3.91031 1.95408 -4.18234e-18)
(-3.66904 2.16051 6.35165e-18)
(-3.4264 2.31853 -3.21246e-19)
(-3.19555 2.44439 1.27263e-19)
(-2.98151 2.5482 -5.24368e-18)
(-2.78655 2.63645 -9.90034e-18)
(-2.61036 2.71443 4.43768e-18)
(-2.45079 2.78604 -4.4972e-18)
(-4.25091 0.700822 2.13424e-18)
(-4.525 1.02872 0)
(-4.41056 1.31676 0)
(-4.23618 1.5852 0)
(-3.99499 1.8154 3.39696e-18)
(-3.73147 2.00703 0)
(-3.47003 2.1657 -4.11961e-19)
(-3.2222 2.29873 1.15872e-17)
(-2.99274 2.4119 2.8245e-19)
(-2.7835 2.50956 4.98034e-18)
(-2.59422 2.59548 -5.02708e-18)
(-2.42299 2.67301 1.48656e-17)
(-4.50935 0.831621 7.20075e-20)
(-4.71951 1.02367 7.35416e-18)
(-4.49937 1.21253 -2.25121e-18)
(-4.26535 1.43005 0)
(-3.99747 1.63357 0)
(-3.71947 1.81844 0)
(-3.44954 1.98254 0)
(-3.19569 2.12637 6.04242e-18)
(-2.96104 2.25191 -2.32136e-17)
(-2.74665 2.3615 -1.14748e-17)
(-2.55213 2.4575 1.10736e-17)
(-2.37568 2.54285 5.92695e-18)
(-4.56433 0.981556 -6.46326e-18)
(-4.68594 0.933525 -4.30105e-18)
(-4.37623 1.01624 -2.56667e-18)
(-4.08478 1.19676 0)
(-3.81499 1.38857 0)
(-3.55173 1.57778 7.18386e-18)
(-3.3014 1.75476 -1.32835e-17)
(-3.06676 1.91509 2.52807e-17)
(-2.84835 2.05744 1.79129e-17)
(-2.64676 2.18277 1.12325e-17)
(-2.46181 2.29212 -1.09388e-17)
(-2.29207 2.38825 6.34566e-19)
(-4.17954 0.400274 -1.83978e-18)
(-4.10141 0.559528 0)
(-3.80065 0.68488 3.82548e-18)
(-3.55653 0.87768 -1.17006e-17)
(-3.36596 1.09065 1.05909e-17)
(-3.17745 1.30058 3.59138e-19)
(-2.99137 1.49681 5.94515e-18)
(-2.8101 1.6759 -5.54833e-18)
(-2.63485 1.83635 -2.83587e-17)
(-2.46792 1.97872 0)
(-2.31046 2.10279 0)
(-2.16205 2.21136 4.96116e-19)
(-2.25019 3.65737 -6.51959e-19)
(-2.17238 3.88342 -4.81229e-19)
(-2.09866 4.04233 -2.13787e-19)
(-1.94452 4.12776 -5.20243e-19)
(-1.805 4.14392 1.49099e-19)
(-1.61123 4.09569 8.24793e-20)
(-1.43178 3.97033 -5.14609e-19)
(-1.22871 3.76577 1.36656e-18)
(-1.02965 3.48447 -6.73746e-19)
(-0.787667 3.10252 -1.15842e-19)
(-0.377796 2.68142 0)
(0.222639 2.53618 0)
(-2.77139 3.3424 3.88564e-18)
(-2.72264 3.43582 -1.75273e-18)
(-2.6386 3.53063 -8.89204e-19)
(-2.51548 3.62274 0)
(-2.35669 3.70187 -1.45168e-18)
(-2.19629 3.74056 0)
(-2.03938 3.73524 -6.48874e-19)
(-1.8953 3.67781 1.60453e-18)
(-1.78356 3.56697 0)
(-1.67986 3.32577 1.45931e-18)
(-1.53939 3.04991 -1.72514e-18)
(-1.02264 3.19071 2.5268e-19)
(-2.50466 3.41654 1.60582e-18)
(-2.41437 3.48845 -4.36274e-18)
(-2.31991 3.55848 1.21859e-18)
(-2.22142 3.61857 0)
(-2.12507 3.65937 1.30704e-18)
(-2.03268 3.67566 3.2762e-18)
(-1.95573 3.66149 -4.47991e-18)
(-1.90435 3.618 2.04643e-18)
(-1.8818 3.55258 -8.87893e-19)
(-1.87378 3.41677 0)
(-1.86313 3.19976 0)
(-1.7433 3.41298 -1.51986e-19)
(-2.48517 3.29314 -3.15949e-18)
(-2.3897 3.3481 2.62495e-18)
(-2.29498 3.40171 3.0576e-18)
(-2.20182 3.45074 -1.66785e-18)
(-2.11482 3.4904 -3.09856e-18)
(-2.03977 3.51632 0)
(-1.98456 3.52462 1.60084e-19)
(-1.95871 3.5183 3.23043e-18)
(-1.96278 3.49397 -2.50418e-18)
(-2.02035 3.42656 9.93807e-19)
(-2.1042 3.24914 -5.64899e-20)
(-2.15347 3.54745 -5.91991e-19)
(-2.42715 3.17195 3.50809e-18)
(-2.32137 3.22806 -1.80992e-18)
(-2.22175 3.28307 3.24401e-18)
(-2.1297 3.33452 -1.73397e-18)
(-2.04896 3.37978 0)
(-1.98438 3.41733 0)
(-1.94453 3.44566 -1.40007e-18)
(-1.93616 3.46414 -3.47199e-18)
(-1.96855 3.47937 1.8564e-18)
(-2.05741 3.47616 1.23365e-18)
(-2.20091 3.36105 -1.07774e-18)
(-2.4 3.77424 0)
(-2.37979 3.06106 -2.48479e-19)
(-2.2668 3.11935 -7.37923e-18)
(-2.16302 3.17676 0)
(-2.0696 3.2323 3.38693e-18)
(-1.98954 3.28507 -3.35339e-18)
(-1.92723 3.33484 0)
(-1.88887 3.38249 -1.34666e-19)
(-1.88164 3.43004 -1.49156e-19)
(-1.91641 3.47954 0)
(-2.01034 3.53341 -2.37657e-18)
(-2.19999 3.47923 1.10124e-18)
(-2.52109 3.93861 -6.11833e-19)
(-2.34079 2.9561 -4.249e-18)
(-2.21879 3.01799 1.1511e-17)
(-2.10787 3.07897 0)
(-2.00886 3.13934 -3.64175e-18)
(-1.92403 3.19967 3.58012e-18)
(-1.857 3.26124 3.53278e-18)
(-1.81292 3.32647 -3.89961e-18)
(-1.79859 3.39895 -1.84241e-18)
(-1.82503 3.48218 0)
(-1.91192 3.58254 -1.50889e-18)
(-2.10095 3.60345 1.49538e-18)
(-2.50857 4.09856 0)
(-2.30584 2.85339 8.61846e-18)
(-2.17386 2.91831 -8.11557e-18)
(-2.05416 2.9821 8.29063e-18)
(-1.94705 3.04609 -7.90295e-18)
(-1.85404 3.11201 8.40834e-22)
(-1.77765 3.18242 3.7988e-18)
(-1.72165 3.26133 3.5513e-18)
(-1.69187 3.35444 0)
(-1.69862 3.4676 -2.13276e-18)
(-1.7629 3.61293 4.81778e-18)
(-1.93745 3.71062 -1.45266e-18)
(-2.39088 4.20412 0)
(-2.26778 2.7444 4.67687e-18)
(-2.12645 2.81197 1.78859e-19)
(-1.99795 2.87767 -4.2235e-18)
(-1.8819 2.94363 0)
(-1.77896 3.01243 0)
(-1.69057 3.08768 0)
(-1.61862 3.17483 0)
(-1.56721 3.28203 -4.15035e-18)
(-1.54433 3.41836 1.94458e-18)
(-1.57041 3.60307 2.82639e-19)
(-1.70896 3.78069 0)
(-2.13275 4.26225 0)
(-2.21535 2.61958 -5.04407e-18)
(-2.06848 2.69044 -1.48771e-17)
(-1.93387 2.75782 0)
(-1.81056 2.82425 4.95501e-18)
(-1.69836 2.89284 9.24757e-18)
(-1.59763 2.96817 0)
(-1.50809 3.05696 0)
(-1.43128 3.16923 1.79552e-18)
(-1.37104 3.31799 -6.49066e-18)
(-1.34446 3.53263 2.25379e-19)
(-1.40818 3.77228 0)
(-1.72305 4.24869 0)
(-2.13626 2.4724 -5.66905e-18)
(-1.99118 2.5478 -5.86054e-18)
(-1.85617 2.61691 1.05535e-17)
(-1.72978 2.68248 -1.47338e-17)
(-1.61148 2.74775 5.25504e-18)
(-1.50072 2.81773 9.62841e-18)
(-1.39496 2.90064 -2.42152e-18)
(-1.29245 3.00683 2.09588e-18)
(-1.19086 3.15327 4.21355e-18)
(-1.10164 3.37768 -4.67403e-18)
(-1.03644 3.65018 -1.83003e-18)
(-1.02672 4.11863 0)
(-2.02283 2.30377 -4.93442e-19)
(-1.88862 2.38379 1.01308e-17)
(-1.76066 2.45357 -9.97948e-18)
(-1.63713 2.51565 0)
(-1.51769 2.57388 -9.62608e-18)
(-1.40144 2.63304 -1.46855e-17)
(-1.28425 2.70251 -2.19852e-19)
(-1.16114 2.79071 0)
(-1.0223 2.91678 0)
(-0.869072 3.10847 1.1067e-18)
(-0.645782 3.39005 9.20743e-21)
(0.0320584 3.71836 2.32303e-18)
(0.138684 2.63924 5.65459e-19)
(0.230781 2.73538 2.27074e-18)
(0.42644 2.77698 1.25845e-19)
(0.635077 2.77098 0)
(0.851811 2.7328 5.52947e-18)
(1.06241 2.66102 -5.19804e-18)
(1.26201 2.56665 -1.54554e-17)
(1.44802 2.45833 -1.02991e-17)
(1.61837 2.34258 -6.8711e-21)
(1.77249 2.22454 -4.95913e-18)
(1.90774 2.1072 9.99901e-18)
(2.02649 1.99124 -9.59368e-18)
(0.168984 2.24914 0)
(0.297493 2.24055 0)
(0.43285 2.24936 -2.20554e-18)
(0.577727 2.24791 4.48969e-18)
(0.741775 2.23695 -1.11279e-17)
(0.916561 2.20824 -6.72964e-18)
(1.09464 2.16309 8.77775e-18)
(1.27023 2.10484 2.21541e-17)
(1.43784 2.03704 -4.44491e-18)
(1.59414 1.96321 0)
(1.73259 1.88521 2.44729e-19)
(1.85443 1.80314 0)
(0.133949 2.01224 -4.40739e-19)
(0.250546 1.98045 4.54768e-19)
(0.380304 1.95881 3.72469e-18)
(0.515572 1.93729 3.8666e-20)
(0.663825 1.91694 3.80109e-18)
(0.822561 1.89228 -6.58681e-20)
(0.987163 1.86171 0)
(1.153 1.82548 -3.90209e-18)
(1.31411 1.78374 -4.00978e-18)
(1.46544 1.73734 1.22786e-17)
(1.59717 1.68567 -1.22529e-17)
(1.70884 1.62801 8.42677e-18)
(0.100787 1.8052 -8.00277e-19)
(0.215538 1.77866 1.63366e-18)
(0.339396 1.75634 3.0458e-20)
(0.468955 1.73668 -3.37716e-18)
(0.610704 1.71972 -6.9418e-18)
(0.76417 1.70189 -4.96256e-20)
(0.92568 1.68046 -7.19666e-18)
(1.08995 1.65354 3.66094e-18)
(1.24912 1.61923 -3.70832e-18)
(1.39437 1.57659 -7.51315e-18)
(1.51143 1.52425 0)
(1.59386 1.46265 7.88378e-18)
(2.12407 1.87845 9.52823e-18)
(2.20498 1.76222 9.80537e-18)
(2.27091 1.64748 0)
(2.32412 1.53207 0)
(2.36985 1.41654 4.58728e-18)
(2.41299 1.30013 -4.48662e-18)
(2.46373 1.17824 2.1226e-18)
(2.52691 1.04459 6.48756e-18)
(2.61969 0.885691 0)
(2.73122 0.691204 0)
(2.92026 0.399727 5.81535e-19)
(2.77777 -0.242901 -1.51941e-18)
(1.94758 1.71905 -9.12096e-18)
(2.01902 1.62127 2.89064e-19)
(2.07085 1.52139 0)
(2.10629 1.41637 -4.31228e-18)
(2.13277 1.30809 -6.30566e-21)
(2.15609 1.19584 4.11505e-18)
(2.18759 1.07557 0)
(2.2298 0.940526 -4.02152e-18)
(2.29968 0.780918 0)
(2.3682 0.582001 -3.88841e-18)
(2.49502 0.346037 -1.87005e-18)
(2.41041 -0.0977782 -1.50437e-26)
(1.77747 1.56441 -2.4987e-19)
(1.82066 1.47599 -8.0726e-18)
(1.844 1.38687 0)
(1.85244 1.29108 7.97849e-18)
(1.85602 1.19169 3.83817e-18)
(1.8617 1.08708 1.05073e-21)
(1.8809 0.973522 -9.2145e-18)
(1.91394 0.84273 1.08089e-17)
(1.97664 0.689854 -1.76349e-18)
(2.03323 0.498084 7.86901e-18)
(2.13199 0.303178 2.48459e-18)
(2.10883 -0.00764204 -4.37704e-19)
(1.60161 1.3953 2.30698e-17)
(1.59049 1.30261 0)
(1.57526 1.22078 0)
(1.55557 1.13647 -7.02168e-18)
(1.54295 1.05296 -6.98659e-18)
(1.54361 0.965289 6.80666e-18)
(1.56611 0.868471 1.31979e-17)
(1.60821 0.751792 -6.45111e-18)
(1.67911 0.613218 3.20528e-18)
(1.74499 0.436104 -3.17529e-18)
(1.83237 0.260689 -1.54354e-18)
(1.8522 0.0279952 -3.92862e-19)
(2.63928 -0.138676 -1.13092e-18)
(2.73542 -0.230773 0)
(2.77702 -0.42643 1.25847e-19)
(2.77101 -0.635066 0)
(2.73282 -0.851803 0)
(2.66105 -1.06241 5.19784e-18)
(2.56667 -1.26201 0)
(2.45834 -1.44803 9.95811e-18)
(2.34258 -1.6184 9.81785e-18)
(2.22453 -1.77252 1.00561e-17)
(2.10718 -1.90778 -4.92469e-18)
(1.99122 -2.02653 -5.06012e-18)
(2.24917 -0.168979 -5.33385e-19)
(2.24058 -0.297481 -5.43541e-19)
(2.24939 -0.432834 -1.09396e-18)
(2.24794 -0.577712 0)
(2.23698 -0.741765 -2.22737e-18)
(2.20827 -0.916558 1.11861e-17)
(2.16312 -1.09465 0)
(2.10486 -1.27025 4.43878e-18)
(2.03705 -1.43788 -4.44472e-18)
(1.96322 -1.59418 -8.79325e-18)
(1.88521 -1.73264 -9.07137e-18)
(1.80313 -1.85447 8.84998e-18)
(2.01224 -0.133946 -8.85292e-19)
(1.98046 -0.250535 1.35962e-18)
(1.95882 -0.380287 -2.77924e-18)
(1.93731 -0.515556 1.89009e-18)
(1.91695 -0.663813 0)
(1.8923 -0.822559 -1.54596e-17)
(1.86173 -0.987172 0)
(1.8255 -1.15303 7.96111e-18)
(1.78376 -1.31415 -4.0492e-18)
(1.73735 -1.46549 8.21912e-18)
(1.68567 -1.59722 4.03476e-18)
(1.62801 -1.70889 -8.42645e-18)
(1.80519 -0.100788 1.19671e-18)
(1.77865 -0.21553 1.63364e-18)
(1.75633 -0.339381 0)
(1.73668 -0.468938 0)
(1.71973 -0.610692 0)
(1.7019 -0.764167 1.40843e-17)
(1.68047 -0.925689 7.19637e-18)
(1.65356 -1.08997 -1.09438e-17)
(1.61924 -1.24915 1.11544e-17)
(1.5766 -1.39441 -7.51284e-18)
(1.52426 -1.51148 0)
(1.46265 -1.5939 7.62035e-18)
(1.87842 -2.1241 -9.90096e-18)
(1.76219 -2.205 -9.80501e-18)
(1.64745 -2.27092 9.30957e-18)
(1.53204 -2.32411 -9.52483e-18)
(1.41653 -2.36982 0)
(1.30013 -2.41294 -9.13697e-18)
(1.17824 -2.46368 1.12568e-17)
(1.04461 -2.52685 -2.18244e-18)
(0.885714 -2.61963 4.25227e-18)
(0.691233 -2.73116 -1.08766e-18)
(0.399754 -2.92019 1.11123e-18)
(-0.242883 -2.77769 -7.88185e-19)
(1.71903 -1.94762 8.83196e-18)
(1.62125 -2.01904 8.75075e-18)
(1.52137 -2.07085 0)
(1.41636 -2.10628 4.15789e-18)
(1.30808 -2.13274 8.42587e-18)
(1.19584 -2.15605 3.99047e-18)
(1.07558 -2.18753 -1.61699e-17)
(0.940543 -2.22973 -4.0213e-18)
(0.780941 -2.29961 -3.94034e-18)
(0.582029 -2.36813 -9.70614e-19)
(0.346064 -2.49495 9.30821e-19)
(-0.0977541 -2.41033 5.15225e-19)
(1.5644 -1.77751 0)
(1.47598 -1.82068 -1.24142e-17)
(1.38687 -1.844 4.02184e-18)
(1.29107 -1.85242 4.04459e-18)
(1.19169 -1.85598 7.67787e-18)
(1.08709 -1.86165 -3.74438e-18)
(0.973536 -1.88083 9.08299e-18)
(0.84275 -1.91387 9.00422e-18)
(0.689878 -1.97657 1.74617e-18)
(0.498112 -2.03316 -1.74427e-18)
(0.303206 -2.13192 -4.16373e-19)
(-0.00761611 -2.10876 -3.91847e-21)
(1.3953 -1.60164 0)
(1.30261 -1.5905 -1.57568e-19)
(1.22078 -1.57526 0)
(1.13647 -1.55555 -1.41917e-17)
(1.05296 -1.54291 3.46024e-18)
(0.965299 -1.54356 -1.01918e-17)
(0.868487 -1.56606 0)
(0.751813 -1.60815 -6.45075e-18)
(0.613242 -1.67905 3.18451e-18)
(0.436131 -1.74493 -3.18026e-18)
(0.260717 -1.83231 -1.15707e-18)
(0.0280222 -1.85215 -3.92605e-19)
(-0.138648 -2.6392 -1.13087e-18)
(-0.230754 -2.73535 1.19369e-19)
(-0.426418 -2.77693 0)
(-0.63505 -2.77091 -2.59547e-18)
(-0.851774 -2.73271 5.46983e-18)
(-1.06237 -2.66094 -8.10782e-18)
(-1.26195 -2.56657 -2.14229e-19)
(-1.44796 -2.45825 1.01612e-17)
(-1.61832 -2.34251 -5.0113e-18)
(-1.77244 -2.22447 0)
(-1.9077 -2.10714 -1.96472e-17)
(-2.02646 -1.9912 3.61616e-19)
(-0.168948 -2.24909 1.0731e-18)
(-0.29746 -2.24051 -5.2444e-19)
(-0.432817 -2.24931 4.47617e-18)
(-0.577692 -2.24786 -8.90325e-18)
(-0.741737 -2.23689 4.48849e-18)
(-0.91652 -2.20818 -1.5727e-19)
(-1.0946 -2.16303 0)
(-1.27019 -2.10478 1.33843e-17)
(-1.43781 -2.03698 -4.44461e-18)
(-1.59411 -1.96316 0)
(-1.73257 -1.88517 8.82649e-18)
(-1.85441 -1.8031 -8.8498e-18)
(-0.133919 -2.01218 -4.39474e-19)
(-0.250515 -1.9804 2.46277e-20)
(-0.38027 -1.95876 -3.68217e-18)
(-0.515537 -1.93724 3.74523e-18)
(-0.663788 -1.91689 -3.80082e-18)
(-0.822526 -1.89224 1.15898e-17)
(-0.987131 -1.86167 1.17799e-17)
(-1.15298 -1.82544 -3.90183e-18)
(-1.3141 -1.78371 4.0618e-18)
(-1.46544 -1.73731 0)
(-1.59717 -1.68564 -8.32959e-18)
(-1.70885 -1.62799 0)
(-0.100762 -1.80513 -1.6005e-18)
(-0.215511 -1.77861 -3.24994e-18)
(-0.339367 -1.75629 3.33754e-18)
(-0.468923 -1.73664 -1.68994e-18)
(-0.610674 -1.71969 3.45464e-18)
(-0.764143 -1.70186 -1.22932e-17)
(-0.92566 -1.68044 -7.14745e-18)
(-1.08994 -1.65352 7.30702e-18)
(-1.24912 -1.61922 -1.11049e-17)
(-1.39439 -1.57658 0)
(-1.51146 -1.52425 7.60097e-18)
(-1.59389 -1.46265 -1.55037e-17)
(-2.12404 -1.87841 1.47668e-17)
(-2.20495 -1.76219 -4.81574e-18)
(-2.27088 -1.64745 0)
(-2.32409 -1.53204 -9.16187e-18)
(-2.36981 -1.41652 0)
(-2.41295 -1.30011 0)
(-2.46369 -1.17822 -4.356e-18)
(-2.52688 -1.04456 0)
(-2.61967 -0.885655 0)
(-2.73121 -0.691162 -4.45704e-20)
(-2.92024 -0.399673 2.24725e-18)
(-2.77774 0.242971 1.57637e-18)
(-1.94757 -1.71902 -8.83178e-18)
(-2.019 -1.62124 0)
(-2.07082 -1.52136 0)
(-2.10626 -1.41635 -4.31194e-18)
(-2.13274 -1.30807 4.20962e-18)
(-2.15606 -1.19582 0)
(-2.18757 -1.07555 -6.15741e-18)
(-2.22979 -0.940498 -1.98471e-18)
(-2.29968 -0.780881 0)
(-2.36822 -0.58196 -9.97997e-19)
(-2.49503 -0.345985 -2.32699e-18)
(-2.41042 0.0978438 -5.12702e-19)
(-1.77747 -1.56439 8.43382e-18)
(-1.82065 -1.47598 -4.10007e-18)
(-1.84399 -1.38686 -8.17127e-18)
(-1.85242 -1.29106 3.9349e-18)
(-1.856 -1.19167 -7.77244e-18)
(-1.86169 -1.08707 0)
(-1.8809 -0.973504 1.46339e-17)
(-1.91396 -0.842704 0)
(-1.97667 -0.689817 1.77613e-18)
(-2.03328 -0.498044 8.69257e-19)
(-2.13205 -0.303128 1.24623e-18)
(-2.10888 0.00770138 2.14979e-22)
(-1.60163 -1.39531 -7.58135e-18)
(-1.59049 -1.30262 0)
(-1.57526 -1.22079 7.19476e-18)
(-1.55557 -1.13648 -1.07232e-17)
(-1.54296 -1.05296 1.73081e-17)
(-1.54364 -0.965289 -6.80602e-18)
(-1.56616 -0.868461 -1.31967e-17)
(-1.60828 -0.75177 0)
(-1.6792 -0.613182 0)
(-1.74509 -0.436062 0)
(-1.83247 -0.260642 -1.54304e-18)
(-1.85229 -0.0279393 -1.18205e-18)
(-2.63927 0.138725 -5.31146e-20)
(-2.73543 0.230818 5.92002e-19)
(-2.77705 0.426474 0)
(-2.77105 0.635114 5.48078e-18)
(-2.73287 0.851851 -2.60549e-18)
(-2.66109 1.06246 -7.85967e-18)
(-2.56671 1.26205 -5.1711e-18)
(-2.45838 1.44806 5.08673e-18)
(-2.34261 1.61842 9.81758e-18)
(-2.22456 1.77253 1.00558e-17)
(-2.10721 1.90777 -9.99828e-18)
(-1.99125 2.02651 -9.59295e-18)
(-2.24918 0.169031 -1.6416e-26)
(-2.24061 0.297531 2.20647e-18)
(-2.24943 0.432886 4.47623e-18)
(-2.24799 0.577767 0)
(-2.23704 0.741821 4.48856e-18)
(-2.20833 0.916613 0)
(-2.16318 1.0947 4.43743e-18)
(-2.10493 1.27029 -4.59505e-21)
(-2.03711 1.4379 -1.34106e-17)
(-1.96327 1.59419 -8.79303e-18)
(-1.88526 1.73263 8.82641e-18)
(-1.80317 1.85445 9.11847e-18)
(-2.01229 0.134005 4.44514e-19)
(-1.98051 0.250598 -4.52406e-18)
(-1.95888 0.380352 -6.47791e-18)
(-1.93737 0.515623 -1.88243e-18)
(-1.91703 0.663879 -1.14651e-17)
(-1.89238 0.82262 5.83223e-18)
(-1.86181 0.987225 3.30386e-21)
(-1.82558 1.15307 3.96597e-18)
(-1.78384 1.31417 -1.14024e-19)
(-1.73742 1.46549 0)
(-1.68573 1.59721 0)
(-1.62806 1.70886 2.2477e-19)
(-1.80527 0.100849 4.0384e-19)
(-1.77874 0.215597 1.61635e-18)
(-1.75641 0.339453 3.30707e-18)
(-1.73676 0.469012 -3.40588e-18)
(-1.71981 0.610764 1.383e-17)
(-1.70198 0.764232 -7.0172e-18)
(-1.68054 0.925741 0)
(-1.65362 1.09 7.33071e-18)
(-1.6193 1.24916 7.39686e-18)
(-1.57665 1.3944 0)
(-1.5243 1.51144 0)
(-1.46268 1.59384 -2.31236e-17)
(-1.87845 2.12407 9.52747e-18)
(-1.76221 2.20497 -9.80454e-18)
(-1.64747 2.27088 -1.44371e-17)
(-1.53206 2.32407 -7.14286e-21)
(-1.41654 2.36979 9.30161e-18)
(-1.30013 2.41292 2.24295e-17)
(-1.17824 2.46366 4.35605e-18)
(-1.0446 2.52684 -4.44837e-18)
(-0.885703 2.61963 0)
(-0.691217 2.73118 -4.4574e-20)
(-0.399729 2.92022 0)
(0.24292 2.77772 -7.88194e-19)
(-1.71907 1.94759 0)
(-1.62127 2.01901 -2.89039e-19)
(-1.52139 2.07082 8.62817e-18)
(-1.41637 2.10624 -1.30593e-17)
(-1.30809 2.13271 -1.26118e-17)
(-1.19584 2.15603 -8.105e-18)
(-1.07558 2.18753 1.02235e-17)
(-0.940535 2.22974 5.96707e-18)
(-0.780925 2.29964 -3.94025e-18)
(-0.582008 2.36817 1.91946e-18)
(-0.346036 2.495 0)
(0.0977912 2.41038 0)
(-1.56444 1.77747 -8.43365e-18)
(-1.47601 1.82064 3.972e-18)
(-1.38689 1.84396 -4.14646e-18)
(-1.29108 1.85239 3.82116e-18)
(-1.19169 1.85596 1.14108e-17)
(-1.08709 1.86165 0)
(-0.973532 1.88085 1.39556e-19)
(-0.842738 1.91391 -3.56638e-18)
(-0.689858 1.97661 -3.005e-20)
(-0.498087 2.03322 -3.50209e-18)
(-0.303175 2.132 4.16373e-19)
(0.00764832 2.10883 -4.37467e-19)
(-1.39533 1.60158 -7.90605e-18)
(-1.30263 1.59045 0)
(-1.2208 1.57522 7.19482e-18)
(-1.13649 1.55553 -1.07234e-17)
(-1.05297 1.54291 3.47303e-18)
(-0.965306 1.54358 0)
(-0.868486 1.5661 9.80404e-20)
(-0.751802 1.60821 6.52093e-18)
(-0.613221 1.67913 3.18451e-18)
(-0.436103 1.74502 -5.16033e-21)
(-0.260685 1.8324 0)
(-0.0279936 1.85223 7.87467e-19)
(0.0858453 1.60172 1.09076e-18)
(0.199862 1.60088 2.24038e-20)
(0.327416 1.60317 -4.78822e-18)
(0.465394 1.60984 0)
(0.61784 1.61655 7.57023e-18)
(0.780164 1.61728 1.79567e-17)
(0.944427 1.60678 2.57477e-17)
(1.09985 1.58072 0)
(1.23322 1.53674 0)
(1.33036 1.47494 -5.18629e-18)
(1.3772 1.39906 5.13047e-18)
(1.36503 1.31655 -2.0527e-17)
(0.0821379 1.41992 -5.55363e-19)
(0.197035 1.43738 1.76742e-18)
(0.323647 1.4565 -6.13415e-18)
(0.461609 1.4781 0)
(0.61132 1.49572 1.04363e-17)
(0.766168 1.50238 -1.04389e-17)
(0.915988 1.49198 -5.22382e-18)
(1.04787 1.4603 7.55851e-21)
(1.14761 1.40615 -5.3405e-18)
(1.20292 1.33339 0)
(1.20469 1.25121 0)
(1.15361 1.17267 2.17232e-17)
(0.0891777 1.25009 0)
(0.202396 1.27642 -2.33735e-18)
(0.326039 1.30256 4.89389e-18)
(0.45948 1.32799 2.56541e-18)
(0.599948 1.34594 -1.59072e-17)
(0.738938 1.35002 8.11249e-18)
(0.865012 1.33506 -1.65317e-17)
(0.965106 1.29836 5.61409e-18)
(1.02717 1.24101 1.45382e-20)
(1.04354 1.16909 2.98057e-20)
(1.01211 1.09583 -3.11234e-17)
(0.947019 1.04297 -2.55288e-17)
(0.0998199 1.0862 0)
(0.208555 1.11365 4.69225e-18)
(0.325678 1.13879 0)
(0.449427 1.16017 1.02973e-17)
(0.57465 1.17177 0)
(0.691639 1.16848 5.63287e-18)
(0.788568 1.14654 2.31977e-17)
(0.853214 1.10442 -6.07649e-18)
(0.876047 1.04319 0)
(0.854658 0.966882 0)
(0.791035 0.885115 -8.08226e-18)
(0.722462 0.862954 7.92241e-18)
(1.28005 1.22501 -2.04776e-17)
(1.24136 1.11491 -5.02873e-18)
(1.21884 1.04938 2.47311e-17)
(1.2049 0.981638 -1.4357e-17)
(1.21351 0.917024 1.84327e-17)
(1.24532 0.845483 -1.78894e-17)
(1.30207 0.759941 -2.17031e-17)
(1.3781 0.650633 0)
(1.46741 0.516407 -4.12515e-18)
(1.54501 0.353513 0)
(1.61202 0.193398 0)
(1.6253 0.0188043 -1.05641e-18)
(1.02497 1.08236 0)
(0.990916 0.950221 0)
(0.978813 0.898129 -1.87018e-17)
(0.975956 0.845529 4.5173e-18)
(0.998625 0.794924 4.4001e-18)
(1.04412 0.736389 -5.41948e-20)
(1.11135 0.66316 1.04252e-17)
(1.19287 0.567566 6.20782e-18)
(1.27891 0.448896 0)
(1.3505 0.307935 0)
(1.40339 0.168935 -5.12224e-19)
(1.42073 0.0239966 2.65084e-18)
(0.778861 0.984322 0)
(0.771843 0.821412 -4.92741e-18)
(0.782662 0.778958 -1.39065e-17)
(0.794455 0.738812 1.77848e-17)
(0.828688 0.696179 1.72673e-17)
(0.881731 0.643444 4.18693e-18)
(0.9514 0.575653 -6.20727e-18)
(1.02991 0.487805 -6.09571e-18)
(1.10747 0.380657 8.15721e-18)
(1.1701 0.257789 0)
(1.21463 0.136916 5.16242e-19)
(1.2364 0.0137449 1.6135e-18)
(0.539713 0.890313 -3.28075e-17)
(0.574737 0.690993 -2.16756e-17)
(0.616686 0.664862 1.88507e-17)
(0.643729 0.640928 -2.21994e-17)
(0.685823 0.606778 4.36242e-18)
(0.74153 0.559366 0)
(0.808797 0.496637 -2.09616e-18)
(0.880556 0.416182 3.50853e-21)
(0.948531 0.320032 -6.10644e-18)
(1.00274 0.212677 0)
(1.04174 0.106631 -3.65232e-18)
(1.06598 -0.00127985 -4.85147e-18)
(1.60171 -0.0858502 -2.191e-18)
(1.60087 -0.199853 -2.284e-18)
(1.60316 -0.3274 0)
(1.60983 -0.465378 0)
(1.61654 -0.61783 7.68056e-18)
(1.61728 -0.780164 -7.63192e-18)
(1.60679 -0.944441 1.05341e-19)
(1.58072 -1.09988 1.5407e-17)
(1.53675 -1.23326 -5.05894e-18)
(1.47495 -1.33041 5.18596e-18)
(1.39906 -1.37725 -2.57787e-17)
(1.31655 -1.36506 0)
(1.4199 -0.0821467 1.66367e-18)
(1.43736 -0.197028 1.75696e-18)
(1.45648 -0.323633 -4.90806e-18)
(1.47808 -0.461595 -2.54928e-18)
(1.49571 -0.611312 -7.72803e-18)
(1.50237 -0.766171 0)
(1.49197 -0.916003 -1.5793e-17)
(1.4603 -1.04789 -5.33953e-18)
(1.40616 -1.14765 -1.06527e-17)
(1.3334 -1.20296 0)
(1.25122 -1.20473 2.17201e-17)
(1.17267 -1.15364 0)
(1.25006 -0.0891896 1.12305e-18)
(1.27639 -0.202389 -4.68825e-18)
(1.30253 -0.326027 4.89336e-18)
(1.32797 -0.459469 2.56512e-18)
(1.34592 -0.599943 -5.317e-18)
(1.35001 -0.738945 2.70983e-18)
(1.33506 -0.865031 0)
(1.29836 -0.965138 5.57099e-18)
(1.24101 -1.02721 5.76406e-18)
(1.1691 -1.04358 6.00158e-18)
(1.09584 -1.01215 -3.11216e-17)
(1.04298 -0.947043 0)
(1.08617 -0.0998347 -2.24367e-18)
(1.11362 -0.208549 7.02762e-18)
(1.13876 -0.325668 0)
(1.16015 -0.449419 -1.02961e-17)
(1.17175 -0.57465 0)
(1.16846 -0.69165 -5.63244e-18)
(1.14653 -0.788593 -5.81415e-18)
(1.10442 -0.853251 3.03494e-17)
(1.04319 -0.876091 1.04273e-20)
(0.96689 -0.854701 -7.10842e-18)
(0.885126 -0.791069 3.25961e-17)
(0.862963 -0.722479 -3.14708e-17)
(1.22501 -1.28007 0)
(1.11491 -1.24135 -1.01231e-17)
(1.04938 -1.21882 0)
(0.981642 -1.20486 4.71978e-18)
(0.917032 -1.21346 4.63275e-18)
(0.845498 -1.24526 2.23306e-17)
(0.759959 -1.30202 6.53783e-18)
(0.650656 -1.37804 -2.12081e-18)
(0.516433 -1.46735 4.16967e-18)
(0.353541 -1.54496 -3.41018e-20)
(0.193426 -1.61197 2.01783e-18)
(0.0188293 -1.62526 0)
(1.08236 -1.02498 5.38807e-18)
(0.950222 -0.990909 -9.90439e-18)
(0.898131 -0.97879 4.67173e-18)
(0.845536 -0.975922 0)
(0.794936 -0.998583 8.81351e-18)
(0.736405 -1.04408 -8.53125e-18)
(0.66318 -1.11131 -1.67333e-17)
(0.567589 -1.19282 0)
(0.44892 -1.27886 -4.05501e-18)
(0.307961 -1.35046 -3.81891e-20)
(0.16896 -1.40335 -5.12178e-19)
(0.0240183 -1.4207 5.32115e-19)
(0.984328 -0.778866 0)
(0.821418 -0.771832 -8.84057e-20)
(0.778966 -0.78264 -1.8517e-17)
(0.738824 -0.794424 1.77826e-17)
(0.696195 -0.828651 -8.59599e-18)
(0.643464 -0.88169 -4.20269e-18)
(0.575676 -0.951358 1.02989e-17)
(0.487829 -1.02987 8.19282e-18)
(0.380681 -1.10744 2.03599e-18)
(0.257813 -1.17007 4.06336e-18)
(0.136938 -1.21461 0)
(0.0137625 -1.23639 1.07522e-18)
(0.890325 -0.539712 -3.28055e-17)
(0.691004 -0.574724 1.60882e-17)
(0.664874 -0.616665 4.24913e-17)
(0.640944 -0.643701 -2.21964e-17)
(0.606797 -0.68579 -1.29288e-17)
(0.559389 -0.741495 -1.26316e-17)
(0.496661 -0.808763 -4.13014e-18)
(0.416206 -0.880526 -8.16644e-18)
(0.320055 -0.948505 0)
(0.212698 -1.00272 1.02367e-18)
(0.10665 -1.04173 -1.0429e-18)
(-0.00126621 -1.06597 -2.15565e-18)
(-0.0858304 -1.60167 2.18132e-18)
(-0.19984 -1.60084 2.28385e-18)
(-0.327391 -1.60313 -4.7875e-18)
(-0.465368 -1.6098 0)
(-0.617818 -1.61653 2.53372e-18)
(-0.78015 -1.61727 7.74223e-18)
(-0.944427 -1.60678 0)
(-1.09987 -1.58072 1.0343e-17)
(-1.23326 -1.53676 0)
(-1.33042 -1.47497 2.58659e-17)
(-1.37727 -1.39909 -1.03203e-17)
(-1.36509 -1.31659 2.56434e-17)
(-0.0821303 -1.41988 -5.55296e-19)
(-0.197018 -1.43735 2.9261e-18)
(-0.323627 -1.45647 -4.90779e-18)
(-0.461591 -1.47808 -7.71089e-18)
(-0.61131 -1.49571 -1.05848e-20)
(-0.766171 -1.50238 -1.3068e-17)
(-0.91601 -1.49199 -1.58927e-17)
(-1.04791 -1.46033 -1.58968e-17)
(-1.14768 -1.4062 -2.14412e-17)
(-1.20301 -1.33344 -2.15382e-17)
(-1.20478 -1.25127 0)
(-1.1537 -1.17274 0)
(-0.0891776 -1.25005 2.24594e-18)
(-0.202384 -1.27639 -3.50699e-18)
(-0.326026 -1.30254 6.12361e-18)
(-0.459473 -1.32798 -6.88287e-20)
(-0.599952 -1.34595 1.06606e-17)
(-0.738959 -1.35004 5.44296e-18)
(-0.865055 -1.33509 1.64669e-17)
(-0.965175 -1.29841 3.92717e-17)
(-1.02726 -1.24106 1.72501e-17)
(-1.04364 -1.16916 -2.39451e-17)
(-1.01222 -1.09591 0)
(-0.947123 -1.04306 0)
(-0.099827 -1.08617 -4.48702e-18)
(-0.208548 -1.11363 1.16846e-18)
(-0.325673 -1.13879 -1.22721e-18)
(-0.449431 -1.16018 1.28143e-17)
(-0.574668 -1.17179 -1.34907e-17)
(-0.691676 -1.16851 -5.55932e-18)
(-0.788629 -1.14658 1.63764e-20)
(-0.8533 -1.10448 6.11285e-18)
(-0.876152 -1.04325 -2.5893e-17)
(-0.854773 -0.966949 2.84593e-17)
(-0.791148 -0.885189 -3.25053e-17)
(-0.722568 -0.863049 0)
(-1.28009 -1.22505 -2.06144e-17)
(-1.24139 -1.11494 -5.0281e-18)
(-1.21888 -1.04941 4.93624e-18)
(-1.20496 -0.981668 -4.86016e-18)
(-1.21358 -0.917047 -4.5493e-18)
(-1.24541 -0.845497 -9.68261e-20)
(-1.30218 -0.75994 1.07893e-17)
(-1.37822 -0.650618 -2.12057e-18)
(-1.46752 -0.516379 0)
(-1.54513 -0.35348 0)
(-1.61213 -0.19336 2.01762e-18)
(-1.6254 -0.0187564 2.0978e-18)
(-1.02503 -1.08243 4.31327e-17)
(-0.99098 -0.950274 0)
(-0.978891 -0.898178 0)
(-0.976049 -0.845574 9.04157e-18)
(-0.998732 -0.794961 -4.42147e-18)
(-1.04424 -0.736413 4.24483e-18)
(-1.11148 -0.663168 0)
(-1.193 -0.567557 -6.21152e-18)
(-1.27903 -0.448873 -2.04248e-18)
(-1.35062 -0.307905 4.08613e-18)
(-1.40349 -0.168899 -2.56903e-18)
(-1.42082 -0.0239528 -5.27097e-19)
(-0.778929 -0.984414 -2.42005e-17)
(-0.771921 -0.821476 1.48023e-17)
(-0.782758 -0.779014 4.6116e-18)
(-0.794563 -0.738862 4.4358e-18)
(-0.828807 -0.696219 4.28651e-18)
(-0.881856 -0.643471 0)
(-0.951527 -0.575664 2.06209e-18)
(-1.03003 -0.4878 4.05449e-18)
(-1.10759 -0.380639 2.03578e-18)
(-1.17021 -0.257764 -4.06297e-18)
(-1.21473 -0.136885 2.05946e-18)
(-1.23649 -0.0137076 -1.07514e-18)
(-0.539775 -0.890421 3.28034e-17)
(-0.574817 -0.691058 -2.14756e-17)
(-0.616787 -0.664917 -4.7208e-18)
(-0.643839 -0.640977 5.93554e-22)
(-0.68594 -0.606817 -1.29272e-17)
(-0.741649 -0.559393 -4.19744e-18)
(-0.808916 -0.496648 1.23978e-17)
(-0.88067 -0.416179 0)
(-0.948635 -0.320018 8.18493e-18)
(-1.00283 -0.212656 0)
(-1.04182 -0.106606 -4.17159e-18)
(-1.06604 0.0013096 2.15549e-18)
(-1.6018 0.0859073 1.10959e-18)
(-1.60096 0.199917 0)
(-1.60323 0.327466 4.83576e-18)
(-1.60989 0.465441 4.9716e-18)
(-1.6166 0.617883 -1.01028e-17)
(-1.61732 0.780199 5.18925e-18)
(-1.60682 0.94445 1.03506e-17)
(-1.58074 1.09986 5.18698e-20)
(-1.53676 1.2332 5.20456e-18)
(-1.47495 1.33033 -1.54944e-17)
(-1.39907 1.37716 -5.13015e-18)
(-1.31656 1.36498 2.05258e-17)
(-1.41998 0.0821976 -1.6611e-18)
(-1.43743 0.197083 -5.84593e-19)
(-1.45654 0.323687 -4.86512e-18)
(-1.47812 0.461642 0)
(-1.49573 0.611344 -1.30284e-17)
(-1.50237 0.766179 -7.80782e-18)
(-1.49196 0.915982 1.00009e-19)
(-1.46028 1.04784 5.3131e-18)
(-1.40613 1.14757 -1.59929e-17)
(-1.33337 1.20286 2.15389e-17)
(-1.2512 1.20463 0)
(-1.17266 1.15356 2.17224e-17)
(-1.25013 0.0892314 -2.8048e-18)
(-1.27644 0.202432 5.87389e-19)
(-1.30257 0.326065 0)
(-1.32798 0.459496 -1.03093e-17)
(-1.34591 0.599951 1.32416e-17)
(-1.34998 0.738925 1.35369e-17)
(-1.33501 0.864982 -1.6467e-17)
(-1.29831 0.965061 -2.24739e-17)
(-1.24096 1.02711 -2.30926e-17)
(-1.16906 1.04347 2.99472e-17)
(-1.09581 1.01205 -6.20681e-18)
(-1.04296 0.946963 -5.10326e-17)
(-1.08622 0.0998661 3.92674e-18)
(-1.11365 0.208578 5.86464e-19)
(-1.13877 0.325689 0)
(-1.16014 0.449426 1.28138e-17)
(-1.17172 0.574635 -1.16082e-20)
(-1.16841 0.691607 -2.77037e-18)
(-1.14647 0.788522 0)
(-1.10436 0.853158 6.03337e-18)
(-1.04313 0.875986 1.94103e-17)
(-0.966843 0.854598 -3.42301e-20)
(-0.885091 0.790979 3.25076e-17)
(-0.862934 0.722416 6.32771e-17)
(-1.22502 1.28001 2.04764e-17)
(-1.11493 1.24132 5.02839e-18)
(-1.0494 1.21881 -4.93669e-18)
(-0.981661 1.20488 9.49486e-18)
(-0.917048 1.2135 0)
(-0.845506 1.24533 1.34457e-17)
(-0.759959 1.3021 -1.95345e-17)
(-0.650645 1.37814 -1.05363e-17)
(-0.516412 1.46745 0)
(-0.353516 1.54506 4.08361e-18)
(-0.193402 1.61206 0)
(-0.0188139 1.62533 -1.04654e-18)
(-1.08236 1.02493 0)
(-0.950234 0.990891 0)
(-0.898149 0.9788 0)
(-0.845555 0.975958 -4.52592e-18)
(-0.794951 0.998642 8.06013e-21)
(-0.736414 1.04416 -4.24537e-18)
(-0.663181 1.1114 8.33353e-18)
(-0.56758 1.19292 -8.26972e-18)
(-0.448904 1.27897 0)
(-0.307941 1.35056 3.07018e-18)
(-0.168944 1.40343 1.53873e-18)
(-0.0240139 1.42076 -5.32112e-19)
(-0.984312 0.778834 0)
(-0.82142 0.771831 1.48042e-17)
(-0.778976 0.782664 -8.65172e-21)
(-0.738836 0.794472 6.58887e-22)
(-0.696205 0.82872 4.30912e-18)
(-0.643468 0.881776 4.22812e-18)
(-0.575673 0.951456 6.19421e-18)
(-0.48782 1.02997 4.05496e-18)
(-0.380667 1.10754 2.036e-18)
(-0.2578 1.17016 -4.06335e-18)
(-0.136932 1.21468 -2.07192e-18)
(-0.0137694 1.23644 0)
(-0.890295 0.539701 8.05202e-18)
(-0.690997 0.574738 -5.21916e-18)
(-0.664877 0.6167 0)
(-0.640948 0.643755 0)
(-0.606799 0.685861 -4.29914e-18)
(-0.559386 0.74158 1.75826e-20)
(-0.496653 0.808856 -1.23995e-17)
(-0.416195 0.880621 0)
(-0.320044 0.948595 -8.18585e-18)
(-0.212691 1.0028 0)
(-0.106653 1.04179 -2.09433e-18)
(0.00124915 1.06601 0)
(0.109852 0.926119 -1.12404e-18)
(0.211538 0.949118 -4.65688e-18)
(0.318864 0.967514 0)
(0.428779 0.979599 -1.02192e-17)
(0.534369 0.98054 -2.70259e-18)
(0.625032 0.966821 -1.4417e-17)
(0.688539 0.935986 6.18709e-18)
(0.712349 0.886807 0)
(0.685004 0.818125 0)
(0.597749 0.728506 9.03394e-18)
(0.418996 0.595867 3.83687e-17)
(0.171891 0.457627 0)
(0.11686 0.770406 1.12382e-18)
(0.209321 0.785418 0)
(0.304331 0.793602 -9.68116e-18)
(0.397635 0.793543 2.53701e-18)
(0.481018 0.781845 -2.71153e-18)
(0.543198 0.756874 1.74761e-17)
(0.57147 0.717779 1.28083e-17)
(0.552419 0.664381 -7.29253e-18)
(0.471859 0.595714 0)
(0.316363 0.514582 0)
(0.037235 0.396578 0)
(-0.278962 0.372591 0)
(0.11964 0.620836 -1.13293e-18)
(0.201247 0.626067 -5.8148e-18)
(0.282299 0.622603 1.084e-17)
(0.357591 0.609679 0)
(0.418108 0.585601 0)
(0.452365 0.550935 -5.24104e-17)
(0.447848 0.507326 3.2351e-17)
(0.391917 0.45747 0)
(0.273077 0.404231 -9.13777e-18)
(0.087608 0.358672 2.45321e-17)
(-0.154536 0.316422 -2.08516e-17)
(-0.342706 0.340252 0)
(0.117848 0.479507 1.14674e-18)
(0.187597 0.474482 4.68445e-18)
(0.25394 0.459458 -9.6513e-18)
(0.311084 0.434485 7.58228e-18)
(0.349808 0.399799 -8.03492e-18)
(0.359134 0.358381 -5.7594e-18)
(0.327949 0.315033 -4.52641e-17)
(0.246705 0.276198 -7.48332e-18)
(0.111814 0.249109 9.16109e-18)
(-0.0644587 0.249501 4.76708e-17)
(-0.244756 0.27803 0)
(-0.364247 0.336039 0)
(0.111719 0.348392 0)
(0.16919 0.333513 0)
(0.220842 0.307928 9.75199e-18)
(0.260703 0.272541 -1.01599e-17)
(0.279923 0.229568 -1.34104e-17)
(0.268757 0.184361 5.50938e-17)
(0.218497 0.144881 1.29044e-17)
(0.123895 0.120766 3.72041e-17)
(-0.0100084 0.121604 0)
(-0.161948 0.161675 -4.60816e-17)
(-0.298909 0.232812 -7.14508e-17)
(-0.374972 0.305418 0)
(0.101796 0.22906 0)
(0.147057 0.205268 1.22204e-18)
(0.184612 0.1705 -1.25102e-18)
(0.208693 0.126559 2.57541e-18)
(0.211286 0.0774201 4.07858e-17)
(0.184402 0.0305022 -2.9212e-17)
(0.122143 -0.0036188 6.48841e-18)
(0.0232672 -0.0133284 -2.96835e-17)
(-0.100989 0.0110561 -8.90677e-18)
(-0.227932 0.0809752 1.14555e-17)
(-0.33385 0.180079 6.98284e-17)
(-0.366222 0.270112 0)
(0.0887728 0.122527 0)
(0.122232 0.0910459 1.28209e-18)
(0.146635 0.0485487 -1.30605e-18)
(0.156736 -0.00224939 0)
(0.145626 -0.056006 -2.52346e-17)
(0.10734 -0.103713 -2.96547e-18)
(0.0386431 -0.132926 -1.32035e-17)
(-0.0588679 -0.131151 -3.78038e-17)
(-0.170148 -0.0898905 3.63315e-17)
(-0.273917 0.000813519 0)
(-0.352784 0.120159 1.44983e-16)
(-0.345205 0.222997 0)
(0.0733593 0.0291934 0)
(0.0956063 -0.00865655 1.38878e-18)
(0.107957 -0.0575035 9.82623e-18)
(0.105897 -0.113799 2.86454e-18)
(0.0837183 -0.171234 2.09191e-17)
(0.0374844 -0.219852 -6.34124e-18)
(-0.033773 -0.245913 3.49332e-17)
(-0.126832 -0.23665 6.39672e-17)
(-0.223945 -0.185101 3.8817e-17)
(-0.305619 -0.080788 1.28849e-17)
(-0.358137 0.0547429 -1.96613e-17)
(-0.310764 0.171969 0)
(0.0561684 -0.0512358 0)
(0.0678163 -0.0941707 0)
(0.0691809 -0.148138 -1.28437e-17)
(0.0565774 -0.208907 0)
(0.0254412 -0.269695 1.44957e-20)
(-0.0261863 -0.319967 -7.1546e-18)
(-0.0974515 -0.345245 7.87352e-18)
(-0.184551 -0.332633 -3.61473e-17)
(-0.266794 -0.276533 -1.10026e-17)
(-0.326227 -0.16432 1.32731e-16)
(-0.351143 -0.0149994 -1.85645e-16)
(-0.2659 0.116351 2.94367e-16)
(0.0379703 -0.120008 0)
(0.0395986 -0.166914 8.34009e-18)
(0.0309073 -0.225 -1.66573e-17)
(0.00901543 -0.28954 4.20859e-18)
(-0.0296627 -0.353893 -4.36128e-17)
(-0.0850105 -0.406777 3.23106e-17)
(-0.154918 -0.43371 -3.89627e-17)
(-0.235363 -0.421434 1.0968e-17)
(-0.302095 -0.364882 -1.06547e-16)
(-0.338256 -0.248695 -1.26275e-16)
(-0.333992 -0.0870992 -3.01636e-17)
(-0.212076 0.0582857 -3.81994e-16)
(0.0206762 -0.180713 0)
(0.0129495 -0.230614 -4.37817e-17)
(-0.00499234 -0.292128 2.83854e-17)
(-0.0354163 -0.360002 0)
(-0.0812926 -0.428487 -6.79606e-18)
(-0.139773 -0.48443 -3.43034e-17)
(-0.209323 -0.51542 -5.69642e-17)
(-0.28087 -0.506002 -3.10347e-17)
(-0.331632 -0.449187 1.84953e-16)
(-0.341226 -0.331616 1.70334e-16)
(-0.301285 -0.168823 0)
(-0.158351 0.000397651 0)
(0.00768672 -0.240914 -1.943e-17)
(-0.00765104 -0.291445 -3.71216e-20)
(-0.0325695 -0.355215 0)
(-0.068507 -0.425081 1.4994e-17)
(-0.118463 -0.499027 -1.41076e-17)
(-0.176324 -0.555817 -1.34066e-16)
(-0.241014 -0.601485 4.49884e-16)
(-0.306633 -0.579433 0)
(-0.323075 -0.512657 -2.32618e-16)
(-0.305794 -0.402337 -2.68658e-16)
(-0.255914 -0.2421 -4.26252e-16)
(-0.107445 -0.0546505 1.6922e-15)
(0.274614 0.554772 8.53922e-17)
(0.4188 0.521518 2.49263e-17)
(0.473575 0.544173 -1.94056e-17)
(0.514663 0.545617 0)
(0.560858 0.523015 -2.17389e-17)
(0.616035 0.482129 -1.27524e-17)
(0.678555 0.425155 1.04051e-17)
(0.742429 0.352302 6.21102e-18)
(0.801143 0.266621 0)
(0.847729 0.172665 1.03441e-18)
(0.88188 0.0790959 3.14392e-18)
(0.905603 -0.0169742 2.16301e-18)
(0.31584 0.169906 1.39053e-16)
(0.328254 0.354245 -7.04491e-18)
(0.361814 0.428645 2.51893e-17)
(0.403401 0.453564 0)
(0.449503 0.444262 0)
(0.501731 0.411024 2.16325e-17)
(0.558525 0.360519 1.27464e-17)
(0.614564 0.295359 -1.04994e-17)
(0.664763 0.219444 2.09886e-18)
(0.704281 0.137166 9.46915e-18)
(0.733337 0.0545122 -1.0659e-18)
(0.753913 -0.0311839 1.0919e-18)
(0.343104 -0.020964 -1.41075e-16)
(0.263353 0.208124 0)
(0.274053 0.325194 0)
(0.306522 0.367204 0)
(0.348978 0.370577 0)
(0.396779 0.345602 2.23116e-17)
(0.447674 0.30209 -4.14058e-17)
(0.496462 0.244657 1.07715e-17)
(0.539048 0.177896 0)
(0.571892 0.10602 -8.57506e-18)
(0.595373 0.0333241 -3.79311e-18)
(0.610917 -0.0425309 -1.65692e-18)
(0.352537 -0.144527 1.22258e-16)
(0.209649 0.0946764 4.26852e-17)
(0.200201 0.234128 -2.86916e-17)
(0.220442 0.288037 2.01709e-17)
(0.257039 0.30194 0)
(0.300032 0.285358 4.65682e-18)
(0.345406 0.249187 1.57994e-17)
(0.387815 0.19952 -1.33367e-17)
(0.423748 0.141476 2.20747e-18)
(0.450371 0.0791528 -1.09971e-18)
(0.467964 0.0158515 5.54229e-18)
(0.477356 -0.0503077 0)
(0.345158 -0.22426 -3.45948e-19)
(0.159241 0.00617597 -3.77912e-17)
(0.13354 0.153456 3.12911e-17)
(0.141835 0.21572 -4.82309e-17)
(0.171881 0.237934 2.02154e-17)
(0.210653 0.229618 1.48639e-20)
(0.2513 0.201082 -2.36664e-18)
(0.288383 0.159262 2.32194e-17)
(0.318641 0.109655 -2.29622e-18)
(0.339646 0.0563681 0)
(0.35141 0.00216339 5.7128e-19)
(0.354265 -0.0543347 -2.891e-18)
(0.321737 -0.272765 -1.13393e-16)
(0.10788 -0.0647404 0)
(0.0697936 0.0807706 0)
(0.0677116 0.148719 2.91589e-17)
(0.092602 0.177996 -4.88412e-17)
(0.127983 0.177607 -2.6071e-17)
(0.165024 0.157026 2.52591e-18)
(0.197931 0.123201 -1.9666e-17)
(0.223537 0.0818886 2.42244e-18)
(0.239665 0.0373377 -1.19727e-18)
(0.246021 -0.00792647 1.79587e-18)
(0.242558 -0.0547983 -6.02486e-19)
(0.282301 -0.297491 -2.34778e-16)
(0.0537305 -0.122724 -1.1083e-16)
(0.00615841 0.0138888 1.57159e-17)
(-0.00365285 0.0853772 1.95216e-17)
(0.0181243 0.12103 4.78396e-17)
(0.0514378 0.128471 5.69213e-18)
(0.0862283 0.116228 -5.4858e-18)
(0.116185 0.0906495 0)
(0.138219 0.0576197 0)
(0.15032 0.0216349 8.99855e-18)
(0.15194 -0.0147849 1.27818e-18)
(0.142811 -0.0521152 2.54981e-18)
(0.224847 -0.301325 2.53735e-16)
(-0.0027767 -0.16941 -1.32448e-19)
(-0.0591519 -0.0487575 -7.34034e-17)
(-0.073221 0.0242358 -8.94304e-17)
(-0.052524 0.0656375 -2.72085e-17)
(-0.0195446 0.0811871 6.43511e-18)
(0.014457 0.0778102 -9.25983e-18)
(0.0427453 0.0608798 2.98374e-18)
(0.0623267 0.0362508 2.32167e-17)
(0.0713156 0.00876802 -2.41962e-17)
(0.0690301 -0.0188858 2.10994e-18)
(0.0551445 -0.0468159 -3.49275e-18)
(0.155248 -0.290514 -2.57472e-16)
(-0.061163 -0.20479 1.30157e-16)
(-0.127021 -0.107809 9.02551e-17)
(-0.141613 -0.0357746 -2.99333e-20)
(-0.12016 0.0105576 0)
(-0.0857401 0.0346097 3.10196e-17)
(-0.0510572 0.0407712 3.69797e-18)
(-0.0230879 0.0330573 -7.72096e-21)
(-0.00481594 0.0171146 -5.83939e-17)
(0.00198624 -0.00180916 1.3389e-17)
(-0.00330838 -0.0207603 0)
(-0.0208735 -0.0394572 3.24378e-18)
(0.0650596 -0.26387 7.53173e-16)
(-0.119803 -0.229177 0)
(-0.196977 -0.162919 1.53322e-17)
(-0.209746 -0.0952308 1.82957e-16)
(-0.186358 -0.0449894 1.01269e-16)
(-0.149162 -0.0123271 -2.57208e-20)
(-0.112276 0.0040227 -1.51973e-17)
(-0.0829541 0.0062276 4.33932e-17)
(-0.0646413 -0.000563223 3.6926e-17)
(-0.059066 -0.0108111 1.54626e-17)
(-0.0664897 -0.0210871 2.14141e-18)
(-0.0865046 -0.0307586 0)
(-0.0114978 -0.217509 -4.96825e-16)
(-0.183191 -0.240671 0)
(-0.265956 -0.213469 0)
(-0.279513 -0.154317 -1.62642e-16)
(-0.255171 -0.10209 -1.58071e-16)
(-0.21531 -0.0611899 -7.72077e-17)
(-0.17468 -0.0338664 -7.32116e-17)
(-0.141271 -0.0206503 -1.30219e-16)
(-0.120824 -0.0176822 -8.27876e-18)
(-0.115124 -0.0190974 -3.46758e-17)
(-0.123814 -0.0211718 3.63041e-18)
(-0.145136 -0.022414 0)
(-0.0499433 -0.152567 -6.94916e-16)
(-0.218952 -0.242278 0)
(-0.327749 -0.255206 0)
(-0.342051 -0.215103 3.96537e-17)
(-0.323184 -0.166292 -3.86825e-17)
(-0.287943 -0.11983 3.90016e-17)
(-0.245073 -0.079002 -4.21879e-17)
(-0.204486 -0.0506005 1.87404e-16)
(-0.180381 -0.0364545 0)
(-0.173478 -0.02903 -1.04374e-16)
(-0.182116 -0.0234675 -7.76816e-17)
(-0.204369 -0.017217 2.09189e-17)
(0.926089 -0.109869 -3.24339e-21)
(0.949088 -0.211534 -4.65639e-18)
(0.967487 -0.318856 0)
(0.979573 -0.428775 7.66521e-18)
(0.980519 -0.534373 1.35573e-17)
(0.966805 -0.625049 5.77925e-18)
(0.935976 -0.688568 6.18657e-18)
(0.886803 -0.71239 -2.66707e-17)
(0.818128 -0.685051 0)
(0.728517 -0.597794 -2.6954e-17)
(0.595885 -0.419029 3.80676e-17)
(0.457643 -0.1719 7.70974e-17)
(0.770377 -0.11688 2.24955e-18)
(0.78539 -0.209319 0)
(0.793577 -0.304325 9.68004e-18)
(0.79352 -0.397634 0)
(0.781825 -0.481027 6.27462e-21)
(0.756858 -0.543218 2.328e-17)
(0.717768 -0.571504 6.38706e-18)
(0.664375 -0.552463 -3.63548e-17)
(0.595714 -0.471907 0)
(0.514591 -0.316404 3.39218e-17)
(0.3966 -0.0372567 -5.4928e-17)
(0.372617 0.278978 0)
(0.620811 -0.119663 -1.13154e-18)
(0.626042 -0.201247 4.65368e-18)
(0.622582 -0.282297 -9.63147e-18)
(0.60966 -0.357594 1.26404e-17)
(0.585584 -0.41812 -5.38734e-18)
(0.55092 -0.452389 -1.45816e-17)
(0.507314 -0.447884 -3.87989e-17)
(0.45746 -0.391962 3.74054e-17)
(0.404226 -0.273122 0)
(0.358674 -0.0876414 -3.67064e-17)
(0.316438 0.154529 -2.08478e-17)
(0.34028 0.342736 0)
(0.479486 -0.117872 -5.7237e-19)
(0.474461 -0.1876 -5.26559e-18)
(0.459443 -0.25394 1.20921e-18)
(0.43447 -0.31109 -2.92838e-21)
(0.399786 -0.349823 -1.07328e-17)
(0.358368 -0.359161 0)
(0.31502 -0.327986 3.23443e-17)
(0.276185 -0.246748 -7.51639e-18)
(0.249097 -0.111853 0)
(0.249495 0.0644369 9.53712e-17)
(0.278038 0.244763 0)
(0.336067 0.364283 0)
(0.348375 -0.111745 -2.34445e-18)
(0.333498 -0.169195 0)
(0.307918 -0.220846 7.31883e-18)
(0.272531 -0.260711 -1.01425e-17)
(0.229559 -0.279941 1.90438e-20)
(0.18435 -0.268785 2.60972e-17)
(0.144867 -0.218533 -6.42598e-18)
(0.120748 -0.123935 -2.22813e-17)
(0.121586 0.00997699 8.9827e-18)
(0.161662 0.161937 -4.60527e-17)
(0.232815 0.298926 -3.57015e-17)
(0.305443 0.375013 2.55232e-17)
(0.22905 -0.101823 2.42531e-18)
(0.205259 -0.147065 0)
(0.170495 -0.184618 -9.98169e-18)
(0.126555 -0.208703 2.57508e-18)
(0.0774147 -0.211305 -2.72874e-18)
(0.030493 -0.184429 -2.92081e-17)
(-0.00363374 -0.122177 2.58931e-17)
(-0.0133489 -0.0233012 3.7117e-17)
(0.0110332 0.100966 0)
(0.0809576 0.22793 1.14807e-17)
(0.180077 0.333873 -1.74289e-17)
(0.270132 0.366263 0)
(0.122524 -0.0888009 6.38036e-19)
(0.0910426 -0.122241 -5.78566e-18)
(0.0485495 -0.146644 0)
(-0.00224822 -0.156747 0)
(-0.0560077 -0.145645 0)
(-0.10372 -0.107366 -5.974e-18)
(-0.132941 -0.0386738 -1.97906e-17)
(-0.131174 0.0588396 -3.02246e-17)
(-0.0899164 0.170132 9.08374e-18)
(0.000792877 0.273922 3.44936e-20)
(0.120154 0.352811 -1.63014e-16)
(0.223014 0.345244 -2.21656e-16)
(0.0291964 -0.0733867 2.7856e-18)
(-0.00865509 -0.0956161 6.95817e-18)
(-0.0574985 -0.107966 -1.40781e-18)
(-0.113793 -0.105908 2.86418e-18)
(-0.171232 -0.0837362 1.79385e-17)
(-0.219857 -0.0375076 2.23058e-17)
(-0.245927 0.0337469 -2.78917e-17)
(-0.236673 0.12681 7.19704e-17)
(-0.185128 0.223935 0)
(-0.0808111 0.305629 0)
(0.0547346 0.358167 1.39696e-16)
(0.17198 0.3108 3.04417e-17)
(-0.0512272 -0.0561928 -3.21625e-18)
(-0.0941664 -0.0678269 -1.59561e-18)
(-0.148131 -0.06919 1.60977e-18)
(-0.208898 -0.0565887 0)
(-0.269691 -0.0254572 -5.4199e-17)
(-0.31997 0.0261664 -3.5859e-17)
(-0.345258 0.0974306 3.14196e-17)
(-0.332656 0.184535 -3.61155e-17)
(-0.276562 0.266791 1.10864e-17)
(-0.164345 0.326242 1.47776e-17)
(-0.0150115 0.351173 -2.31613e-17)
(0.116357 0.26593 2.93881e-16)
(-0.119994 -0.0379896 -4.19729e-18)
(-0.16691 -0.0396097 0)
(-0.224992 -0.030914 -1.66554e-17)
(-0.289529 -0.00902538 4.2081e-18)
(-0.353887 0.0296498 2.61599e-17)
(-0.406779 0.0849948 -4.55688e-18)
(-0.433723 0.154903 -1.95071e-17)
(-0.421457 0.235354 7.66298e-17)
(-0.364912 0.302099 -9.32863e-17)
(-0.248724 0.338275 6.87121e-20)
(-0.0871156 0.334022 -3.01576e-17)
(0.0582856 0.2121 0)
(-0.180694 -0.0206912 5.48027e-18)
(-0.230613 -0.0129578 -2.37296e-17)
(-0.292121 0.00498929 5.32435e-17)
(-0.359991 0.03541 0)
(-0.428478 0.0812837 -6.79547e-18)
(-0.48443 0.139763 6.88949e-18)
(-0.515432 0.209315 4.25377e-17)
(-0.506026 0.280869 -2.32543e-16)
(-0.449219 0.331644 1.47792e-16)
(-0.331649 0.34125 0)
(-0.168844 0.301315 0)
(0.000393873 0.158372 0)
(-0.240889 -0.00769626 3.88577e-17)
(-0.291445 0.00764576 7.1298e-17)
(-0.355212 0.0325713 -1.30522e-16)
(-0.425071 0.0685061 1.49934e-17)
(-0.499017 0.11846 -2.81158e-17)
(-0.555817 0.176323 -6.71158e-17)
(-0.601494 0.241015 -5.29587e-17)
(-0.579463 0.306645 3.7259e-17)
(-0.512694 0.323097 -2.03594e-16)
(-0.402372 0.30582 -3.35579e-17)
(-0.242128 0.25594 0)
(-0.0546616 0.107463 -1.69192e-15)
(0.554784 -0.274604 8.53864e-17)
(0.521533 -0.418787 2.51402e-17)
(0.544188 -0.473556 -1.93321e-17)
(0.545637 -0.51464 -2.26548e-17)
(0.523038 -0.560831 2.17387e-17)
(0.482154 -0.616008 2.11909e-17)
(0.425181 -0.67853 -2.0877e-18)
(0.352326 -0.742408 -4.13405e-18)
(0.266643 -0.801127 2.06605e-18)
(0.172685 -0.84772 0)
(0.0791112 -0.881879 0)
(-0.0169644 -0.90561 -2.86909e-21)
(0.169914 -0.31583 0)
(0.354261 -0.328241 6.5669e-20)
(0.428664 -0.361798 0)
(0.453586 -0.403382 1.84165e-17)
(0.444287 -0.449482 -4.45315e-18)
(0.411052 -0.501711 8.66031e-18)
(0.360546 -0.558508 -2.33579e-17)
(0.295384 -0.614552 2.10359e-18)
(0.219465 -0.664758 0)
(0.137183 -0.704283 -8.41829e-18)
(0.0545246 -0.733345 0)
(-0.0311774 -0.753929 2.18166e-18)
(-0.0209542 -0.343094 0)
(0.208142 -0.263342 -3.89199e-17)
(0.325214 -0.27404 5.33985e-18)
(0.367228 -0.306508 0)
(0.370604 -0.348964 1.84366e-17)
(0.345631 -0.396767 4.45759e-18)
(0.302118 -0.447666 1.52352e-17)
(0.244682 -0.496459 -1.29208e-17)
(0.177916 -0.539052 2.14399e-18)
(0.106036 -0.571903 1.71588e-17)
(0.033334 -0.595392 4.33332e-18)
(-0.0425274 -0.610942 -1.10368e-18)
(-0.144516 -0.352527 -1.22259e-16)
(0.0946947 -0.209641 0)
(0.23415 -0.200191 0)
(0.288063 -0.220433 2.5206e-17)
(0.301969 -0.257031 -2.40553e-17)
(0.285388 -0.300027 4.63634e-18)
(0.249215 -0.345406 -4.52016e-18)
(0.199545 -0.387821 8.88864e-18)
(0.141495 -0.423761 8.8225e-18)
(0.0791669 -0.450391 6.53839e-21)
(0.0158592 -0.467991 -4.43164e-18)
(-0.0503068 -0.477389 1.12538e-18)
(-0.22425 -0.345149 1.14537e-16)
(0.00619453 -0.159236 0)
(0.153477 -0.133533 6.25492e-18)
(0.215746 -0.141831 -4.82225e-17)
(0.237964 -0.171879 0)
(0.229649 -0.210656 -2.44106e-17)
(0.201111 -0.251309 2.60564e-17)
(0.159287 -0.288398 -2.08974e-17)
(0.109673 -0.318663 -6.8804e-18)
(0.0563808 -0.339675 -2.05468e-17)
(0.00216942 -0.351445 0)
(-0.0543357 -0.354305 -2.31149e-18)
(-0.272756 -0.32173 2.82248e-17)
(-0.0647218 -0.107878 -5.31812e-17)
(0.0807926 -0.0697911 0)
(0.148746 -0.0677126 -1.43488e-20)
(0.178027 -0.0926075 0)
(0.177639 -0.127994 5.20085e-18)
(0.157055 -0.165041 -2.51997e-17)
(0.123225 -0.197955 1.72117e-17)
(0.0819068 -0.223568 1.21007e-17)
(0.0373495 -0.239703 9.59037e-18)
(-0.00792183 -0.246063 -4.78658e-18)
(-0.0548008 -0.242605 1.20201e-18)
(-0.297484 -0.282296 0)
(-0.122706 -0.0537315 1.47736e-16)
(0.0139109 -0.00616023 7.07322e-17)
(0.0854039 0.00364628 1.95033e-17)
(0.12106 -0.0181364 0)
(0.128503 -0.0514561 2.84654e-17)
(0.116258 -0.0862535 -2.74675e-18)
(0.0906741 -0.116217 -5.53555e-21)
(0.0576374 -0.138259 -1.303e-17)
(0.021646 -0.150366 0)
(-0.0147813 -0.15199 -4.85995e-22)
(-0.0521188 -0.142863 3.79186e-26)
(-0.301319 -0.224845 -2.53837e-16)
(-0.169394 0.00277338 -2.51066e-16)
(-0.0487358 0.0591456 -6.41736e-17)
(0.0242619 0.0732091 -5.96186e-17)
(0.0656675 0.0525055 0)
(0.081219 0.0195194 6.43397e-18)
(0.0778399 -0.0144896 -9.25833e-18)
(0.0609042 -0.0427854 6.39368e-21)
(0.0362682 -0.0623739 2.90515e-18)
(0.00877873 -0.0713686 0)
(-0.0188828 -0.0690862 5.62318e-18)
(-0.0468202 -0.0552015 2.79302e-18)
(-0.29051 -0.155247 -2.65729e-19)
(-0.204776 0.0611583 1.48776e-16)
(-0.107788 0.127011 0)
(-0.0357499 0.141596 8.94869e-18)
(0.0105865 0.120136 -8.03098e-21)
(0.0346408 0.0857088 -3.10242e-17)
(0.0408005 0.0510183 2.58959e-17)
(0.0330812 0.023041 -3.19744e-17)
(0.0171317 0.00476202 0)
(-0.00179866 -0.00204559 -1.33879e-17)
(-0.0207576 0.00324719 0)
(-0.0394619 0.0208129 -6.48763e-18)
(-0.263867 -0.0650603 3.76363e-16)
(-0.229167 0.119798 -2.43731e-17)
(-0.162899 0.196963 1.53465e-16)
(-0.0952086 0.209725 8.53457e-17)
(-0.0449624 0.186331 -7.87606e-17)
(-0.0122982 0.149126 4.26148e-17)
(0.00405085 0.112232 -1.01464e-17)
(0.00625047 0.0829015 3.37543e-17)
(-0.00054654 0.0645818 4.6205e-18)
(-0.0108006 0.0590014 3.31265e-17)
(-0.0210844 0.0664249 -6.41241e-18)
(-0.0307628 0.0864418 4.22028e-18)
(-0.217505 0.0114972 0)
(-0.240666 0.183184 0)
(-0.213453 0.26594 -1.89131e-16)
(-0.154298 0.279492 0)
(-0.102067 0.255142 1.77795e-16)
(-0.0611645 0.215272 -1.92935e-16)
(-0.0338406 0.174633 -4.57672e-17)
(-0.0206286 0.141213 6.07393e-17)
(-0.0176658 0.12076 0)
(-0.0190868 0.115056 1.66086e-21)
(-0.0211688 0.123747 4.35054e-17)
(-0.0224159 0.145073 0)
(-0.152557 0.049937 -6.08198e-16)
(-0.242279 0.218951 -5.49135e-16)
(-0.255191 0.327741 5.79747e-17)
(-0.215092 0.342034 0)
(-0.166276 0.323162 -3.86159e-17)
(-0.11981 0.28791 3.90331e-16)
(-0.0789774 0.245027 -4.22134e-17)
(-0.0505771 0.204425 -2.10826e-16)
(-0.0364372 0.180316 2.37271e-17)
(-0.0290182 0.17341 -9.27903e-17)
(-0.0234634 0.182052 -1.77583e-16)
(-0.0172161 0.204312 2.09194e-17)
(-0.109866 -0.926104 1.11738e-18)
(-0.211537 -0.949111 -1.16374e-18)
(-0.318867 -0.967517 1.21975e-18)
(-0.428793 -0.979611 1.02439e-17)
(-0.534399 -0.980564 1.08417e-17)
(-0.625083 -0.966856 -1.15456e-17)
(-0.688612 -0.936031 -6.16209e-18)
(-0.712442 -0.886859 -1.99914e-17)
(-0.685111 -0.818179 5.98566e-17)
(-0.597855 -0.728559 0)
(-0.419081 -0.595912 5.10716e-17)
(-0.171939 -0.457666 0)
(-0.116881 -0.770401 1.12363e-18)
(-0.209326 -0.78542 0)
(-0.304341 -0.793614 0)
(-0.397658 -0.793563 1.1695e-20)
(-0.481058 -0.781873 -1.08094e-17)
(-0.543256 -0.75691 -2.90858e-17)
(-0.571548 -0.717821 -1.91667e-17)
(-0.552511 -0.664425 0)
(-0.471955 -0.595754 -3.45466e-17)
(-0.316444 -0.514616 1.12908e-17)
(-0.0372731 -0.396602 3.63903e-17)
(0.278981 -0.37262 1.7763e-16)
(-0.119666 -0.620842 -1.13273e-18)
(-0.201258 -0.626079 1.1604e-18)
(-0.282316 -0.622624 8.43007e-18)
(-0.35762 -0.609705 -1.77112e-17)
(-0.418154 -0.585632 -1.61488e-17)
(-0.452428 -0.55097 -2.86122e-18)
(-0.447926 -0.507362 3.88434e-17)
(-0.392002 -0.457503 2.23568e-17)
(-0.273157 -0.404257 -3.65248e-17)
(-0.0876628 -0.358691 0)
(0.154524 -0.316437 -8.3647e-17)
(0.342733 -0.340277 -4.49136e-20)
(-0.117879 -0.479524 2.29374e-18)
(-0.187613 -0.474503 0)
(-0.253962 -0.459488 -9.64863e-18)
(-0.311118 -0.434517 2.51993e-18)
(-0.349858 -0.399832 1.07144e-17)
(-0.359197 -0.358414 4.93286e-17)
(-0.328024 -0.315061 -3.23443e-17)
(-0.24678 -0.276221 -3.7493e-17)
(-0.111877 -0.249123 8.23398e-17)
(0.0644238 -0.249511 -4.7665e-17)
(0.244757 -0.278042 0)
(0.364276 -0.336063 -1.04136e-16)
(-0.111753 -0.348419 -2.34397e-18)
(-0.16921 -0.333544 0)
(-0.220868 -0.307965 0)
(-0.260739 -0.272578 7.6278e-18)
(-0.279974 -0.229603 2.68524e-17)
(-0.268818 -0.184391 -2.61208e-17)
(-0.218566 -0.144903 2.57963e-17)
(-0.123959 -0.12078 -2.97402e-17)
(0.0099597 -0.12161 -7.18681e-17)
(0.161926 -0.161679 -5.35153e-22)
(0.298917 -0.232823 7.14402e-17)
(0.375002 -0.305441 0)
(-0.101833 -0.229099 1.21256e-18)
(-0.14708 -0.205309 -4.89991e-18)
(-0.18464 -0.170544 0)
(-0.208729 -0.126601 0)
(-0.211337 -0.0774563 -2.44691e-17)
(-0.184458 -0.0305304 -2.04358e-17)
(-0.122205 0.00360232 0)
(-0.0233201 0.0133197 2.96791e-17)
(0.100952 -0.0110557 2.67027e-17)
(0.22792 -0.0809764 5.72788e-17)
(0.333864 -0.180088 -1.39726e-16)
(0.366252 -0.27013 2.08358e-16)
(-0.0888109 -0.122579 -3.81887e-26)
(-0.122256 -0.0910954 6.42324e-18)
(-0.146665 -0.0486 -1.3058e-18)
(-0.156771 0.00220343 -2.67182e-18)
(-0.145674 0.0559684 5.60735e-18)
(-0.107391 0.103686 2.09767e-17)
(-0.0386972 0.132914 0)
(0.0588248 0.131147 0)
(0.170121 0.0898955 3.63257e-17)
(0.273912 -0.000812042 0)
(0.352802 -0.120166 5.4218e-17)
(0.345234 -0.223013 -1.93637e-16)
(-0.0733972 -0.0292549 2.78538e-18)
(-0.0956298 0.00859952 5.56956e-18)
(-0.107986 0.0574466 1.12321e-17)
(-0.105929 0.113749 0)
(-0.0837628 0.171195 2.97785e-18)
(-0.0375276 0.219825 -9.53306e-18)
(0.0337264 0.245903 1.39697e-17)
(0.126799 0.236648 -4.79895e-17)
(0.223926 0.18511 -2.90386e-17)
(0.305619 0.0807927 0)
(0.358158 -0.0547483 1.60005e-16)
(0.310792 -0.17198 2.47775e-16)
(-0.0562023 0.0511654 -6.43284e-18)
(-0.06784 0.0941087 -6.39882e-18)
(-0.0692063 0.148077 -1.28412e-17)
(-0.0566079 0.208856 3.25907e-18)
(-0.0254782 0.269655 -2.45399e-20)
(0.0261483 0.319941 -3.602e-18)
(0.0974157 0.345238 0)
(0.184525 0.332633 -3.33723e-20)
(0.266785 0.276547 -1.10911e-17)
(0.326233 0.164327 1.3271e-16)
(0.351164 0.0149981 -1.85617e-16)
(0.265925 -0.116358 -2.93885e-16)
(-0.0379966 0.119931 4.19459e-18)
(-0.0396221 0.166851 -8.33861e-18)
(-0.0309261 0.224937 1.66544e-17)
(-0.00904487 0.289488 0)
(0.0296362 0.353853 0)
(0.0849766 0.406754 -2.76839e-17)
(0.154895 0.433705 2.92319e-17)
(0.235344 0.421439 1.31345e-16)
(0.302095 0.3649 1.06625e-16)
(0.338268 0.248707 1.82362e-17)
(0.334012 0.0871038 -3.01591e-17)
(0.212097 -0.058291 0)
(-0.0206957 0.180631 0)
(-0.0129679 0.230553 1.45818e-17)
(0.00497835 0.292066 -2.83821e-17)
(0.0353926 0.359952 6.88495e-18)
(0.0812733 0.428448 -6.84397e-18)
(0.139748 0.484408 5.48698e-17)
(0.20931 0.515418 -5.66868e-17)
(0.280861 0.506012 -1.23967e-16)
(0.331642 0.44921 -1.47793e-16)
(0.341243 0.331635 -1.94444e-16)
(0.301306 0.168833 3.51738e-16)
(0.158366 -0.000397116 -7.71054e-17)
(-0.00769688 0.240829 3.88588e-17)
(0.00763884 0.291391 -7.13368e-17)
(0.032563 0.35516 0)
(0.068491 0.425037 -1.20348e-16)
(0.118454 0.498994 -1.12479e-16)
(0.17631 0.555801 0)
(0.241014 0.601488 2.63993e-17)
(0.30664 0.579457 -7.47288e-17)
(0.323094 0.51269 -2.46107e-21)
(0.305816 0.402364 3.35579e-17)
(0.255933 0.242118 -8.52287e-16)
(0.107455 0.0546565 0)
(-0.274646 -0.554848 -8.53812e-17)
(-0.41888 -0.521573 -3.13864e-17)
(-0.473672 -0.544221 2.42594e-17)
(-0.514767 -0.545661 0)
(-0.560965 -0.52305 1.73825e-17)
(-0.616142 -0.482153 4.24131e-18)
(-0.678659 -0.425166 -1.24901e-17)
(-0.742526 -0.3523 -6.21311e-18)
(-0.801229 -0.26661 -1.03068e-17)
(-0.847802 -0.172649 0)
(-0.88194 -0.0790763 4.19573e-18)
(-0.905649 0.0169961 -1.08134e-18)
(-0.315891 -0.169934 0)
(-0.328332 -0.354282 3.52635e-17)
(-0.361902 -0.428682 -2.51824e-17)
(-0.403493 -0.4536 0)
(-0.449595 -0.444291 1.33798e-17)
(-0.501821 -0.411045 4.33161e-18)
(-0.55861 -0.360529 -1.69893e-17)
(-0.614641 -0.295358 -1.72278e-20)
(-0.66483 -0.219435 0)
(-0.704335 -0.137153 0)
(-0.733377 -0.054498 0)
(-0.753939 0.0311983 -1.09174e-18)
(-0.343166 0.0209656 0)
(-0.263426 -0.208143 2.33598e-17)
(-0.274128 -0.325219 2.66413e-17)
(-0.306598 -0.36723 0)
(-0.349052 -0.370599 -1.38035e-17)
(-0.396849 -0.345618 8.9303e-18)
(-0.447738 -0.302097 2.39538e-17)
(-0.496518 -0.244655 -4.31655e-18)
(-0.539093 -0.177889 -6.42734e-18)
(-0.571926 -0.106011 0)
(-0.595394 -0.0333149 -4.333e-18)
(-0.610926 0.0425385 1.1036e-18)
(-0.352605 0.144552 0)
(-0.209713 -0.0946782 -3.4192e-17)
(-0.200262 -0.234142 -4.58595e-17)
(-0.2205 -0.288053 0)
(-0.257093 -0.301954 -4.81078e-18)
(-0.300081 -0.285368 -1.39016e-17)
(-0.345448 -0.24919 1.80764e-17)
(-0.38785 -0.199518 8.88781e-18)
(-0.423773 -0.141469 -7.35636e-21)
(-0.450385 -0.079146 1.09951e-18)
(-0.467967 -0.0158462 3.87458e-18)
(-0.477349 0.0503099 -5.63441e-19)
(-0.345227 0.224302 2.84592e-17)
(-0.159294 -0.00616258 -1.89096e-17)
(-0.133585 -0.153457 2.50379e-17)
(-0.141874 -0.215726 5.36117e-18)
(-0.171914 -0.237941 2.52579e-17)
(-0.210681 -0.229622 -4.88266e-18)
(-0.251322 -0.201082 -3.55188e-17)
(-0.288397 -0.159258 -4.41759e-21)
(-0.318646 -0.109648 9.1647e-18)
(-0.339642 -0.0563627 -1.14173e-17)
(-0.351397 -0.00216105 0)
(-0.354245 0.0543328 2.31175e-18)
(-0.321802 0.272818 0)
(-0.10792 0.0647665 -1.06235e-17)
(-0.0698216 -0.0807598 6.94062e-18)
(-0.0677314 -0.148716 0)
(-0.0926146 -0.177994 -1.62702e-17)
(-0.12799 -0.177605 -2.08683e-17)
(-0.165025 -0.157021 1.5111e-17)
(-0.197926 -0.123195 -2.45608e-18)
(-0.223524 -0.081882 2.42192e-18)
(-0.239645 -0.0373331 9.58966e-18)
(-0.245994 0.0079271 0)
(-0.242526 0.0547938 -2.40391e-18)
(-0.282359 0.297551 2.34732e-16)
(-0.0537562 0.12276 8.61881e-17)
(-0.00616928 -0.0138671 6.38815e-21)
(0.00365245 -0.0853642 6.50799e-18)
(-0.0181169 -0.12102 2.39179e-17)
(-0.0514252 -0.128462 2.8462e-17)
(-0.0862111 -0.116219 -5.48429e-18)
(-0.116162 -0.0906409 0)
(-0.138191 -0.0576121 0)
(-0.150285 -0.0216303 0)
(-0.151901 0.0147847 4.46727e-18)
(-0.142768 0.0521094 6.38488e-19)
(-0.224894 0.301386 -2.22045e-16)
(0.00276643 0.169455 -1.32869e-16)
(0.0591581 0.0487892 0)
(0.0732395 -0.0242136 0)
(0.0525505 -0.0656195 -4.76106e-17)
(0.0195758 -0.0811715 2.57446e-17)
(-0.0144222 -0.0777968 -2.7776e-17)
(-0.0427062 -0.0608683 -2.98015e-17)
(-0.0622831 -0.0362418 2.90491e-18)
(-0.0712677 -0.00876283 -1.42099e-18)
(-0.0689795 0.0188857 -4.21494e-18)
(-0.055093 0.0468099 -2.7929e-18)
(-0.155279 0.290574 0)
(0.0611687 0.204841 -1.85932e-17)
(0.127044 0.107849 1.12902e-17)
(0.14165 0.0358052 8.97747e-18)
(0.120205 -0.0105316 3.27937e-17)
(0.0857887 -0.0345874 -3.10205e-17)
(0.0511082 -0.0407526 2.2197e-17)
(0.023142 -0.0330424 5.68324e-17)
(0.00487305 -0.0171037 0)
(-0.00192635 0.00181562 1.67082e-18)
(0.0033692 0.0207612 -1.64548e-18)
(0.0209331 0.039452 3.24336e-18)
(-0.0650702 0.263925 0)
(0.119825 0.229232 -2.43691e-17)
(0.197015 0.162967 3.22035e-20)
(0.2098 0.095269 1.09768e-16)
(0.18642 0.0450234 -1.01237e-16)
(0.149226 0.0123563 6.39202e-17)
(0.112342 -0.00399857 -5.0757e-18)
(0.0830224 -0.00620885 -4.82056e-17)
(0.064711 0.000576582 4.62014e-18)
(0.059137 0.0108195 1.76647e-17)
(0.0665602 0.0210896 0)
(0.0865718 0.030755 4.22161e-18)
(0.0114959 0.217548 0)
(0.18323 0.240728 0)
(0.266011 0.213522 0)
(0.279584 0.154363 -1.62592e-16)
(0.255248 0.102132 3.35756e-16)
(0.21539 0.0612258 -9.64913e-17)
(0.174761 0.0338962 9.14215e-18)
(0.141354 0.0206735 -8.68652e-18)
(0.120906 0.0176985 0)
(0.115206 0.0191081 -6.54935e-17)
(0.123894 0.0211763 3.44425e-17)
(0.145212 0.0224124 -9.00688e-18)
(0.0499501 0.152592 6.94792e-16)
(0.218997 0.242327 0)
(0.32782 0.255276 -5.77313e-17)
(0.342142 0.215155 3.5733e-16)
(0.323276 0.16634 -2.70455e-16)
(0.288037 0.119875 -7.80387e-17)
(0.245169 0.0790412 2.31932e-16)
(0.204586 0.0506325 -4.68237e-17)
(0.180476 0.0364762 2.37198e-17)
(0.17357 0.0290448 1.8553e-16)
(0.182205 0.0234753 -8.87646e-17)
(0.204452 0.0172182 -4.18303e-17)
(-0.926118 0.10989 -1.11731e-18)
(-0.949098 0.211549 -1.16368e-18)
(-0.967478 0.318862 1.2197e-18)
(-0.979545 0.428765 0)
(-0.980473 0.534341 -1.35433e-17)
(-0.966747 0.62499 -8.64841e-18)
(-0.93591 0.688486 3.0844e-17)
(-0.886736 0.712292 1.99918e-17)
(-0.818068 0.684949 0)
(-0.728469 0.597702 -1.55795e-19)
(-0.595856 0.418964 -5.10754e-17)
(-0.457628 0.171867 -7.71018e-17)
(-0.770387 0.116891 -2.24924e-18)
(-0.785383 0.209323 -1.15979e-18)
(-0.793553 0.304318 -8.46738e-18)
(-0.793481 0.397611 2.53654e-18)
(-0.781773 0.480982 8.09789e-18)
(-0.756798 0.543151 -2.90845e-17)
(-0.717705 0.571418 -1.91952e-17)
(-0.664314 0.552369 0)
(-0.595662 0.471819 0)
(-0.51455 0.316337 -3.39225e-17)
(-0.39658 0.0372294 -1.82107e-17)
(-0.372598 -0.278974 -1.42096e-16)
(-0.620805 0.119665 5.66375e-19)
(-0.626023 0.201241 5.23574e-18)
(-0.622549 0.282279 9.63068e-18)
(-0.609615 0.357561 0)
(-0.585532 0.418068 -8.08135e-18)
(-0.550866 0.452319 3.78666e-17)
(-0.507261 0.447802 -1.93646e-17)
(-0.457412 0.391879 0)
(-0.404186 0.273054 0)
(-0.358643 0.0875994 0)
(-0.316418 -0.154538 0)
(-0.340259 -0.342727 1.23684e-16)
(-0.479468 0.117869 0)
(-0.474433 0.187587 -3.51496e-18)
(-0.459405 0.253916 -1.20912e-18)
(-0.434425 0.311051 2.51695e-18)
(-0.399738 0.349768 5.36859e-18)
(-0.358323 0.359093 -2.61139e-17)
(-0.31498 0.327912 6.53188e-18)
(-0.276152 0.24668 0)
(-0.249071 0.111803 -3.6559e-17)
(-0.249473 -0.0644611 3.57264e-17)
(-0.278015 -0.244765 -5.7676e-17)
(-0.33604 -0.364269 -1.04171e-16)
(-0.348347 0.111736 1.75939e-18)
(-0.333463 0.169177 5.96379e-19)
(-0.307877 0.220817 0)
(-0.272488 0.260671 -2.53034e-18)
(-0.229518 0.279887 -1.61092e-17)
(-0.184316 0.268722 -2.91025e-18)
(-0.144841 0.21847 2.97015e-20)
(-0.12073 0.123881 -2.97389e-17)
(-0.121572 -0.0100111 2.69598e-17)
(-0.161647 -0.161949 -3.45586e-17)
(-0.232794 -0.298921 7.13965e-17)
(-0.305417 -0.374992 -1.04958e-19)
(-0.229013 0.101812 -3.02995e-18)
(-0.205219 0.147044 1.83561e-18)
(-0.170454 0.184587 -1.25076e-18)
(-0.126516 0.208663 2.57495e-18)
(-0.077381 0.211256 2.17404e-17)
(-0.0304691 0.184374 2.88966e-18)
(0.00364713 0.122124 1.93795e-17)
(0.0133547 0.023261 5.19401e-17)
(-0.0110297 -0.100988 8.91208e-18)
(-0.0809502 -0.227933 0)
(-0.180061 -0.333862 0)
(-0.270106 -0.366238 1.04024e-16)
(-0.12248 0.0887878 -1.90935e-26)
(-0.0909992 0.122219 -3.85918e-18)
(-0.0485085 0.146613 -1.17235e-17)
(0.00228424 0.15671 0)
(0.0560348 0.145601 0)
(0.103735 0.10732 -5.97382e-18)
(0.132944 0.0386322 6.62647e-18)
(0.131169 -0.0588682 -6.04396e-17)
(0.0899104 -0.170143 -4.54088e-17)
(-0.000793278 -0.273918 2.37072e-17)
(-0.120144 -0.352794 1.26889e-16)
(-0.22299 -0.345217 2.21676e-16)
(-0.0291461 0.0733737 2.09061e-18)
(0.00870178 0.095595 7.65524e-18)
(0.0575395 0.107938 2.10558e-17)
(0.113826 0.105875 -2.29967e-17)
(0.171254 0.083699 -2.09377e-17)
(0.219865 0.0374704 -9.53322e-18)
(0.245922 -0.0337781 7.00516e-18)
(0.23666 -0.126828 3.19678e-17)
(0.185114 -0.223938 1.16279e-16)
(0.0808026 -0.305618 1.02884e-16)
(-0.0547315 -0.358146 2.77767e-19)
(-0.17196 -0.310772 4.40617e-19)
(0.0512834 0.0561811 -3.2159e-18)
(0.0942165 0.0678079 -6.40081e-18)
(0.148172 0.0691651 -1.28414e-17)
(0.208929 0.0565603 4.90784e-17)
(0.269709 0.025427 2.71162e-17)
(0.319973 -0.0261949 3.60208e-18)
(0.345247 -0.0974522 -3.1398e-17)
(0.332636 -0.184544 0)
(0.27654 -0.266786 9.02381e-20)
(0.164329 -0.326226 -2.35828e-16)
(0.0150069 -0.35115 -2.08881e-16)
(-0.116343 -0.265902 3.71519e-17)
(0.120057 0.0379799 0)
(0.166964 0.0395936 1.04103e-17)
(0.225035 0.030893 -1.87407e-17)
(0.289559 0.00900224 -3.37696e-17)
(0.353903 -0.0296729 -3.0578e-17)
(0.406778 -0.0850148 -1.37997e-17)
(0.433707 -0.154916 9.99596e-21)
(0.421432 -0.235355 -7.6632e-17)
(0.364883 -0.302087 -2.26503e-16)
(0.2487 -0.338254 1.62396e-16)
(0.087103 -0.333997 0)
(-0.0582788 -0.212075 -7.64416e-16)
(0.180763 0.0206837 0)
(0.230671 0.0129447 -2.55555e-17)
(0.292167 -0.00500657 2.48225e-17)
(0.360022 -0.035428 -6.88496e-18)
(0.428494 -0.0813003 1.15981e-16)
(0.484427 -0.139775 5.49664e-17)
(0.515413 -0.209319 5.66893e-17)
(0.505995 -0.280862 1.23974e-16)
(0.449184 -0.331625 1.47801e-16)
(0.331617 -0.341224 0)
(0.168822 -0.301288 0)
(-0.000395587 -0.158349 6.17925e-16)
(0.240965 0.00769186 -1.9426e-17)
(0.29151 -0.00765505 1.51513e-16)
(0.355262 -0.032584 5.70996e-17)
(0.425103 -0.0685186 1.20344e-16)
(0.499033 -0.11847 -1.12374e-16)
(0.555813 -0.176327 -2.66352e-17)
(0.601474 -0.241013 2.65602e-17)
(0.579425 -0.306629 -3.72989e-17)
(0.512654 -0.323074 2.91198e-17)
(0.402336 -0.305795 0)
(0.242099 -0.255916 0)
(0.0546476 -0.107443 1.69233e-15)
(-0.554767 0.274631 0)
(-0.521522 0.418814 -3.1175e-17)
(-0.544185 0.473597 4.85944e-18)
(-0.545633 0.514694 0)
(-0.523031 0.560899 0)
(-0.482144 0.616085 4.24204e-18)
(-0.425168 0.678612 6.2339e-18)
(-0.352312 0.742489 -2.0688e-18)
(-0.266632 0.801202 8.24194e-18)
(-0.172681 0.847783 0)
(-0.0791219 0.881927 4.19605e-18)
(0.0169387 0.90564 1.08428e-18)
(-0.1699 0.315861 0)
(-0.354246 0.328273 0)
(-0.428653 0.36184 -2.01769e-17)
(-0.453575 0.403433 0)
(-0.444273 0.449542 -4.45351e-18)
(-0.411034 0.501777 8.66089e-18)
(-0.360527 0.558576 -2.12385e-17)
(-0.295367 0.614616 -2.10015e-18)
(-0.219455 0.664814 2.09869e-18)
(-0.137183 0.704328 8.41847e-18)
(-0.0545408 0.733378 0)
(0.0311448 0.753948 -1.08983e-18)
(0.0209729 0.343127 0)
(-0.208123 0.263374 -7.76402e-18)
(-0.325197 0.274078 3.1935e-17)
(-0.367209 0.306551 -4.7769e-18)
(-0.370582 0.349012 0)
(-0.345606 0.396817 -1.3394e-17)
(-0.302093 0.447715 3.05032e-17)
(-0.244661 0.496503 0)
(-0.177904 0.539088 0)
(-0.106037 0.571929 -7.50342e-18)
(-0.0333538 0.595406 3.24888e-18)
(0.0424895 0.610949 1.10491e-18)
(0.14454 0.352561 0)
(-0.0946714 0.20967 0)
(-0.234128 0.200223 -2.29451e-17)
(-0.288037 0.220466 5.03906e-18)
(-0.301939 0.257065 -4.81487e-18)
(-0.285355 0.30006 4.17476e-17)
(-0.249184 0.345435 -4.50229e-18)
(-0.19952 0.387844 1.11186e-17)
(-0.141481 0.423775 -1.10301e-17)
(-0.0791679 0.450397 8.81273e-18)
(-0.0158804 0.467987 -4.43166e-18)
(0.0502657 0.477383 -1.12464e-18)
(0.224277 0.345183 0)
(-0.00616702 0.15926 3.77564e-17)
(-0.15345 0.133558 2.50337e-17)
(-0.215715 0.141852 0)
(-0.237928 0.171898 -1.51642e-17)
(-0.22961 0.210671 -2.92821e-17)
(-0.201074 0.251317 -3.07861e-17)
(-0.159258 0.288398 6.9699e-18)
(-0.109656 0.318655 9.17127e-18)
(-0.0563804 0.33966 -9.12876e-18)
(-0.00219028 0.351423 0)
(0.0542932 0.354285 0)
(0.272785 0.321761 0)
(0.064753 0.107895 -4.25327e-17)
(-0.0807612 0.0698061 6.93512e-18)
(-0.14871 0.0677211 -5.83717e-18)
(-0.177985 0.0926095 2.16988e-17)
(-0.177594 0.127989 5.21265e-18)
(-0.157013 0.165028 1.5114e-17)
(-0.123191 0.197933 -4.18023e-17)
(-0.0818865 0.223537 2.42222e-18)
(-0.0373466 0.239666 -1.19715e-18)
(0.00790271 0.246024 1.1984e-18)
(0.0547586 0.242569 0)
(0.297512 0.282323 0)
(0.12274 0.053741 -9.8517e-17)
(-0.0138757 0.00616473 0)
(-0.0853642 -0.00365157 -2.60304e-17)
(-0.121014 0.0181216 1.79468e-17)
(-0.128453 0.0514316 3.4175e-17)
(-0.11621 0.0862189 -2.74701e-18)
(-0.0906359 0.116173 1.86247e-17)
(-0.0576133 0.138205 0)
(-0.0216396 0.150308 -1.28307e-18)
(0.014765 0.151931 1.27805e-18)
(0.0520784 0.142811 0)
(0.301345 0.224866 0)
(0.169428 -0.00277158 -1.48958e-17)
(0.0487737 -0.0591521 9.17569e-18)
(-0.0242198 -0.0732281 -2.98292e-17)
(-0.0656186 -0.0525366 -5.44228e-17)
(-0.0811659 -0.0195623 -1.93181e-17)
(-0.0777887 0.0144348 -6.17617e-18)
(-0.0608621 0.0427193 -2.68228e-17)
(-0.0362404 0.0622985 2.90527e-18)
(-0.00876834 0.0712896 -1.28076e-17)
(0.0188707 0.0690085 1.40802e-18)
(0.0467834 0.0551344 0)
(0.290533 0.155262 -2.9413e-16)
(0.204809 -0.0611635 1.48799e-16)
(0.107827 -0.127028 -7.9031e-17)
(0.0357928 -0.141628 -9.01945e-18)
(-0.0105364 -0.120182 3.28101e-17)
(-0.0345859 -0.0857685 7.74941e-18)
(-0.0407466 -0.0510916 -7.40788e-18)
(-0.0330361 -0.0231274 9.29758e-22)
(-0.0171004 -0.00485852 0)
(0.00181345 0.00194549 1.33878e-17)
(0.0207512 -0.00334411 0)
(0.03943 -0.020894 0)
(0.263887 0.0650666 3.76337e-16)
(0.229197 -0.11981 -2.19769e-16)
(0.162939 -0.19699 1.38071e-16)
(0.0952505 -0.209768 9.7565e-17)
(0.045012 -0.186389 1.12466e-17)
(0.0123529 -0.149199 4.26067e-17)
(-0.003996 -0.112321 -4.55853e-17)
(-0.0062037 -0.0830069 2.89301e-17)
(0.000580558 -0.0646985 4.62065e-18)
(0.0108197 -0.059122 1.76661e-17)
(0.0210843 -0.0665408 -8.55344e-18)
(0.0307375 -0.0865366 0)
(0.217521 -0.0114956 0)
(0.24069 -0.183203 2.75118e-16)
(0.213489 -0.265975 -2.12911e-16)
(0.154338 -0.279541 4.06672e-17)
(0.102114 -0.255207 -3.95124e-17)
(0.0612167 -0.215355 -7.71752e-17)
(0.0338945 -0.174735 1.00691e-16)
(0.0206765 -0.141337 -8.68766e-18)
(0.0177018 -0.120896 0)
(0.0191094 -0.115197 -3.08244e-17)
(0.0211737 -0.123882 4.35036e-17)
(0.0223978 -0.145182 0)
(0.152577 -0.0499464 -6.94873e-16)
(0.242293 -0.218966 4.39311e-16)
(0.255233 -0.327774 4.62533e-16)
(0.215124 -0.342086 0)
(0.166315 -0.323224 -3.09108e-16)
(0.119858 -0.287993 -2.73212e-16)
(0.0790331 -0.245136 1.26489e-16)
(0.050632 -0.204568 -2.33915e-17)
(0.0364777 -0.18047 2.37215e-17)
(0.029046 -0.173568 0)
(0.0234747 -0.182206 1.11913e-20)
(0.0172065 -0.204432 2.09174e-17)
)
;

boundaryField
{
    rotor
    {
        type            noSlip;
    }
    stator
    {
        type            noSlip;
    }
    front
    {
        type            empty;
    }
    back
    {
        type            empty;
    }
}


// ************************************************************************* //
