/*--------------------------------*- C++ -*----------------------------------*\
| =========                 |                                                 |
| \\      /  F ield         | OpenFOAM: The Open Source CFD Toolbox           |
|  \\    /   O peration     | Version:  4.0                                   |
|   \\  /    A nd           | Web:      www.OpenFOAM.org                      |
|    \\/     M anipulation  |                                                 |
\*---------------------------------------------------------------------------*/
FoamFile
{
    version     2.0;
    format      ascii;
    class       surfaceScalarField;
    location    "50";
    object      phi;
}
// * * * * * * * * * * * * * * * * * * * * * * * * * * * * * * * * * * * * * //

dimensions      [0 3 -1 0 0 0 0];

internalField   nonuniform List<scalar> 
5952
(
5.02363e-06
-4.79371e-06
-3.23091e-06
8.2691e-06
-2.21789e-05
1.89401e-05
-4.29618e-05
2.07808e-05
-6.03219e-05
1.73557e-05
-7.4865e-05
1.45374e-05
-8.64343e-05
1.15678e-05
-9.55283e-05
9.08844e-06
-0.000102203
6.67509e-06
-0.000106686
4.47862e-06
-0.000109122
2.4379e-06
5.51117e-07
-0.000109675
-2.0563e-05
1.57763e-05
-3.90291e-05
2.67397e-05
-5.13134e-05
3.1223e-05
-6.03055e-05
2.97709e-05
-6.88553e-05
2.59028e-05
-7.64601e-05
2.21384e-05
-8.30053e-05
1.8111e-05
-8.8108e-05
1.41873e-05
-9.17593e-05
1.03255e-05
-9.39503e-05
6.66686e-06
-9.47304e-05
3.21857e-06
2.0631e-08
-9.42012e-05
-1.8698e-05
3.44796e-05
-3.40688e-05
4.21126e-05
-4.51968e-05
4.23503e-05
-5.37496e-05
3.83219e-05
-6.15195e-05
3.36706e-05
-6.82117e-05
2.88274e-05
-7.3798e-05
2.36956e-05
-7.81227e-05
1.85094e-05
-8.11344e-05
1.33364e-05
-8.27771e-05
8.30809e-06
-8.30428e-05
3.4844e-06
-1.08944e-06
-8.19331e-05
-1.65578e-05
5.10391e-05
-2.89033e-05
5.44586e-05
-3.87059e-05
5.21521e-05
-4.70758e-05
4.66895e-05
-5.43508e-05
4.09438e-05
-6.04415e-05
3.49155e-05
-6.53811e-05
2.8634e-05
-6.91098e-05
2.2236e-05
-7.15637e-05
1.57898e-05
-7.2658e-05
9.40125e-06
-7.23368e-05
3.16323e-06
-2.83853e-06
-7.0588e-05
-1.41178e-05
6.51562e-05
-2.43075e-05
6.46474e-05
-3.25314e-05
6.03743e-05
-3.97034e-05
5.38591e-05
-4.59725e-05
4.72109e-05
-5.13318e-05
4.02722e-05
-5.57373e-05
3.30383e-05
-5.90597e-05
2.55564e-05
-6.11947e-05
1.79243e-05
-6.20178e-05
1.0223e-05
-6.13837e-05
2.5292e-06
-4.98844e-06
-5.92346e-05
-1.02072e-05
7.53617e-05
-1.85119e-05
7.29508e-05
-2.51369e-05
6.6997e-05
-3.09845e-05
5.97054e-05
-3.61814e-05
5.24048e-05
-4.07549e-05
4.48453e-05
-4.4623e-05
3.69036e-05
-4.76175e-05
2.85515e-05
-4.95627e-05
1.98672e-05
-5.02227e-05
1.08844e-05
-4.93812e-05
1.68609e-06
-7.41859e-06
-4.69489e-05
-6.86248e-06
8.2221e-05
-1.1722e-05
7.7807e-05
-1.64844e-05
7.17579e-05
-2.08649e-05
6.40826e-05
-2.48805e-05
5.642e-05
-2.85499e-05
4.85118e-05
-3.17499e-05
4.01044e-05
-3.43121e-05
3.11114e-05
-3.59776e-05
2.15345e-05
-3.64579e-05
1.13634e-05
-3.54926e-05
7.23383e-07
-1.00185e-05
-3.28928e-05
-1.79327e-06
8.401e-05
-4.63974e-06
8.065e-05
-6.96114e-06
7.4075e-05
-9.47569e-06
6.65938e-05
-1.21146e-05
5.90559e-05
-1.47303e-05
5.11255e-05
-1.71176e-05
4.24902e-05
-1.90522e-05
3.30453e-05
-2.02726e-05
2.27546e-05
-2.04747e-05
1.15659e-05
-1.93451e-05
-4.0545e-07
-1.27852e-05
-1.65772e-05
2.33484e-06
8.16641e-05
3.98625e-06
7.89905e-05
4.19556e-06
7.38591e-05
3.33207e-06
6.74517e-05
2.00596e-06
6.0377e-05
4.73518e-07
5.26545e-05
-9.93605e-07
4.39545e-05
-2.13662e-06
3.41866e-05
-2.71742e-06
2.33343e-05
-2.43142e-06
1.12796e-05
-9.38785e-07
-1.89781e-06
-1.58936e-05
2.17022e-06
7.97744e-06
7.36827e-05
1.2521e-05
7.44399e-05
1.59283e-05
7.04458e-05
1.70298e-05
6.63443e-05
1.70144e-05
6.03875e-05
1.65254e-05
5.31397e-05
1.59949e-05
4.44819e-05
1.57435e-05
3.44364e-05
1.59824e-05
2.3094e-05
1.70367e-05
1.02252e-05
1.9255e-05
-4.11626e-06
-1.97683e-05
2.31306e-05
1.62269e-05
5.74454e-05
2.54529e-05
6.52072e-05
2.96223e-05
6.62707e-05
3.168e-05
6.42807e-05
3.25025e-05
5.95594e-05
3.28107e-05
5.28265e-05
3.30959e-05
4.41931e-05
3.37361e-05
3.37931e-05
3.49168e-05
2.19117e-05
3.70579e-05
8.08304e-06
4.05299e-05
-7.58836e-06
-2.50989e-05
4.58611e-05
2.34767e-05
3.3964e-05
3.66383e-05
5.2043e-05
4.3391e-05
5.95147e-05
4.63765e-05
6.1292e-05
4.7779e-05
5.81533e-05
4.86793e-05
5.19229e-05
4.96359e-05
4.32337e-05
5.11559e-05
3.2271e-05
5.34357e-05
1.96307e-05
5.71284e-05
4.38956e-06
6.25823e-05
-1.30422e-05
7.01124e-05
-3.26282e-05
-0.00010853
-1.14331e-06
-0.000105827
-2.70257e-06
-0.000101639
-4.18508e-06
-9.59946e-05
-5.64175e-06
-8.8894e-05
-7.09659e-06
-8.02809e-05
-8.60966e-06
-7.00677e-05
-1.02088e-05
-5.81444e-05
-1.19185e-05
-4.43721e-05
-1.3768e-05
-2.87683e-05
-1.55984e-05
-1.21248e-05
-1.66323e-05
-1.2121e-05
-9.24359e-05
-2.90706e-06
-8.95503e-05
-5.58762e-06
-8.56542e-05
-8.07843e-06
-8.08883e-05
-1.04055e-05
-7.532e-05
-1.26613e-05
-6.89812e-05
-1.49453e-05
-6.18057e-05
-1.73798e-05
-5.3599e-05
-2.01204e-05
-4.40948e-05
-2.32671e-05
-3.27914e-05
-2.68967e-05
-1.90062e-05
-3.04104e-05
-3.11252e-05
-7.95265e-05
-5.31276e-06
-7.60102e-05
-9.10315e-06
-7.16286e-05
-1.24585e-05
-6.66049e-05
-1.54275e-05
-6.11318e-05
-1.81322e-05
-5.52984e-05
-2.07763e-05
-4.9069e-05
-2.36062e-05
-4.22942e-05
-2.68917e-05
-3.46651e-05
-3.08926e-05
-2.59757e-05
-3.55827e-05
-1.51657e-05
-4.12169e-05
-4.62904e-05
-6.75198e-05
-8.3805e-06
-6.33305e-05
-1.3292e-05
-5.83069e-05
-1.7481e-05
-5.27733e-05
-2.096e-05
-4.70366e-05
-2.38673e-05
-4.13436e-05
-2.64674e-05
-3.58256e-05
-2.9122e-05
-3.04654e-05
-3.22493e-05
-2.49585e-05
-3.63974e-05
-1.89172e-05
-4.16226e-05
-1.15248e-05
-4.86085e-05
-5.78128e-05
-5.56575e-05
-1.19568e-05
-5.08949e-05
-1.80545e-05
-4.53036e-05
-2.30711e-05
-3.93112e-05
-2.69513e-05
-3.33608e-05
-2.98158e-05
-2.78395e-05
-3.19867e-05
-2.30094e-05
-3.39498e-05
-1.89713e-05
-3.62857e-05
-1.55292e-05
-3.98379e-05
-1.19896e-05
-4.51597e-05
-7.28252e-06
-5.33091e-05
-6.50932e-05
-4.29815e-05
-1.59247e-05
-3.77509e-05
-2.32826e-05
-3.17037e-05
-2.91171e-05
-2.5363e-05
-3.32889e-05
-1.92986e-05
-3.58775e-05
-1.40229e-05
-3.72588e-05
-9.91053e-06
-3.80589e-05
-7.10677e-06
-3.9086e-05
-5.55783e-06
-4.1381e-05
-4.69188e-06
-4.60206e-05
-3.52871e-06
-5.44667e-05
-6.86145e-05
-2.86443e-05
-2.01702e-05
-2.30681e-05
-2.88574e-05
-1.67092e-05
-3.54721e-05
-1.01844e-05
-3.98104e-05
-4.16427e-06
-4.18927e-05
7.29595e-07
-4.21483e-05
4.0346e-06
-4.13587e-05
5.49095e-06
-4.05363e-05
5.08407e-06
-4.09718e-05
3.21579e-06
-4.41447e-05
9.73942e-07
-5.2212e-05
-6.76383e-05
-1.20723e-05
-2.46736e-05
-6.21593e-06
-3.47113e-05
2.99628e-07
-4.1985e-05
6.79473e-06
-4.63014e-05
1.25271e-05
-4.76213e-05
1.68017e-05
-4.64179e-05
1.91212e-05
-4.36741e-05
1.91494e-05
-4.0562e-05
1.67532e-05
-3.8569e-05
1.20968e-05
-3.94847e-05
6.14496e-06
-4.62565e-05
-6.14835e-05
7.0793e-06
-2.95812e-05
1.32597e-05
-4.08897e-05
1.97766e-05
-4.84989e-05
2.59543e-05
-5.24756e-05
3.10713e-05
-5.27343e-05
3.43971e-05
-4.97401e-05
3.55057e-05
-4.47796e-05
3.40541e-05
-3.91066e-05
2.9754e-05
-3.42696e-05
2.24756e-05
-3.22024e-05
1.25192e-05
-3.62877e-05
-4.8965e-05
2.88535e-05
-3.53027e-05
3.55589e-05
-4.75928e-05
4.19171e-05
-5.48539e-05
4.74145e-05
-5.797e-05
5.14649e-05
-5.6781e-05
5.3403e-05
-5.16758e-05
5.30375e-05
-4.44118e-05
5.01227e-05
-3.61917e-05
4.41999e-05
-2.83437e-05
3.46774e-05
-2.26779e-05
2.07584e-05
-2.23704e-05
-2.81978e-05
5.30082e-05
-4.24479e-05
6.03921e-05
-5.49739e-05
6.6365e-05
-6.08232e-05
7.08156e-05
-6.24172e-05
7.32112e-05
-5.91735e-05
7.32755e-05
-5.17376e-05
7.11921e-05
-4.23268e-05
6.69283e-05
-3.19263e-05
5.99601e-05
-2.13766e-05
4.93833e-05
-1.21005e-05
3.22848e-05
-5.26564e-06
4.08017e-06
7.88672e-05
-5.12012e-05
8.63461e-05
-6.24504e-05
9.15417e-05
-6.60164e-05
9.45687e-05
-6.54416e-05
9.4849e-05
-5.94523e-05
9.2824e-05
-4.97111e-05
8.90332e-05
-3.85355e-05
8.36868e-05
-2.65804e-05
7.63937e-05
-1.40826e-05
6.61783e-05
-1.88647e-06
4.83055e-05
1.26027e-05
5.23887e-05
4.62561e-06
-4.62763e-06
-3.94049e-06
8.57328e-06
-2.30244e-05
1.90846e-05
-4.36061e-05
2.05821e-05
-6.0874e-05
1.72693e-05
-7.52935e-05
1.44173e-05
-8.67812e-05
1.14896e-05
-9.58181e-05
9.03385e-06
-0.000102452
6.63624e-06
-0.000106891
4.43643e-06
-0.000109295
2.40575e-06
5.25978e-07
-0.000109823
-2.08476e-05
1.62203e-05
-3.91809e-05
2.69071e-05
-5.13113e-05
3.12146e-05
-6.03615e-05
2.96316e-05
-6.89244e-05
2.58319e-05
-7.65605e-05
2.20517e-05
-8.31288e-05
1.8058e-05
-8.8209e-05
1.41121e-05
-9.18382e-05
1.0266e-05
-9.40125e-05
6.60911e-06
-9.47745e-05
3.16878e-06
-2.11077e-08
-9.42284e-05
-1.87168e-05
3.49353e-05
-3.40322e-05
4.22215e-05
-4.51322e-05
4.23131e-05
-5.37272e-05
3.82246e-05
-6.15275e-05
3.36311e-05
-6.82409e-05
2.8763e-05
-7.3815e-05
2.36318e-05
-7.81368e-05
1.84322e-05
-8.11327e-05
1.32623e-05
-8.27606e-05
8.23587e-06
-8.30101e-05
3.41906e-06
-1.14285e-06
-8.18886e-05
-1.65255e-05
5.14589e-05
-2.88594e-05
5.45529e-05
-3.86593e-05
5.2111e-05
-4.70686e-05
4.66307e-05
-5.43393e-05
4.09e-05
-6.04231e-05
3.48443e-05
-6.53418e-05
2.85498e-05
-6.90511e-05
2.21397e-05
-7.14822e-05
1.56935e-05
-7.25569e-05
9.30949e-06
-7.22179e-05
3.08087e-06
-2.90099e-06
-7.04601e-05
-1.40735e-05
6.55296e-05
-2.42535e-05
6.47321e-05
-3.24901e-05
6.0344e-05
-3.96757e-05
5.3815e-05
-4.59339e-05
4.71538e-05
-5.12713e-05
4.01814e-05
-5.5646e-05
3.29201e-05
-5.89302e-05
2.54254e-05
-6.10346e-05
1.77937e-05
-6.18243e-05
1.0102e-05
-6.11693e-05
2.42224e-06
-5.05654e-06
-5.90101e-05
-1.01731e-05
7.57018e-05
-1.84861e-05
7.30418e-05
-2.51093e-05
6.69665e-05
-3.0948e-05
5.96483e-05
-3.61166e-05
5.23228e-05
-4.06583e-05
4.47164e-05
-4.44757e-05
3.67402e-05
-4.74209e-05
2.83636e-05
-4.93119e-05
1.9689e-05
-4.99345e-05
1.07184e-05
-4.90633e-05
1.55648e-06
-7.49189e-06
-4.66317e-05
-6.86523e-06
8.25622e-05
-1.1716e-05
7.78901e-05
-1.64661e-05
7.17123e-05
-2.08216e-05
6.40009e-05
-2.47994e-05
5.62951e-05
-2.84166e-05
4.83326e-05
-3.15607e-05
3.98797e-05
-3.40597e-05
3.08631e-05
-3.56635e-05
2.12894e-05
-3.60907e-05
1.11477e-05
-3.51016e-05
5.65946e-07
-1.00873e-05
-3.25031e-05
-1.82419e-06
8.43795e-05
-4.66474e-06
8.07251e-05
-6.96602e-06
7.40066e-05
-9.43826e-06
6.64679e-05
-1.20232e-05
5.88757e-05
-1.4577e-05
5.08828e-05
-1.68974e-05
4.21973e-05
-1.87638e-05
3.27274e-05
-1.99202e-05
2.24446e-05
-2.0074e-05
1.13013e-05
-1.89229e-05
-5.84371e-07
-1.28411e-05
-1.61679e-05
2.29771e-06
8.20773e-05
3.95663e-06
7.90587e-05
4.18683e-06
7.37732e-05
3.36622e-06
6.7281e-05
2.09873e-06
6.01373e-05
6.31903e-07
5.23446e-05
-7.66422e-07
4.3592e-05
-1.84357e-06
3.38016e-05
-2.36783e-06
2.29671e-05
-2.04525e-06
1.09782e-05
-5.44892e-07
-2.0845e-06
-1.59174e-05
2.53259e-06
7.93222e-06
7.41361e-05
1.24838e-05
7.45034e-05
1.59133e-05
7.03325e-05
1.7055e-05
6.61337e-05
1.70975e-05
6.00888e-05
1.66729e-05
5.27643e-05
1.62063e-05
4.40548e-05
1.60127e-05
3.39922e-05
1.62953e-05
2.26831e-05
1.73673e-05
9.90538e-06
1.95698e-05
-4.2864e-06
-1.97283e-05
2.3382e-05
1.628e-05
5.78539e-05
2.54358e-05
6.53401e-05
2.95967e-05
6.61721e-05
3.16897e-05
6.40334e-05
3.25694e-05
5.9202e-05
3.2937e-05
5.2391e-05
3.32774e-05
4.37092e-05
3.39656e-05
3.33002e-05
3.51757e-05
2.14703e-05
3.7313e-05
7.76697e-06
4.07371e-05
-7.71064e-06
-2.49513e-05
4.59612e-05
2.35589e-05
3.42924e-05
3.666e-05
5.22405e-05
4.33591e-05
5.94635e-05
4.63767e-05
6.10117e-05
4.78359e-05
5.77384e-05
4.87874e-05
5.14346e-05
4.97904e-05
4.27022e-05
5.13488e-05
3.17388e-05
5.36431e-05
1.9174e-05
5.73043e-05
4.10505e-06
6.26688e-05
-1.30748e-05
7.00498e-05
-3.2331e-05
-0.000108654
-1.16672e-06
-0.000105935
-2.71932e-06
-0.000101731
-4.20195e-06
-9.60736e-05
-5.6568e-06
-8.89626e-05
-7.1088e-06
-8.03373e-05
-8.62392e-06
-7.01138e-05
-1.02215e-05
-5.81788e-05
-1.1933e-05
-4.43945e-05
-1.37826e-05
-2.87804e-05
-1.56121e-05
-1.21278e-05
-1.66489e-05
-1.21264e-05
-9.24531e-05
-2.94055e-06
-8.95586e-05
-5.61386e-06
-8.56599e-05
-8.09893e-06
-8.08943e-05
-1.04214e-05
-7.53264e-05
-1.26748e-05
-6.8991e-05
-1.49581e-05
-6.18179e-05
-1.73925e-05
-5.36146e-05
-2.01343e-05
-4.41123e-05
-2.32827e-05
-3.28068e-05
-2.69158e-05
-1.90221e-05
-3.04308e-05
-3.11477e-05
-7.94767e-05
-5.3515e-06
-7.59617e-05
-9.12839e-06
-7.15869e-05
-1.24727e-05
-6.65731e-05
-1.54343e-05
-6.11113e-05
-1.81355e-05
-5.52886e-05
-2.07796e-05
-4.90681e-05
-2.36117e-05
-4.22994e-05
-2.69014e-05
-3.46736e-05
-3.09068e-05
-2.59841e-05
-3.56035e-05
-1.51717e-05
-4.12419e-05
-4.6319e-05
-6.73927e-05
-8.41762e-06
-6.32144e-05
-1.33065e-05
-5.8209e-05
-1.74767e-05
-5.26978e-05
-2.09447e-05
-4.69841e-05
-2.38478e-05
-4.13123e-05
-2.64504e-05
-3.58111e-05
-2.91113e-05
-3.04623e-05
-3.22487e-05
-2.49613e-05
-3.64062e-05
-1.89234e-05
-4.16401e-05
-1.15311e-05
-4.86336e-05
-5.78471e-05
-5.54443e-05
-1.19855e-05
-5.07036e-05
-1.80438e-05
-4.5147e-05
-2.30334e-05
-3.91917e-05
-2.68972e-05
-3.32788e-05
-2.97593e-05
-2.77894e-05
-3.19374e-05
-2.29846e-05
-3.3914e-05
-1.8964e-05
-3.62676e-05
-1.5532e-05
-3.98357e-05
-1.19974e-05
-4.51737e-05
-7.28583e-06
-5.33355e-05
-6.51308e-05
-4.26818e-05
-1.59304e-05
-3.74931e-05
-2.3233e-05
-3.14957e-05
-2.90263e-05
-2.52106e-05
-3.31799e-05
-1.91964e-05
-3.57696e-05
-1.39624e-05
-3.71676e-05
-9.88008e-06
-3.7993e-05
-7.09595e-06
-3.90477e-05
-5.55975e-06
-4.13688e-05
-4.69501e-06
-4.6027e-05
-3.53387e-06
-5.44937e-05
-6.86543e-05
-2.82896e-05
-2.0143e-05
-2.27692e-05
-2.87495e-05
-1.6479e-05
-3.53132e-05
-1.00224e-05
-3.96317e-05
-4.06311e-06
-4.17242e-05
7.84035e-07
-4.201e-05
4.05706e-06
-4.12615e-05
5.49402e-06
-4.048e-05
5.08128e-06
-4.09486e-05
3.20775e-06
-4.41521e-05
9.73131e-07
-5.22374e-05
-6.76789e-05
-1.17117e-05
-2.4597e-05
-5.92824e-06
-3.45303e-05
5.07045e-07
-4.17445e-05
6.9258e-06
-4.60466e-05
1.25972e-05
-4.7391e-05
1.68287e-05
-4.62377e-05
1.91236e-05
-4.35522e-05
1.91414e-05
-4.04942e-05
1.67402e-05
-3.85455e-05
1.20889e-05
-3.94883e-05
6.137e-06
-4.62858e-05
-6.15318e-05
7.37279e-06
-2.94354e-05
1.34652e-05
-4.06198e-05
1.98971e-05
-4.8173e-05
2.60038e-05
-5.21497e-05
3.10723e-05
-5.2456e-05
3.43734e-05
-4.95356e-05
3.54757e-05
-4.46519e-05
3.40276e-05
-3.90439e-05
2.9738e-05
-3.42525e-05
2.24648e-05
-3.22176e-05
1.25149e-05
-3.63213e-05
-4.902e-05
2.90079e-05
-3.50593e-05
3.56108e-05
-4.72196e-05
4.18892e-05
-5.44485e-05
4.73337e-05
-5.75908e-05
5.13639e-05
-5.64839e-05
5.33094e-05
-5.14789e-05
5.29665e-05
-4.43077e-05
5.00784e-05
-3.61549e-05
4.41775e-05
-2.83524e-05
3.46733e-05
-2.27082e-05
2.07589e-05
-2.24138e-05
-2.82609e-05
5.2981e-05
-4.20767e-05
6.02603e-05
-5.4496e-05
6.61702e-05
-6.0355e-05
7.05925e-05
-6.20105e-05
7.30041e-05
-5.88933e-05
7.31141e-05
-5.15873e-05
7.10852e-05
-4.2278e-05
6.6869e-05
-3.19384e-05
5.994e-05
-2.1423e-05
4.93864e-05
-1.21591e-05
3.22908e-05
-5.31837e-06
4.02664e-06
7.86715e-05
-5.06963e-05
8.60783e-05
-6.19007e-05
9.12382e-05
-6.55126e-05
9.42698e-05
-6.50407e-05
9.45998e-05
-5.92221e-05
9.26403e-05
-4.96273e-05
8.89163e-05
-3.85539e-05
8.36293e-05
-2.6652e-05
7.63827e-05
-1.41784e-05
6.61986e-05
-1.97645e-06
4.83384e-05
1.2538e-05
5.23563e-05
4.5931e-06
-4.6113e-06
-4.08824e-06
8.67414e-06
-2.32455e-05
1.91546e-05
-4.3831e-05
2.05798e-05
-6.11125e-05
1.72813e-05
-7.5543e-05
1.44233e-05
-8.7035e-05
1.14925e-05
-9.60667e-05
9.025e-06
-0.000102689
6.62355e-06
-0.000107124
4.42985e-06
-0.000109513
2.39189e-06
5.08148e-07
-0.000110023
-2.09373e-05
1.63217e-05
-3.928e-05
2.70147e-05
-5.14146e-05
3.12876e-05
-6.0509e-05
2.96708e-05
-6.90975e-05
2.58684e-05
-7.67544e-05
2.20763e-05
-8.33391e-05
1.8076e-05
-8.84356e-05
1.41176e-05
-9.20755e-05
1.02634e-05
-9.42492e-05
6.60112e-06
-9.50081e-05
3.15218e-06
-4.63868e-08
-9.44544e-05
-1.87666e-05
3.50857e-05
-3.41098e-05
4.23558e-05
-4.52368e-05
4.2413e-05
-5.38698e-05
3.83012e-05
-6.17013e-05
3.36984e-05
-6.84451e-05
2.88171e-05
-7.40438e-05
2.36736e-05
-7.83866e-05
1.8458e-05
-8.13964e-05
1.32731e-05
-8.30289e-05
8.23247e-06
-8.32763e-05
3.40024e-06
-1.17837e-06
-8.21444e-05
-1.65629e-05
5.1646e-05
-2.8933e-05
5.47233e-05
-3.87697e-05
5.22478e-05
-4.72202e-05
4.6749e-05
-5.45288e-05
4.10052e-05
-6.06485e-05
3.49342e-05
-6.55969e-05
2.86211e-05
-6.93303e-05
2.21895e-05
-7.17768e-05
1.57194e-05
-7.28564e-05
9.31102e-06
-7.25158e-05
3.05994e-06
-2.94861e-06
-7.07458e-05
-1.41117e-05
6.57533e-05
-2.43369e-05
6.49444e-05
-3.26146e-05
6.05221e-05
-3.98402e-05
5.39706e-05
-4.61362e-05
4.72984e-05
-5.15139e-05
4.03087e-05
-5.59231e-05
3.30285e-05
-5.92384e-05
2.55028e-05
-6.13585e-05
1.78385e-05
-6.21586e-05
1.01097e-05
-6.14997e-05
2.40063e-06
-5.12228e-06
-5.9327e-05
-1.02015e-05
7.5947e-05
-1.85908e-05
7.33281e-05
-2.52426e-05
6.71676e-05
-3.11125e-05
5.98354e-05
-3.63207e-05
5.25012e-05
-4.08975e-05
4.48822e-05
-4.47557e-05
3.68827e-05
-4.77331e-05
2.84784e-05
-4.96568e-05
1.97592e-05
-5.02915e-05
1.0744e-05
-4.94213e-05
1.52813e-06
-7.57655e-06
-4.69664e-05
-6.80078e-06
8.27339e-05
-1.18425e-05
7.83603e-05
-1.65885e-05
7.19062e-05
-2.09754e-05
6.42147e-05
-2.4992e-05
5.65125e-05
-2.86527e-05
4.8537e-05
-3.18344e-05
4.00616e-05
-3.43702e-05
3.10099e-05
-3.60011e-05
2.13891e-05
-3.64477e-05
1.11875e-05
-3.54556e-05
5.36348e-07
-1.01965e-05
-3.28375e-05
-2.11683e-06
8.48438e-05
-4.45013e-06
8.06847e-05
-6.98058e-06
7.44294e-05
-9.55287e-06
6.67797e-05
-1.21918e-05
5.91454e-05
-1.47886e-05
5.11288e-05
-1.71465e-05
4.24152e-05
-1.90451e-05
3.29053e-05
-2.0227e-05
2.25682e-05
-2.03955e-05
1.13542e-05
-1.92425e-05
-6.18122e-07
-1.29753e-05
-1.64644e-05
2.53223e-06
8.22975e-05
3.68329e-06
7.9524e-05
4.07138e-06
7.40335e-05
3.25624e-06
6.75873e-05
1.95814e-06
6.0437e-05
4.56945e-07
5.26241e-05
-9.72078e-07
4.38395e-05
-2.07325e-06
3.40024e-05
-2.61443e-06
2.31062e-05
-2.29839e-06
1.10356e-05
-7.90373e-07
-2.12814e-06
-1.60825e-05
2.31547e-06
7.86489e-06
7.44274e-05
1.25833e-05
7.47996e-05
1.58984e-05
7.07116e-05
1.69931e-05
6.64874e-05
1.70007e-05
6.04236e-05
1.65459e-05
5.30743e-05
1.6056e-05
4.43247e-05
1.58488e-05
3.4206e-05
1.61265e-05
2.28252e-05
1.72054e-05
9.95427e-06
1.94284e-05
-4.35335e-06
-1.99391e-05
2.32836e-05
1.63734e-05
5.80443e-05
2.55081e-05
6.56594e-05
2.96326e-05
6.65829e-05
3.1684e-05
6.44309e-05
3.25263e-05
5.95754e-05
3.2864e-05
5.27311e-05
3.31854e-05
4.39978e-05
3.38685e-05
3.3518e-05
3.50857e-05
2.16039e-05
3.72461e-05
7.79043e-06
4.07116e-05
-7.82149e-06
-2.52349e-05
4.60055e-05
2.36396e-05
3.44041e-05
3.6768e-05
5.25305e-05
4.34676e-05
5.98828e-05
4.64373e-05
6.14588e-05
4.78515e-05
5.81587e-05
4.87682e-05
5.18104e-05
4.97514e-05
4.30111e-05
5.13101e-05
3.19556e-05
5.36213e-05
1.92897e-05
5.73247e-05
4.08448e-06
6.27573e-05
-1.3256e-05
7.02376e-05
-3.27162e-05
-0.000108838
-1.18257e-06
-0.000106097
-2.74066e-06
-0.000101872
-4.2212e-06
-9.61925e-05
-5.67752e-06
-8.90603e-05
-7.12833e-06
-8.04156e-05
-8.642e-06
-7.01739e-05
-1.02378e-05
-5.8223e-05
-1.19472e-05
-4.44259e-05
-1.37937e-05
-2.88021e-05
-1.56198e-05
-1.21393e-05
-1.66545e-05
-1.21364e-05
-9.26629e-05
-2.97181e-06
-8.97514e-05
-5.65166e-06
-8.58299e-05
-8.13968e-06
-8.10422e-05
-1.04634e-05
-7.54515e-05
-1.27156e-05
-6.90952e-05
-1.49959e-05
-6.19025e-05
-1.74268e-05
-5.36816e-05
-2.01644e-05
-4.41617e-05
-2.33095e-05
-3.28386e-05
-2.69389e-05
-1.90346e-05
-3.04531e-05
-3.11696e-05
-7.97136e-05
-5.40141e-06
-7.61748e-05
-9.18965e-06
-7.17725e-05
-1.25404e-05
-6.67306e-05
-1.55038e-05
-6.12417e-05
-1.82026e-05
-5.53943e-05
-2.08414e-05
-4.91518e-05
-2.36668e-05
-4.23642e-05
-2.69493e-05
-3.47218e-05
-3.09492e-05
-2.60178e-05
-3.56404e-05
-1.5189e-05
-4.12794e-05
-4.63584e-05
-6.76558e-05
-8.49086e-06
-6.34469e-05
-1.33982e-05
-5.84066e-05
-1.75798e-05
-5.28591e-05
-2.10503e-05
-4.7111e-05
-2.39493e-05
-4.14083e-05
-2.65425e-05
-3.58815e-05
-2.91918e-05
-3.05131e-05
-3.23157e-05
-2.49984e-05
-3.64624e-05
-1.8946e-05
-4.1692e-05
-1.15419e-05
-4.86834e-05
-5.78984e-05
-5.573e-05
-1.20876e-05
-5.09516e-05
-1.81768e-05
-4.5349e-05
-2.31815e-05
-3.9349e-05
-2.70495e-05
-3.33935e-05
-2.99033e-05
-2.78685e-05
-3.20659e-05
-2.30349e-05
-3.40236e-05
-1.89928e-05
-3.63566e-05
-1.55462e-05
-3.99079e-05
-1.20025e-05
-4.5234e-05
-7.28976e-06
-5.33908e-05
-6.51866e-05
-4.29832e-05
-1.60722e-05
-3.77437e-05
-2.34148e-05
-3.16931e-05
-2.92317e-05
-2.53526e-05
-3.33878e-05
-1.92902e-05
-3.59637e-05
-1.40172e-05
-3.73361e-05
-9.90677e-06
-3.81316e-05
-7.10378e-06
-3.91569e-05
-5.55466e-06
-4.14521e-05
-4.68973e-06
-4.60949e-05
-3.52782e-06
-5.45484e-05
-6.8708e-05
-2.85813e-05
-2.03271e-05
-2.30055e-05
-2.89907e-05
-1.66516e-05
-3.55832e-05
-1.01342e-05
-3.99032e-05
-4.12262e-06
-4.19718e-05
7.63327e-07
-4.22189e-05
4.06193e-06
-4.14262e-05
5.51364e-06
-4.06038e-05
5.10326e-06
-4.10403e-05
3.23083e-06
-4.42162e-05
9.8398e-07
-5.22904e-05
-6.77222e-05
-1.19627e-05
-2.48292e-05
-6.11715e-06
-3.48354e-05
3.84476e-07
-4.20837e-05
6.86609e-06
-4.63822e-05
1.2587e-05
-4.76903e-05
1.68522e-05
-4.64807e-05
1.91648e-05
-4.37359e-05
1.91878e-05
-4.06252e-05
1.67866e-05
-3.86336e-05
1.21241e-05
-3.95507e-05
6.16242e-06
-4.63259e-05
-6.15508e-05
7.2063e-06
-2.97205e-05
1.33636e-05
-4.09925e-05
1.98593e-05
-4.8578e-05
2.60216e-05
-5.25426e-05
3.11291e-05
-5.27953e-05
3.445e-05
-4.97991e-05
3.55567e-05
-4.48405e-05
3.41035e-05
-3.9169e-05
2.98004e-05
-3.43316e-05
2.25152e-05
-3.22623e-05
1.25441e-05
-3.63434e-05
-4.90075e-05
2.89708e-05
-3.54084e-05
3.56413e-05
-4.76628e-05
4.19729e-05
-5.49084e-05
4.74555e-05
-5.80238e-05
5.15019e-05
-5.68396e-05
5.34439e-05
-5.17397e-05
5.30864e-05
-4.44815e-05
5.0178e-05
-3.62609e-05
4.42576e-05
-2.84088e-05
3.47311e-05
-2.27339e-05
2.07943e-05
-2.24085e-05
-2.82051e-05
5.31036e-05
-4.25071e-05
6.04481e-05
-5.5007e-05
6.63931e-05
-6.0852e-05
7.08275e-05
-6.24566e-05
7.32222e-05
-5.92326e-05
7.32995e-05
-5.18157e-05
7.12342e-05
-4.24153e-05
6.69846e-05
-3.20103e-05
6.00263e-05
-2.14517e-05
4.94518e-05
-1.21592e-05
3.23378e-05
-5.28859e-06
4.12581e-06
7.89442e-05
-5.12141e-05
8.63928e-05
-6.24551e-05
9.1567e-05
-6.60256e-05
9.45792e-05
-6.54677e-05
9.48598e-05
-5.95127e-05
9.28469e-05
-4.98021e-05
8.90732e-05
-3.86417e-05
8.37442e-05
-2.66821e-05
7.64652e-05
-1.41723e-05
6.62576e-05
-1.95279e-06
4.83717e-05
1.25929e-05
5.25002e-05
4.67685e-06
-4.68061e-06
-3.74133e-06
8.42403e-06
-2.2751e-05
1.901e-05
-4.33909e-05
2.06397e-05
-6.06991e-05
1.73094e-05
-7.51685e-05
1.44667e-05
-8.66912e-05
1.15244e-05
-9.57599e-05
9.06523e-06
-0.000102424
6.66613e-06
-0.000106896
4.46892e-06
-0.000109324
2.42999e-06
5.46433e-07
-0.000109873
-2.07396e-05
1.60587e-05
-3.91118e-05
2.67965e-05
-5.12927e-05
3.11902e-05
-6.03227e-05
2.96686e-05
-6.88808e-05
2.5867e-05
-7.6515e-05
2.20988e-05
-8.30937e-05
1.8103e-05
-8.8192e-05
1.41613e-05
-9.18409e-05
1.03155e-05
-9.40329e-05
6.65896e-06
-9.48154e-05
3.21334e-06
1.75815e-08
-9.42878e-05
-1.86943e-05
3.47509e-05
-3.40177e-05
4.21185e-05
-4.51196e-05
4.22904e-05
-5.36979e-05
3.82447e-05
-6.14917e-05
3.36595e-05
-6.82045e-05
2.88091e-05
-7.37885e-05
2.36866e-05
-7.81257e-05
1.84964e-05
-8.1142e-05
1.33321e-05
-8.27913e-05
8.30685e-06
-8.30641e-05
3.48678e-06
-1.08298e-06
-8.19641e-05
-1.64991e-05
5.12477e-05
-2.88276e-05
5.44443e-05
-3.86185e-05
5.2079e-05
-4.70151e-05
4.66378e-05
-5.42861e-05
4.09285e-05
-6.03771e-05
3.48973e-05
-6.53122e-05
2.86208e-05
-6.90433e-05
2.22254e-05
-7.14994e-05
1.57882e-05
-7.26015e-05
9.40764e-06
-7.22921e-05
3.17806e-06
-2.81642e-06
-7.05594e-05
-1.40403e-05
6.5285e-05
-2.42058e-05
6.46086e-05
-3.2428e-05
6.02975e-05
-3.96048e-05
5.38128e-05
-4.58647e-05
4.71837e-05
-5.12128e-05
4.02449e-05
-5.56096e-05
3.30128e-05
-5.89234e-05
2.55405e-05
-6.10582e-05
1.79183e-05
-6.18833e-05
1.02355e-05
-6.12648e-05
2.55539e-06
-4.94228e-06
-5.91353e-05
-1.01427e-05
7.54262e-05
-1.84259e-05
7.28883e-05
-2.50304e-05
6.69009e-05
-3.08624e-05
5.96389e-05
-3.60336e-05
5.2355e-05
-4.05885e-05
4.47925e-05
-4.44304e-05
3.68573e-05
-4.74102e-05
2.85127e-05
-4.93388e-05
1.98512e-05
-5.00029e-05
1.08928e-05
-4.91726e-05
1.73061e-06
-7.34397e-06
-4.67754e-05
-6.83456e-06
8.22554e-05
-1.16552e-05
7.7706e-05
-1.63805e-05
7.16214e-05
-2.0725e-05
6.398e-05
-2.47037e-05
5.6328e-05
-2.83327e-05
4.84202e-05
-3.14988e-05
4.00183e-05
-3.40284e-05
3.10426e-05
-3.56764e-05
2.14953e-05
-3.61508e-05
1.1369e-05
-3.52049e-05
7.82961e-07
-9.90189e-06
-3.2644e-05
-1.79436e-06
8.40423e-05
-4.60181e-06
8.05076e-05
-6.87618e-06
7.38885e-05
-9.33465e-06
6.64328e-05
-1.19181e-05
5.89067e-05
-1.44809e-05
5.09791e-05
-1.68201e-05
4.23543e-05
-1.87145e-05
3.29348e-05
-1.99089e-05
2.26882e-05
-2.01049e-05
1.15646e-05
-1.89963e-05
-3.2528e-07
-1.26177e-05
-1.62796e-05
2.31901e-06
8.17185e-05
4.00534e-06
7.88134e-05
4.27202e-06
7.36182e-05
3.47013e-06
6.72268e-05
2.20734e-06
6.01632e-05
7.35392e-07
5.24456e-05
-6.76432e-07
4.37622e-05
-1.77464e-06
3.40297e-05
-2.32694e-06
2.32384e-05
-2.03713e-06
1.12739e-05
-5.72097e-07
-1.79041e-06
-1.56603e-05
2.4715e-06
7.95196e-06
7.37568e-05
1.25282e-05
7.42329e-05
1.59843e-05
7.01503e-05
1.71481e-05
6.60569e-05
1.71992e-05
6.01057e-05
1.67744e-05
5.28651e-05
1.63005e-05
4.4232e-05
1.6094e-05
3.42328e-05
1.63587e-05
2.29718e-05
1.74087e-05
1.02227e-05
1.95863e-05
-3.96775e-06
-1.94484e-05
2.33753e-05
1.62166e-05
5.75373e-05
2.54171e-05
6.50241e-05
2.96362e-05
6.59312e-05
3.17579e-05
6.39273e-05
3.26504e-05
5.92056e-05
3.30234e-05
5.2486e-05
3.3362e-05
4.38877e-05
3.40435e-05
3.35471e-05
3.52429e-05
2.17693e-05
3.73656e-05
8.09851e-06
4.07746e-05
-7.37716e-06
-2.46644e-05
4.59914e-05
2.34821e-05
3.40517e-05
3.65843e-05
5.19228e-05
4.33376e-05
5.91676e-05
4.63992e-05
6.0861e-05
4.78787e-05
5.77212e-05
4.88427e-05
5.15167e-05
4.98476e-05
4.28785e-05
5.14014e-05
3.19899e-05
5.36868e-05
1.94815e-05
5.73357e-05
4.44847e-06
6.26944e-05
-1.27359e-05
7.00901e-05
-3.2059e-05
-0.00010872
-1.14999e-06
-0.000106011
-2.71022e-06
-0.000101814
-4.19458e-06
-9.61582e-05
-5.65588e-06
-8.90433e-05
-7.11271e-06
-8.04126e-05
-8.62966e-06
-7.01778e-05
-1.02328e-05
-5.82316e-05
-1.19445e-05
-4.44329e-05
-1.37971e-05
-2.88043e-05
-1.56267e-05
-1.21376e-05
-1.66633e-05
-1.21363e-05
-9.25264e-05
-2.91008e-06
-8.96441e-05
-5.59282e-06
-8.57499e-05
-8.08712e-06
-8.09856e-05
-1.04195e-05
-7.54153e-05
-1.26812e-05
-6.90722e-05
-1.49718e-05
-6.18904e-05
-1.74127e-05
-5.36742e-05
-2.01589e-05
-4.41587e-05
-2.33105e-05
-3.28388e-05
-2.69449e-05
-1.90394e-05
-3.04601e-05
-3.11751e-05
-7.95684e-05
-5.30483e-06
-7.60636e-05
-9.09747e-06
-7.16915e-05
-1.24582e-05
-6.66749e-05
-1.54355e-05
-6.12049e-05
-1.81501e-05
-5.53709e-05
-2.08048e-05
-4.91375e-05
-2.3645e-05
-4.23548e-05
-2.69402e-05
-3.47146e-05
-3.09492e-05
-2.60111e-05
-3.56468e-05
-1.51851e-05
-4.12848e-05
-4.63599e-05
-6.75094e-05
-8.35355e-06
-6.33397e-05
-1.32672e-05
-5.83336e-05
-1.7463e-05
-5.2814e-05
-2.09545e-05
-4.70861e-05
-2.38766e-05
-4.13973e-05
-2.64929e-05
-3.58785e-05
-2.91623e-05
-3.05133e-05
-3.2304e-05
-2.49977e-05
-3.64634e-05
-1.89454e-05
-4.1698e-05
-1.1542e-05
-4.86878e-05
-5.78993e-05
-5.55891e-05
-1.19023e-05
-5.08554e-05
-1.79975e-05
-4.52944e-05
-2.30246e-05
-3.93242e-05
-2.69218e-05
-3.339e-05
-2.98098e-05
-2.78763e-05
-3.20041e-05
-2.30483e-05
-3.39887e-05
-1.90075e-05
-3.6343e-05
-1.55596e-05
-3.99093e-05
-1.20129e-05
-4.52439e-05
-7.29321e-06
-5.3399e-05
-6.51908e-05
-4.2847e-05
-1.58254e-05
-3.7665e-05
-2.31806e-05
-3.16592e-05
-2.90257e-05
-2.53539e-05
-3.32251e-05
-1.93109e-05
-3.58485e-05
-1.40465e-05
-3.72652e-05
-9.93622e-06
-3.80956e-05
-7.12974e-06
-3.91462e-05
-5.57705e-06
-4.14591e-05
-4.70252e-06
-4.61084e-05
-3.5344e-06
-5.45649e-05
-6.87159e-05
-2.84549e-05
-2.00141e-05
-2.29405e-05
-2.8691e-05
-1.66398e-05
-3.53234e-05
-1.01595e-05
-3.97005e-05
-4.16733e-06
-4.18362e-05
7.14505e-07
-4.21422e-05
4.01749e-06
-4.13943e-05
5.47697e-06
-4.06012e-05
5.07814e-06
-4.10536e-05
3.2115e-06
-4.42408e-05
9.77792e-07
-5.2312e-05
-6.77366e-05
-1.18483e-05
-2.44433e-05
-6.06929e-06
-3.44675e-05
3.77827e-07
-4.17666e-05
6.81951e-06
-4.61384e-05
1.25244e-05
-4.75366e-05
1.67899e-05
-4.6404e-05
1.91126e-05
-4.37131e-05
1.91493e-05
-4.06346e-05
1.67578e-05
-3.86604e-05
1.21077e-05
-3.95798e-05
6.152e-06
-4.63575e-05
-6.15766e-05
7.29035e-06
-2.92606e-05
1.33851e-05
-4.05594e-05
1.98324e-05
-4.82104e-05
2.59579e-05
-5.22601e-05
3.10565e-05
-5.26318e-05
3.4385e-05
-4.97294e-05
3.55066e-05
-4.48324e-05
3.40691e-05
-3.91952e-05
2.97813e-05
-3.43697e-05
2.25025e-05
-3.23037e-05
1.25384e-05
-3.63818e-05
-4.90416e-05
2.89912e-05
-3.48747e-05
3.56137e-05
-4.71788e-05
4.19177e-05
-5.45116e-05
4.73777e-05
-5.77167e-05
5.14298e-05
-5.66815e-05
5.33892e-05
-5.16867e-05
5.30501e-05
-4.44921e-05
5.01593e-05
-3.63038e-05
4.42506e-05
-2.8462e-05
3.47328e-05
-2.27821e-05
2.07968e-05
-2.24526e-05
-2.82459e-05
5.30217e-05
-4.19027e-05
6.03463e-05
-5.45006e-05
6.62934e-05
-6.04551e-05
7.07388e-05
-6.21596e-05
7.31649e-05
-5.91055e-05
7.32701e-05
-5.17904e-05
7.12245e-05
-4.24459e-05
6.69891e-05
-3.20685e-05
6.00403e-05
-2.15132e-05
4.94685e-05
-1.22143e-05
3.23497e-05
-5.33488e-06
4.09784e-06
7.87495e-05
-5.05601e-05
8.62269e-05
-6.19759e-05
9.14317e-05
-6.56575e-05
9.44925e-05
-6.52191e-05
9.48306e-05
-5.94425e-05
9.28535e-05
-4.98132e-05
8.90995e-05
-3.8692e-05
8.378e-05
-2.67499e-05
7.65038e-05
-1.42389e-05
6.62955e-05
-2.00749e-06
4.84036e-05
1.25521e-05
5.24968e-05
6.31606e-05
4.99257e-05
-7.9125e-05
6.00547e-05
5.51484e-05
6.06871e-05
5.88816e-05
6.17823e-05
6.0195e-05
6.29101e-05
5.70229e-05
6.40274e-05
5.08031e-05
6.54745e-05
4.17837e-05
6.78911e-05
2.98522e-05
7.15526e-05
1.59671e-05
7.74059e-05
-1.46487e-06
8.53847e-05
-2.10218e-05
-4.22552e-05
9.50119e-05
9.06805e-05
5.52247e-05
-9.59801e-05
8.5192e-05
6.06379e-05
8.11013e-05
6.2973e-05
7.89864e-05
6.23102e-05
7.84056e-05
5.76035e-05
7.88663e-05
5.03415e-05
8.06356e-05
4.00135e-05
8.40532e-05
2.64334e-05
8.96234e-05
1.03959e-05
9.82448e-05
-1.0087e-05
0.000108602
-3.13792e-05
-5.29253e-05
0.000119272
0.000104349
5.75099e-05
-0.000106634
0.000101356
6.36332e-05
9.82183e-05
6.61128e-05
9.57395e-05
6.47903e-05
9.42259e-05
5.91173e-05
9.3901e-05
5.0666e-05
9.56495e-05
3.82639e-05
0.000100285
2.17964e-05
0.000108925
1.75428e-06
0.000120524
-2.16875e-05
0.000131929
-4.27854e-05
-6.26133e-05
0.000141617
0.000112292
-0.000113723
5.89413e-05
0.000110684
6.52425e-05
0.000109006
6.77928e-05
0.000107367
6.64313e-05
0.000106272
6.02139e-05
0.000107125
4.98136e-05
0.000111253
3.41354e-05
0.000120147
1.29014e-05
0.000133149
-1.1248e-05
0.000145323
-3.38621e-05
0.000153895
-5.13577e-05
0.000158945
-6.76626e-05
0.000104378
-6.0566e-05
0.000110887
-6.89573e-05
0.000114841
-6.99684e-05
0.000115866
-6.64642e-05
0.000113845
-5.74296e-05
0.000110045
-4.59094e-05
0.00010507
-3.35604e-05
9.9218e-05
-2.07278e-05
9.24465e-05
-7.31258e-06
8.45297e-05
6.03024e-06
7.67125e-05
2.04195e-05
5.02491e-05
7.88475e-05
0.000127722
-6.90151e-05
0.000132355
-7.35883e-05
0.000133924
-7.15361e-05
0.000131981
-6.45209e-05
0.000128046
-5.34938e-05
0.000123269
-4.11323e-05
0.000117909
-2.82007e-05
0.00011212
-1.49395e-05
0.000106021
-1.21459e-06
9.96279e-05
1.24205e-05
9.4407e-05
2.56381e-05
4.89195e-05
9.57367e-05
0.000146785
-7.41821e-05
0.00014776
-7.45617e-05
0.000145855
-6.96303e-05
0.000141635
-6.02995e-05
0.000136806
-4.86641e-05
0.000131837
-3.61626e-05
0.000126776
-2.31399e-05
0.000121572
-9.73477e-06
0.000116312
4.04382e-06
0.000110999
1.77345e-05
0.000106327
3.03084e-05
4.88108e-05
0.000106434
0.0001591
-7.43364e-05
0.000156439
-7.18989e-05
0.000151496
-6.46869e-05
0.000145979
-5.47823e-05
0.000140958
-4.36431e-05
0.000136353
-3.15584e-05
0.000131932
-1.87201e-05
0.000127487
-5.29022e-06
0.000123105
8.42463e-06
0.000118846
2.19902e-05
0.000114778
3.43765e-05
0.000113574
5.00153e-05
6.3083e-05
5.00575e-05
6.00332e-05
5.52878e-05
6.06624e-05
5.88383e-05
6.17966e-05
5.98739e-05
6.29882e-05
5.65433e-05
6.41464e-05
5.02723e-05
6.56328e-05
4.12121e-05
6.80749e-05
2.92931e-05
7.17245e-05
1.55219e-05
7.75003e-05
-1.67219e-06
8.53416e-05
-2.09167e-05
-4.17976e-05
9.48087e-05
9.05269e-05
5.52686e-05
8.51304e-05
6.06883e-05
8.11357e-05
6.28285e-05
7.90649e-05
6.19446e-05
7.85242e-05
5.70826e-05
7.90199e-05
4.9775e-05
8.08209e-05
3.94091e-05
8.42398e-05
2.58725e-05
8.97521e-05
1.00083e-05
9.82371e-05
-1.01578e-05
0.000108428
-3.11076e-05
-5.23342e-05
0.000118966
0.000104191
5.75127e-05
0.000101286
6.35928e-05
9.82367e-05
6.58825e-05
9.58486e-05
6.43327e-05
9.4365e-05
5.85652e-05
9.40861e-05
5.00526e-05
9.5852e-05
3.7641e-05
0.000100456
2.12664e-05
0.000108975
1.48735e-06
0.000120393
-2.15776e-05
0.000131644
-4.23598e-05
-6.19594e-05
0.000141269
0.000112167
5.89201e-05
0.000110643
6.51202e-05
0.000109025
6.74995e-05
0.000107441
6.59184e-05
0.000106422
5.95845e-05
0.00010734
4.91351e-05
0.000111486
3.34947e-05
0.000120292
1.2459e-05
0.000133093
-1.13144e-05
0.000145092
-3.35775e-05
0.000153595
-5.08621e-05
0.000158652
-6.70149e-05
0.000104066
-5.99519e-05
0.000110546
-6.83794e-05
0.000114518
-6.94825e-05
0.0001156
-6.61216e-05
0.000113647
-5.72681e-05
0.000109907
-4.58875e-05
0.000104989
-3.3635e-05
9.91867e-05
-2.08506e-05
9.24562e-05
-7.44876e-06
8.45675e-05
5.90962e-06
7.67601e-05
2.03402e-05
5.02269e-05
7.889e-05
0.000127394
-6.83794e-05
0.000132058
-7.30416e-05
0.000133681
-7.11048e-05
0.000131823
-6.42634e-05
0.00012795
-5.33954e-05
0.000123219
-4.11562e-05
0.000117893
-2.83097e-05
0.000112133
-1.50911e-05
0.000106058
-1.37588e-06
9.96842e-05
1.2281e-05
9.44708e-05
2.55516e-05
4.88915e-05
9.58043e-05
0.000146485
-7.35944e-05
0.000147526
-7.40816e-05
0.000145705
-6.92836e-05
0.000141568
-6.01255e-05
0.000136799
-4.86258e-05
0.000131865
-3.62227e-05
0.000126824
-2.3268e-05
0.00012163
-9.89782e-06
0.000116379
3.87455e-06
0.000111073
1.75867e-05
0.000106405
3.02173e-05
4.87851e-05
0.000106512
0.000158875
-7.38157e-05
0.0001563
-7.15058e-05
0.000151466
-6.44491e-05
0.000146018
-5.46777e-05
0.000141033
-4.36413e-05
0.000136446
-3.16355e-05
0.000132029
-1.88522e-05
0.000127583
-5.45183e-06
0.000123197
8.25944e-06
0.000118933
2.18491e-05
0.00011486
3.4288e-05
0.000113649
4.99983e-05
6.31523e-05
5.01433e-05
6.01598e-05
5.5525e-05
6.08121e-05
5.92318e-05
6.19086e-05
6.03617e-05
6.30528e-05
5.70127e-05
6.41699e-05
5.06904e-05
6.56325e-05
4.1545e-05
6.80794e-05
2.95049e-05
7.1756e-05
1.56098e-05
7.75977e-05
-1.76e-06
8.55326e-05
-2.11931e-05
-4.22942e-05
9.51089e-05
9.05991e-05
5.53508e-05
8.52205e-05
6.09077e-05
8.12452e-05
6.32096e-05
7.91693e-05
6.24404e-05
7.86013e-05
5.75814e-05
7.90618e-05
5.02297e-05
8.08451e-05
3.97604e-05
8.42759e-05
2.60728e-05
8.98301e-05
1.00543e-05
9.84071e-05
-1.03381e-05
0.000108704
-3.14909e-05
-5.29306e-05
0.00011934
0.000104262
5.76044e-05
0.000101364
6.38092e-05
9.8325e-05
6.62524e-05
9.59374e-05
6.48308e-05
9.4445e-05
5.90746e-05
9.41465e-05
5.05279e-05
9.59008e-05
3.80046e-05
0.000100515
2.14569e-05
0.0001091
1.46669e-06
0.000120632
-2.1871e-05
0.000131984
-4.28454e-05
-6.26203e-05
0.000141672
0.000112233
5.90226e-05
0.000110701
6.53447e-05
0.000109081
6.78766e-05
0.000107504
6.64114e-05
0.000106467
6.01154e-05
0.000107364
4.9632e-05
0.000111504
3.38654e-05
0.000120359
1.26021e-05
0.000133281
-1.14554e-05
0.000145389
-3.39789e-05
0.000153952
-5.14094e-05
0.000159037
-6.77048e-05
0.000104445
-6.05512e-05
0.000110939
-6.89489e-05
0.000114885
-6.99704e-05
0.000115908
-6.64903e-05
0.000113889
-5.74931e-05
0.000110092
-4.60044e-05
0.000105124
-3.36734e-05
9.92826e-05
-2.08406e-05
9.25236e-05
-7.41474e-06
8.46209e-05
5.94943e-06
7.68297e-05
2.03837e-05
5.02784e-05
7.90468e-05
0.000127786
-6.89977e-05
0.00013242
-7.35824e-05
0.000133996
-7.15464e-05
0.000132066
-6.456e-05
0.000128134
-5.35606e-05
0.000123351
-4.12222e-05
0.000117984
-2.83073e-05
0.000112193
-1.50507e-05
0.0001061
-1.32133e-06
9.97181e-05
1.23281e-05
9.4524e-05
2.55754e-05
4.89038e-05
9.58987e-05
0.00014686
-7.41863e-05
0.00014785
-7.45724e-05
0.000145957
-6.96524e-05
0.000141744
-6.03473e-05
0.000136916
-4.87323e-05
0.000131939
-3.62446e-05
0.000126866
-2.32342e-05
0.000121651
-9.83613e-06
0.000116388
3.94085e-06
0.000111079
1.76376e-05
0.000106422
3.02311e-05
4.8766e-05
0.000106558
0.000159208
-7.43576e-05
0.000156555
-7.19189e-05
0.000151617
-6.47148e-05
0.000146098
-5.48283e-05
0.000141069
-4.37035e-05
0.000136454
-3.16299e-05
0.000132021
-1.88025e-05
0.000127566
-5.38132e-06
0.000123178
8.32791e-06
0.000118917
2.18954e-05
0.000114854
3.42933e-05
0.000113669
4.99517e-05
6.31482e-05
4.99507e-05
6.00143e-05
5.50537e-05
6.06196e-05
5.8566e-05
6.17665e-05
5.97099e-05
6.29698e-05
5.65137e-05
6.41482e-05
5.03337e-05
6.56382e-05
4.13844e-05
6.80733e-05
2.95507e-05
7.17107e-05
1.58413e-05
7.74765e-05
-1.31918e-06
8.53294e-05
-2.05897e-05
-4.15683e-05
9.4839e-05
9.06583e-05
5.51921e-05
8.5203e-05
6.05128e-05
8.11224e-05
6.26414e-05
7.90162e-05
6.18156e-05
7.84664e-05
5.70618e-05
7.89639e-05
4.98343e-05
8.07546e-05
3.95914e-05
8.41592e-05
2.6144e-05
8.96555e-05
1.03434e-05
9.81439e-05
-9.80854e-06
0.000108379
-3.08251e-05
-5.21839e-05
0.000118995
0.000104322
5.74294e-05
0.000101374
6.34604e-05
9.82594e-05
6.57599e-05
9.5803e-05
6.42714e-05
9.42967e-05
5.85667e-05
9.39867e-05
5.01427e-05
9.57247e-05
3.78508e-05
0.000100295
2.15711e-05
0.000108799
1.83674e-06
0.00012026
-2.12706e-05
0.000131601
-4.2167e-05
-6.19174e-05
0.000141334
0.000112272
5.88274e-05
0.000110729
6.50065e-05
0.000109072
6.74156e-05
0.000107441
6.59027e-05
0.000106369
5.964e-05
0.000107224
4.92869e-05
0.000111309
3.37652e-05
0.000120066
1.28124e-05
0.000132898
-1.09959e-05
0.000145009
-3.33824e-05
0.000153633
-5.07913e-05
0.000158784
-6.70673e-05
0.00010418
-5.98998e-05
0.000110732
-6.85266e-05
0.00011474
-6.96634e-05
0.000115853
-6.63314e-05
0.000113896
-5.74847e-05
0.000110133
-4.60498e-05
0.000105183
-3.37414e-05
9.93466e-05
-2.09145e-05
9.25884e-05
-7.48165e-06
8.46837e-05
5.89475e-06
7.68912e-05
2.03414e-05
5.02606e-05
0.000127521
-6.84242e-05
0.000132223
-7.32271e-05
0.000133877
-7.13171e-05
0.000132043
-6.44973e-05
0.00012816
-5.36016e-05
0.00012341
-4.13002e-05
0.00011806
-2.83929e-05
0.000112275
-1.51304e-05
0.000106181
-1.38918e-06
9.97977e-05
1.22759e-05
9.46021e-05
2.55342e-05
4.88815e-05
0.000146625
-7.37149e-05
0.000147688
-7.42891e-05
0.00014589
-6.9519e-05
0.000141752
-6.03588e-05
0.00013696
-4.88092e-05
0.000132004
-3.63441e-05
0.000126943
-2.33319e-05
0.000121733
-9.92089e-06
0.000116472
3.87155e-06
0.000111162
1.75842e-05
0.000106504
3.01918e-05
4.87509e-05
0.000159036
-7.39655e-05
0.000156463
-7.17149e-05
0.000151619
-6.46749e-05
0.000146143
-5.48829e-05
0.000141132
-4.37987e-05
0.000136522
-3.17354e-05
0.00013209
-1.89006e-05
0.000127634
-5.46563e-06
0.000123245
8.25889e-06
0.000118986
2.18423e-05
0.000114922
3.42536e-05
4.99508e-05
-4.19612e-05
5.99323e-05
4.09735e-05
-4.29896e-05
6.62738e-05
-4.36235e-05
6.84305e-05
-4.30069e-05
6.58182e-05
-3.99249e-05
5.71345e-05
-3.29383e-05
4.28283e-05
-2.19508e-05
2.31478e-05
-9.65268e-06
6.0201e-07
1.6614e-07
-2.10686e-05
5.66218e-06
-3.93596e-05
8.31008e-06
-5.4007e-05
-6.79044e-05
8.55229e-06
-4.08295e-05
6.0412e-05
4.03493e-05
-4.06841e-05
6.61302e-05
-3.92636e-05
6.70125e-05
-3.55162e-05
6.20737e-05
-2.88104e-05
5.04312e-05
-1.90778e-05
3.30972e-05
-8.14112e-06
1.22116e-05
9.63289e-07
-8.50262e-06
6.5162e-06
-2.66218e-05
8.93344e-06
-4.17775e-05
9.23055e-06
-5.43039e-05
-6.55156e-05
6.84163e-06
-3.74484e-05
5.99572e-05
3.79071e-05
-3.57489e-05
6.44339e-05
-3.22836e-05
6.35509e-05
-2.64416e-05
5.62353e-05
-1.82459e-05
4.22384e-05
-8.73341e-06
2.35864e-05
-1.79231e-07
3.65778e-06
5.63284e-06
-1.43151e-05
8.53952e-06
-2.95294e-05
9.23302e-06
-4.24721e-05
8.21378e-06
-5.32863e-05
-6.25153e-05
5.2125e-06
-3.23313e-05
3.38521e-05
5.84351e-05
-2.92834e-05
6.13865e-05
-2.43735e-05
5.86421e-05
-1.74937e-05
4.9357e-05
-9.34238e-06
3.40885e-05
-1.40603e-06
1.5651e-05
4.58411e-06
-2.33202e-06
7.9809e-06
-1.77118e-05
9.19018e-06
-3.07389e-05
8.7728e-06
-4.20551e-05
7.02759e-06
-5.15415e-05
3.22086e-06
-5.87083e-05
3.19842e-06
-6.89823e-05
-3.50349e-06
-6.51963e-05
-9.45777e-06
-5.87323e-05
-1.44703e-05
-4.97696e-05
-1.88483e-05
-3.9265e-05
-2.28447e-05
-2.75619e-05
-2.66612e-05
-1.49038e-05
-3.03583e-05
-1.59322e-06
-3.38435e-05
1.19089e-05
-3.69792e-05
2.51277e-05
-3.99376e-05
3.73334e-05
5.11408e-05
-4.10639e-05
-1.73017e-07
-6.19662e-05
-6.47395e-06
-5.88951e-05
-1.20744e-05
-5.31319e-05
-1.69258e-05
-4.49189e-05
-2.11844e-05
-3.50071e-05
-2.50196e-05
-2.37279e-05
-2.8555e-05
-1.13697e-05
-3.18152e-05
1.66527e-06
-3.47359e-05
1.48284e-05
-3.72694e-05
2.76574e-05
-3.95042e-05
3.95685e-05
5.20013e-05
-4.03644e-05
-1.97502e-06
-5.47795e-05
-7.85044e-06
-5.30198e-05
-1.29628e-05
-4.80199e-05
-1.75286e-05
-4.03535e-05
-2.16273e-05
-3.09087e-05
-2.5318e-05
-2.00376e-05
-2.86324e-05
-8.05558e-06
-3.15634e-05
4.59573e-06
-3.40557e-05
1.73199e-05
-3.60568e-05
2.96604e-05
-3.75709e-05
4.1081e-05
5.22459e-05
-3.78165e-05
-3.68658e-06
-4.78708e-05
-8.41567e-06
-4.82906e-05
-1.29543e-05
-4.34819e-05
-1.71723e-05
-3.61364e-05
-2.1037e-05
-2.70453e-05
-2.45092e-05
-1.65667e-05
-2.75448e-05
-5.02183e-06
-3.00927e-05
7.14174e-06
-3.20958e-05
1.93213e-05
-3.34764e-05
3.10372e-05
-3.41971e-05
4.18019e-05
-3.36844e-05
5.17336e-05
-4.20374e-05
5.98941e-05
-4.29715e-05
6.60548e-05
-4.351e-05
6.8042e-05
-4.27923e-05
6.52029e-05
-3.96334e-05
5.64269e-05
-3.2628e-05
4.21297e-05
-2.17394e-05
2.26051e-05
-9.63875e-06
3.565e-07
1.27168e-08
-2.09677e-05
5.44246e-06
-3.90085e-05
8.06982e-06
-5.34902e-05
-6.72607e-05
8.31469e-06
-4.07831e-05
6.03138e-05
-4.05624e-05
6.58366e-05
-3.90224e-05
6.6503e-05
-3.51991e-05
6.13828e-05
-2.8475e-05
4.97052e-05
-1.88112e-05
3.24675e-05
-8.03492e-06
1.18294e-05
9.04388e-07
-8.58249e-06
6.37268e-06
-2.64359e-05
8.76301e-06
-4.13988e-05
9.05131e-06
-5.37785e-05
-6.48593e-05
6.6537e-06
-3.72873e-05
5.97846e-05
-3.55226e-05
6.40727e-05
-3.1986e-05
6.29704e-05
-2.61105e-05
5.551e-05
-1.79457e-05
4.15423e-05
-8.54977e-06
2.30726e-05
-1.45481e-07
3.42527e-06
5.56019e-06
-1.42885e-05
8.42347e-06
-2.92999e-05
9.10645e-06
-4.20824e-05
8.07709e-06
-5.27491e-05
-6.1814e-05
5.029e-06
-3.21024e-05
5.82034e-05
-2.90035e-05
6.09756e-05
-2.40583e-05
5.80266e-05
-1.71922e-05
4.86469e-05
-9.11643e-06
3.34693e-05
-1.3042e-06
1.52622e-05
4.57522e-06
-2.45269e-06
7.91054e-06
-1.76229e-05
9.10068e-06
-3.04892e-05
8.68373e-06
-4.16649e-05
6.93986e-06
-5.10053e-05
3.08859e-06
-5.79578e-05
3.09311e-06
-6.85923e-05
-3.50002e-06
-6.49117e-05
-9.39423e-06
-5.85546e-05
-1.43731e-05
-4.96988e-05
-1.87342e-05
-3.92803e-05
-2.27244e-05
-2.76453e-05
-2.65425e-05
-1.50339e-05
-3.02471e-05
-1.74725e-06
-3.3743e-05
1.17553e-05
-3.68929e-05
2.49987e-05
-3.9863e-05
3.72594e-05
5.11406e-05
-4.10052e-05
-2.46959e-07
-6.16898e-05
-6.45657e-06
-5.87012e-05
-1.20025e-05
-5.30087e-05
-1.68259e-05
-4.48756e-05
-2.10715e-05
-3.50354e-05
-2.49031e-05
-2.38142e-05
-2.84424e-05
-1.14954e-05
-3.17127e-05
1.52224e-06
-3.4648e-05
1.46896e-05
-3.71966e-05
2.75466e-05
-3.94485e-05
3.95092e-05
5.20263e-05
-4.0331e-05
-2.03563e-06
-5.46229e-05
-7.83132e-06
-5.29046e-05
-1.28999e-05
-4.794e-05
-1.74423e-05
-4.03333e-05
-2.15297e-05
-3.09481e-05
-2.52175e-05
-2.01263e-05
-2.85362e-05
-8.17689e-06
-3.14774e-05
4.46353e-06
-3.39855e-05
1.71977e-05
-3.60072e-05
2.95682e-05
-3.75452e-05
4.10498e-05
5.23047e-05
-3.78241e-05
-3.70757e-06
-4.78253e-05
-8.39346e-06
-4.82181e-05
-1.29016e-05
-4.34318e-05
-1.71015e-05
-3.61339e-05
-2.09572e-05
-2.70929e-05
-2.44278e-05
-1.66565e-05
-2.74681e-05
-5.13733e-06
-3.0027e-05
7.02118e-06
-3.20473e-05
1.92169e-05
-3.34499e-05
3.097e-05
-3.41998e-05
4.17973e-05
-3.37231e-05
5.18313e-05
-4.19926e-05
6.00137e-05
-4.29481e-05
6.63053e-05
-4.35147e-05
6.84492e-05
-4.28377e-05
6.57403e-05
-3.97112e-05
5.6993e-05
-3.26993e-05
4.26223e-05
-2.17368e-05
2.29037e-05
-9.52274e-06
3.87446e-07
2.24987e-07
-2.12037e-05
5.70571e-06
-3.94612e-05
8.38649e-06
-5.40922e-05
-6.80043e-05
8.67892e-06
-4.07771e-05
6.04624e-05
-4.05996e-05
6.61325e-05
-3.91102e-05
6.69657e-05
-3.53223e-05
6.19591e-05
-2.8599e-05
5.02751e-05
-1.88837e-05
3.29111e-05
-8.01269e-06
1.20351e-05
1.01766e-06
-8.64088e-06
6.54427e-06
-2.67291e-05
8.9704e-06
-4.18871e-05
9.29789e-06
-5.44229e-05
-6.56537e-05
6.95135e-06
-3.73339e-05
5.99763e-05
-3.56126e-05
6.44167e-05
-3.21126e-05
6.34723e-05
-2.62506e-05
5.61034e-05
-1.80625e-05
4.20918e-05
-8.59805e-06
2.34497e-05
-1.09883e-07
3.54857e-06
5.65998e-06
-1.44099e-05
8.5615e-06
-2.96307e-05
9.26782e-06
-4.25945e-05
8.26894e-06
-5.34253e-05
-6.26853e-05
5.28869e-06
-3.21815e-05
5.84367e-05
-2.91196e-05
6.13587e-05
-2.41941e-05
5.85522e-05
-1.73182e-05
4.92331e-05
-9.20027e-06
3.39788e-05
-1.31928e-06
1.55723e-05
4.62505e-06
-2.3929e-06
8.00209e-06
-1.7785e-05
9.21299e-06
-3.08398e-05
8.8041e-06
-4.21849e-05
7.06467e-06
-5.16892e-05
3.25507e-06
-5.88688e-05
3.31768e-06
-6.89955e-05
-3.39999e-06
-6.52007e-05
-9.35794e-06
-5.87568e-05
-1.43739e-05
-4.98125e-05
-1.87575e-05
-3.93201e-05
-2.27598e-05
-2.76277e-05
-2.65823e-05
-1.49802e-05
-3.02848e-05
-1.67889e-06
-3.37741e-05
1.18164e-05
-3.69122e-05
2.50352e-05
-3.98682e-05
3.7248e-05
5.10679e-05
-4.0985e-05
-7.74062e-08
-6.19678e-05
-6.38879e-06
-5.88891e-05
-1.1993e-05
-5.31527e-05
-1.68487e-05
-4.49575e-05
-2.11114e-05
-3.5058e-05
-2.49506e-05
-2.37896e-05
-2.84897e-05
-1.14422e-05
-3.17535e-05
1.58337e-06
-3.46773e-05
1.47392e-05
-3.72122e-05
2.75669e-05
-3.94464e-05
3.94827e-05
5.19261e-05
-4.03041e-05
-1.90648e-06
-5.47704e-05
-7.78406e-06
-5.30111e-05
-1.28989e-05
-4.8038e-05
-1.74685e-05
-4.03882e-05
-2.15705e-05
-3.09563e-05
-2.52642e-05
-2.00963e-05
-2.85814e-05
-8.12523e-06
-3.15151e-05
4.51659e-06
-3.40105e-05
1.72339e-05
-3.60152e-05
2.95735e-05
-3.75339e-05
4.10001e-05
5.21784e-05
-3.7787e-05
-3.64628e-06
-4.78724e-05
-8.36696e-06
-4.82908e-05
-1.29057e-05
-4.34998e-05
-1.71264e-05
-3.61683e-05
-2.09941e-05
-2.70898e-05
-2.44692e-05
-1.66224e-05
-2.75079e-05
-5.08811e-06
-3.00595e-05
7.06654e-06
-3.20674e-05
1.92404e-05
-3.34541e-05
3.09568e-05
-3.41835e-05
4.17299e-05
-3.36847e-05
5.16801e-05
-4.19587e-05
5.98015e-05
-4.29177e-05
6.59657e-05
-4.34995e-05
6.80012e-05
-4.28422e-05
6.5247e-05
-3.97575e-05
5.6556e-05
-3.28262e-05
4.23551e-05
-2.19679e-05
2.29055e-05
-9.81117e-06
6.53358e-07
-4.56653e-08
-2.07636e-05
5.4913e-06
-3.8921e-05
8.1952e-06
-5.34962e-05
-6.73636e-05
8.49089e-06
-4.07352e-05
6.02335e-05
-4.05528e-05
6.57856e-05
-3.90697e-05
6.65184e-05
-3.53081e-05
6.14882e-05
-2.86436e-05
4.98936e-05
-1.90133e-05
3.27263e-05
-8.20733e-06
1.20999e-05
8.17635e-07
-8.37153e-06
6.37413e-06
-2.63202e-05
8.82743e-06
-4.13745e-05
9.16115e-06
-5.38297e-05
-6.49989e-05
6.79915e-06
-3.72817e-05
5.97282e-05
-3.55575e-05
6.40619e-05
-3.20719e-05
6.30367e-05
-2.62477e-05
5.56662e-05
-1.8119e-05
4.17664e-05
-8.71776e-06
2.33257e-05
-2.60112e-07
3.64208e-06
5.51629e-06
-1.41485e-05
8.43597e-06
-2.92409e-05
9.15959e-06
-4.20989e-05
8.16142e-06
-5.2832e-05
-6.19847e-05
5.14492e-06
-3.21304e-05
5.81745e-05
-2.90701e-05
6.10033e-05
-2.41683e-05
5.81356e-05
-1.73364e-05
4.88369e-05
-9.27001e-06
3.37027e-05
-1.43038e-06
1.54877e-05
4.50051e-06
-2.28747e-06
7.88585e-06
-1.75331e-05
9.11415e-06
-3.04686e-05
8.72304e-06
-4.17074e-05
6.99507e-06
-5.1104e-05
3.1586e-06
-5.81445e-05
3.25012e-06
-6.87237e-05
-3.37371e-06
-6.50905e-05
-9.29762e-06
-5.8751e-05
-1.43054e-05
-4.98754e-05
-1.86912e-05
-3.94132e-05
-2.27009e-05
-2.77259e-05
-2.65319e-05
-1.50699e-05
-3.02411e-05
-1.7568e-06
-3.37334e-05
1.17509e-05
-3.68737e-05
2.4982e-05
-3.98351e-05
3.72167e-05
5.10882e-05
-1.25312e-07
-6.17977e-05
-6.35955e-06
-5.88558e-05
-1.19326e-05
-5.31783e-05
-1.67836e-05
-4.5025e-05
-2.10535e-05
-3.51443e-05
-2.49045e-05
-2.38758e-05
-2.84573e-05
-1.15184e-05
-3.17342e-05
1.51882e-06
-3.46692e-05
1.46844e-05
-3.72117e-05
2.75237e-05
-3.94598e-05
3.94622e-05
5.19794e-05
-1.93949e-06
-5.47123e-05
-7.7577e-06
-5.30372e-05
-1.28501e-05
-4.80861e-05
-1.74166e-05
-4.04588e-05
-2.15261e-05
-3.10352e-05
-2.52327e-05
-2.01695e-05
-2.85663e-05
-8.18525e-06
-3.15179e-05
4.47007e-06
-3.40323e-05
1.71983e-05
-3.60607e-05
2.95516e-05
-3.76096e-05
4.10136e-05
5.22755e-05
-3.64901e-06
-4.79036e-05
-8.34276e-06
-4.83433e-05
-1.28692e-05
-4.35599e-05
-1.70892e-05
-3.62396e-05
-2.09641e-05
-2.7161e-05
-2.44521e-05
-1.66827e-05
-2.75084e-05
-5.13025e-06
-3.0082e-05
7.04194e-06
-3.21172e-05
1.9232e-05
-3.3537e-05
3.09703e-05
-3.43078e-05
4.17814e-05
5.18214e-05
-2.62353e-05
5.59076e-05
2.87652e-05
-2.21412e-05
5.7294e-05
-1.643e-05
5.2933e-05
-9.45121e-06
4.23805e-05
-2.23827e-06
2.68776e-05
3.80763e-06
9.60637e-06
7.66655e-06
-6.1905e-06
9.36637e-06
-1.94118e-05
9.40453e-06
-3.07777e-05
8.15412e-06
-4.08057e-05
5.41229e-06
-4.88013e-05
-5.33e-05
-1.98238e-05
5.25277e-05
2.32012e-05
-1.50454e-05
5.25146e-05
-9.08878e-06
4.69759e-05
-2.59112e-06
3.58829e-05
3.35239e-06
2.09346e-05
7.65537e-06
5.30374e-06
9.89052e-06
-8.42547e-06
1.0388e-05
-1.99093e-05
9.60705e-06
-2.99968e-05
7.83858e-06
-3.90377e-05
5.05288e-06
-4.60166e-05
-4.82465e-05
-1.36089e-05
4.85051e-05
1.76323e-05
-8.46696e-06
4.7373e-05
-2.63546e-06
4.11454e-05
3.11298e-06
3.01359e-05
7.77927e-06
1.62696e-05
1.06483e-05
2.43553e-06
1.16847e-05
-9.46146e-06
1.13162e-05
-1.95408e-05
9.9364e-06
-2.86176e-05
7.7955e-06
-3.68975e-05
4.84082e-06
-4.30633e-05
-4.34111e-05
-7.91757e-06
4.40234e-05
1.23964e-05
-2.6499e-06
4.21036e-05
2.85318e-06
3.56409e-05
7.79153e-06
2.51969e-05
1.1338e-05
1.27229e-05
1.31061e-05
6.67389e-07
1.32758e-05
-9.63131e-06
1.22755e-05
-1.85406e-05
1.04363e-05
-2.67786e-05
8.00155e-06
-3.4463e-05
4.94989e-06
-4.00128e-05
-3.84601e-05
-2.93351e-06
3.92387e-05
7.71819e-06
2.30796e-06
3.6862e-05
7.40513e-06
3.05445e-05
1.15984e-05
2.10044e-05
1.42529e-05
1.00693e-05
1.52271e-05
-3.06629e-07
1.47878e-05
-9.19162e-06
1.33217e-05
-1.70747e-05
1.1103e-05
-2.45602e-05
8.37657e-06
-3.17367e-05
5.12667e-06
-3.6764e-05
-3.33391e-05
1.25261e-06
3.42492e-05
3.73411e-06
6.39451e-06
3.17186e-05
1.10982e-05
2.58394e-05
1.46834e-05
1.74186e-05
1.66911e-05
8.06069e-06
1.71364e-05
-7.52184e-07
1.62875e-05
-8.34332e-06
1.44741e-05
-1.52615e-05
1.19176e-05
-2.2004e-05
8.87277e-06
-2.8692e-05
5.37012e-06
-3.32624e-05
-2.79685e-05
4.61481e-06
2.91139e-05
5.19687e-07
9.65282e-06
2.66798e-05
1.40399e-05
2.14532e-05
1.71887e-05
1.42692e-05
1.87803e-05
6.46991e-06
1.89127e-05
-8.85356e-07
1.78055e-05
-7.23545e-06
1.57267e-05
-1.31835e-05
1.28459e-05
-1.91231e-05
9.42107e-06
-2.52676e-05
5.55948e-06
-2.94013e-05
-2.24133e-05
7.18097e-06
2.38348e-05
-1.90447e-06
1.21698e-05
2.16907e-05
1.63592e-05
1.72628e-05
1.92497e-05
1.13789e-05
2.06191e-05
5.09918e-06
2.06031e-05
-8.69505e-07
1.93455e-05
-5.97888e-06
1.70531e-05
-1.08912e-05
1.38411e-05
-1.5912e-05
9.95155e-06
-2.13775e-05
5.61278e-06
-2.50638e-05
-1.68005e-05
9.02809e-06
1.83739e-05
-3.56782e-06
1.40669e-05
1.66476e-05
1.82024e-05
1.31317e-05
2.09935e-05
8.5816e-06
2.22857e-05
3.81229e-06
2.22319e-05
-8.20807e-07
2.0891e-05
-4.63333e-06
1.8408e-05
-8.41273e-06
1.48435e-05
-1.23437e-05
1.03851e-05
-1.69234e-05
5.37464e-06
-2.0051e-05
-1.14292e-05
1.02699e-05
1.26441e-05
-4.5451e-06
1.5495e-05
1.14205e-05
1.97122e-05
8.91389e-06
2.2515e-05
5.77667e-06
2.38029e-05
2.52439e-06
2.37763e-05
-7.95448e-07
2.23792e-05
-3.23595e-06
1.97121e-05
-5.74688e-06
1.57734e-05
-8.40496e-06
1.06334e-05
-1.1784e-05
4.7157e-06
-1.41331e-05
-6.7125e-06
1.10387e-05
6.52364e-06
-4.92846e-06
1.65797e-05
5.87418e-06
2.09705e-05
4.5217e-06
2.3848e-05
2.89504e-06
2.51184e-05
1.25359e-06
2.50847e-05
-7.64888e-07
2.35781e-05
-1.72924e-06
2.07361e-05
-2.90694e-06
1.64521e-05
-4.1203e-06
1.06165e-05
-5.94951e-06
3.70406e-06
-7.21905e-06
-3.00646e-06
1.11534e-05
-4.63324e-06
1.70274e-05
2.15482e-05
2.44432e-05
2.56962e-05
2.49314e-05
2.32018e-05
2.0295e-05
1.61745e-05
1.02252e-05
3.00646e-06
-4.29196e-06
-4.35773e-05
-8.35074e-06
-4.42318e-05
-1.24405e-05
-3.93925e-05
-1.63175e-05
-3.22599e-05
-1.98986e-05
-2.34648e-05
-2.30818e-05
-1.33841e-05
-2.57686e-05
-2.33564e-06
-2.78707e-05
9.24326e-06
-2.93143e-05
2.0764e-05
-3.00146e-05
3.17392e-05
-2.99025e-05
4.16879e-05
5.03826e-05
-2.85526e-05
-3.69063e-06
-3.98856e-05
-7.89518e-06
-4.00273e-05
-1.1692e-05
-3.55964e-05
-1.52591e-05
-2.86941e-05
-1.8527e-05
-2.01983e-05
-2.1367e-05
-1.05458e-05
-2.3646e-05
-5.84949e-08
-2.52477e-05
1.08427e-05
-2.60878e-05
2.16024e-05
-2.60809e-05
3.17285e-05
-2.51431e-05
4.07502e-05
4.82169e-05
-2.29772e-05
-3.91463e-06
-3.59685e-05
-7.50105e-06
-3.64407e-05
-1.09589e-05
-3.21387e-05
-1.4216e-05
-2.54379e-05
-1.71518e-05
-1.7263e-05
-1.96136e-05
-8.0849e-06
-2.14461e-05
1.77325e-06
-2.25154e-05
1.19112e-05
-2.27355e-05
2.18214e-05
-2.20254e-05
3.10198e-05
-2.03144e-05
3.90373e-05
4.53239e-05
-1.74226e-05
-3.8246e-06
-3.21442e-05
-7.19932e-06
-3.30661e-05
-1.03679e-05
-2.89712e-05
-1.33385e-05
-2.24683e-05
-1.59445e-05
-1.46588e-05
-1.80135e-05
-6.01742e-06
-1.93806e-05
3.13832e-06
-1.99052e-05
1.24338e-05
-1.95088e-05
2.14233e-05
-1.8128e-05
2.96357e-05
-1.5721e-05
3.66302e-05
4.18227e-05
-1.22198e-05
-3.96035e-06
-2.81812e-05
-7.06195e-06
-2.99648e-05
-1.00025e-05
-2.60303e-05
-1.27337e-05
-1.97385e-05
-1.5033e-05
-1.23598e-05
-1.67155e-05
-4.33624e-06
-1.7617e-05
4.03913e-06
-1.76008e-05
1.24167e-05
-1.66076e-05
2.04288e-05
-1.46002e-05
2.76295e-05
-1.15829e-05
3.36111e-05
3.78235e-05
-7.58502e-06
-4.10483e-06
-2.40776e-05
-7.09219e-06
-2.69777e-05
-9.91035e-06
-2.32132e-05
-1.24747e-05
-1.71754e-05
-1.45112e-05
-1.03248e-05
-1.58306e-05
-3.01838e-06
-1.62841e-05
4.49097e-06
-1.57455e-05
1.18762e-05
-1.41845e-05
1.88664e-05
-1.16013e-05
2.50435e-05
-8.05122e-06
3.00607e-05
3.34214e-05
-3.64936e-06
-4.29558e-06
-1.97814e-05
-7.28851e-06
-2.39853e-05
-1.01205e-05
-2.03817e-05
-1.26113e-05
-1.46857e-05
-1.44432e-05
-8.49377e-06
-1.54375e-05
-2.02525e-06
-1.54735e-05
4.52575e-06
-1.44431e-05
1.08449e-05
-1.23516e-05
1.67732e-05
-9.24057e-06
2.19331e-05
-5.22195e-06
2.60402e-05
2.86801e-05
-4.82005e-07
-4.44093e-06
-1.53433e-05
-7.63268e-06
-2.07945e-05
-1.06495e-05
-1.73655e-05
-1.3173e-05
-1.21642e-05
-1.48654e-05
-6.80227e-06
-1.55797e-05
-1.31284e-06
-1.52395e-05
4.18442e-06
-1.37582e-05
9.36185e-06
-1.11775e-05
1.41912e-05
-7.58338e-06
1.8337e-05
-3.14203e-06
2.15976e-05
2.36367e-05
1.9005e-06
-4.45533e-06
-1.08909e-05
-8.10186e-06
-1.71487e-05
-1.15021e-05
-1.39683e-05
-1.41681e-05
-9.49779e-06
-1.57894e-05
-5.18338e-06
-1.62667e-05
-8.35833e-07
-1.55993e-05
3.51429e-06
-1.37164e-05
7.47898e-06
-1.06905e-05
1.11622e-05
-6.64948e-06
1.42968e-05
-1.81161e-06
1.67585e-05
1.82932e-05
3.53054e-06
-4.23215e-06
-6.66647e-06
-8.67445e-06
-1.27097e-05
-1.26629e-05
-9.98204e-06
-1.5568e-05
-6.59538e-06
-1.71887e-05
-3.56452e-06
-1.74795e-05
-5.48121e-07
-1.65436e-05
2.57596e-06
-1.43062e-05
5.23892e-06
-1.08802e-05
7.73298e-06
-6.42373e-06
9.84006e-06
-1.19301e-06
1.15266e-05
1.26162e-05
4.48247e-06
-3.81813e-06
-2.86608e-06
-9.36054e-06
-7.173e-06
-1.40811e-05
-5.26632e-06
-1.72803e-05
-3.40045e-06
-1.89863e-05
-1.86287e-06
-1.91172e-05
-4.23551e-07
-1.79689e-05
1.42228e-06
-1.54427e-05
2.70709e-06
-1.1691e-05
3.97523e-06
-6.87016e-06
5.01778e-06
-1.23896e-06
5.89274e-06
6.52686e-06
4.84716e-06
-2.86867e-06
-1.00429e-05
-1.531e-05
-1.87113e-05
-2.05753e-05
-2.1e-05
-1.95788e-05
-1.68729e-05
-1.2898e-05
-7.88067e-06
-1.98863e-06
4.53795e-06
-2.59792e-05
5.56298e-05
-2.18566e-05
5.68537e-05
-1.61465e-05
5.23196e-05
-9.21777e-06
4.17203e-05
-2.09758e-06
2.63508e-05
3.84305e-06
9.32274e-06
7.62937e-06
-6.23831e-06
9.2968e-06
-1.929e-05
9.33041e-06
-3.05229e-05
8.09003e-06
-4.04247e-05
5.36997e-06
-4.82846e-05
-5.25915e-05
-1.9575e-05
5.22281e-05
-1.47923e-05
5.20723e-05
-8.86579e-06
4.63939e-05
-2.43763e-06
3.52948e-05
3.41462e-06
2.05008e-05
7.63796e-06
5.10133e-06
9.82959e-06
-8.42851e-06
1.03137e-05
-1.97729e-05
9.53795e-06
-2.97462e-05
7.78459e-06
-3.86704e-05
5.01189e-06
-4.55115e-05
-4.7575e-05
-1.33929e-05
4.81981e-05
-8.26706e-06
4.69469e-05
-2.48412e-06
4.06136e-05
3.18763e-06
2.96246e-05
7.77347e-06
1.59165e-05
1.05865e-05
2.28947e-06
1.16e-05
-9.4411e-06
1.1231e-05
-1.94031e-05
9.86421e-06
-2.83791e-05
7.7446e-06
-3.65504e-05
4.81331e-06
-4.25793e-05
-4.27647e-05
-7.74942e-06
4.37281e-05
-2.51241e-06
4.17109e-05
2.93152e-06
3.51703e-05
7.79425e-06
2.47641e-05
1.1274e-05
1.24388e-05
1.30049e-05
5.60344e-07
1.3166e-05
-9.60084e-06
1.21742e-05
-1.84102e-05
1.03541e-05
-2.65578e-05
7.94562e-06
-3.4141e-05
4.91726e-06
-3.95503e-05
-3.78426e-05
-2.82075e-06
3.89634e-05
2.381e-06
3.65095e-05
7.41515e-06
3.01386e-05
1.15379e-05
2.06425e-05
1.4139e-05
9.83934e-06
1.50897e-05
-3.89438e-07
1.46512e-05
-9.1611e-06
1.31999e-05
-1.69581e-05
1.10053e-05
-2.43626e-05
8.3108e-06
-3.14453e-05
5.09151e-06
-3.63298e-05
-3.27531e-05
1.30891e-06
3.40053e-05
6.40667e-06
3.14127e-05
1.10473e-05
2.54984e-05
1.45694e-05
1.71231e-05
1.65346e-05
7.87577e-06
1.69654e-05
-8.18274e-07
1.61229e-05
-8.31754e-06
1.43282e-05
-1.51621e-05
1.17996e-05
-2.18329e-05
8.79178e-06
-2.84362e-05
5.32455e-06
-3.28617e-05
-2.74236e-05
4.61849e-06
2.89042e-05
9.61086e-06
2.64207e-05
1.39376e-05
2.11743e-05
1.70302e-05
1.40309e-05
1.85875e-05
6.32086e-06
1.87102e-05
-9.40658e-07
1.7612e-05
-7.21712e-06
1.55537e-05
-1.31034e-05
1.27036e-05
-1.89812e-05
9.31993e-06
-2.50518e-05
5.50492e-06
-2.90448e-05
-2.19188e-05
7.13954e-06
2.3665e-05
1.20824e-05
2.14788e-05
1.62146e-05
1.70425e-05
1.90548e-05
1.11937e-05
2.03948e-05
4.98224e-06
2.03711e-05
-9.14541e-07
1.91227e-05
-5.96796e-06
1.68511e-05
-1.083e-05
1.36711e-05
-1.58007e-05
9.82691e-06
-2.12054e-05
5.54444e-06
-2.47614e-05
-1.63697e-05
8.95002e-06
1.82449e-05
1.39435e-05
1.64858e-05
1.80233e-05
1.29652e-05
2.07678e-05
8.44473e-06
2.20334e-05
3.72422e-06
2.19714e-05
-8.5702e-07
2.06388e-05
-4.62753e-06
1.81754e-05
-8.37038e-06
1.46436e-05
-1.22628e-05
1.02341e-05
-1.67994e-05
5.28861e-06
-1.98108e-05
-1.10811e-05
1.0165e-05
1.25618e-05
1.53429e-05
1.13093e-05
1.95056e-05
8.80031e-06
2.22645e-05
5.68566e-06
2.35267e-05
2.46541e-06
2.34902e-05
-8.18537e-07
2.20989e-05
-3.23235e-06
1.94495e-05
-5.71931e-06
1.55433e-05
-8.35381e-06
1.04534e-05
-1.17077e-05
4.60764e-06
-1.39611e-05
-6.46718e-06
1.09164e-05
6.49154e-06
1.64073e-05
5.81872e-06
2.07427e-05
4.46276e-06
2.3577e-05
2.85094e-06
2.48221e-05
1.22593e-06
2.47762e-05
-7.68994e-07
2.3274e-05
-1.72368e-06
2.04473e-05
-2.88983e-06
1.61956e-05
-4.09682e-06
1.04073e-05
-5.91596e-06
3.57885e-06
-7.12355e-06
-2.87639e-06
1.10296e-05
1.68479e-05
2.13104e-05
2.41625e-05
2.53889e-05
2.46214e-05
2.28981e-05
2.00092e-05
1.59128e-05
9.99814e-06
2.87639e-06
-4.29132e-06
-4.35298e-05
-8.32687e-06
-4.41815e-05
-1.23967e-05
-3.93617e-05
-1.62608e-05
-3.22697e-05
-1.98357e-05
-2.35181e-05
-2.30188e-05
-1.34735e-05
-2.57113e-05
-2.44499e-06
-2.78248e-05
9.13451e-06
-2.92855e-05
2.06775e-05
-3.00092e-05
3.16936e-05
-2.99253e-05
4.17157e-05
5.05151e-05
-2.86099e-05
-3.68155e-06
-3.98475e-05
-7.87304e-06
-3.99895e-05
-1.16563e-05
-3.55786e-05
-1.52143e-05
-2.87121e-05
-1.84786e-05
-2.02544e-05
-2.13205e-05
-1.06324e-05
-2.36061e-05
-1.60428e-07
-2.52193e-05
1.07465e-05
-2.6076e-05
2.15329e-05
-2.60902e-05
3.1707e-05
-2.51786e-05
4.08019e-05
4.83787e-05
-2.30399e-05
-3.90639e-06
-3.59363e-05
-7.48224e-06
-3.64126e-05
-1.093e-05
-3.21301e-05
-1.4181e-05
-2.54611e-05
-1.71155e-05
-1.73197e-05
-1.95807e-05
-8.16744e-06
-2.14208e-05
1.67951e-06
-2.25016e-05
1.1827e-05
-2.27367e-05
2.17676e-05
-2.20456e-05
3.10158e-05
-2.03543e-05
3.91123e-05
4.55047e-05
-1.74813e-05
-3.81647e-06
-3.21197e-05
-7.18329e-06
-3.30454e-05
-1.03444e-05
-2.89693e-05
-1.33113e-05
-2.24945e-05
-1.59178e-05
-1.4714e-05
-1.79917e-05
-6.09424e-06
-1.9367e-05
3.05382e-06
-1.99027e-05
1.23614e-05
-1.95195e-05
2.13832e-05
-1.81531e-05
2.96484e-05
-1.57601e-05
3.67175e-05
4.20136e-05
-1.22675e-05
-3.95234e-06
-2.81623e-05
-7.04812e-06
-2.9949e-05
-9.98331e-06
-2.60329e-05
-1.27126e-05
-1.97658e-05
-1.50139e-05
-1.2412e-05
-1.67024e-05
-4.40648e-06
-1.76124e-05
3.96394e-06
-1.76066e-05
1.2355e-05
-1.66238e-05
2.04e-05
-1.46271e-05
2.76516e-05
-1.16161e-05
3.37077e-05
3.80142e-05
-7.61755e-06
-4.09669e-06
-2.40663e-05
-7.08e-06
-2.69653e-05
-9.89443e-06
-2.3219e-05
-1.24584e-05
-1.72022e-05
-1.44981e-05
-1.03731e-05
-1.58243e-05
-3.08099e-06
-1.62862e-05
4.42487e-06
-1.57569e-05
1.18247e-05
-1.42038e-05
1.88458e-05
-1.16263e-05
2.50733e-05
-8.07598e-06
3.01563e-05
3.36032e-05
-3.66406e-06
-4.28677e-06
-1.97764e-05
-7.27743e-06
-2.39743e-05
-1.01071e-05
-2.03889e-05
-1.25989e-05
-1.47109e-05
-1.44351e-05
-8.5367e-06
-1.54368e-05
-2.08012e-06
-1.54809e-05
4.46888e-06
-1.44586e-05
1.08016e-05
-1.2372e-05
1.67587e-05
-9.26255e-06
2.19635e-05
-5.23672e-06
2.6131e-05
2.88445e-05
-4.78578e-07
-4.4321e-06
-1.5345e-05
-7.62246e-06
-2.07841e-05
-1.06382e-05
-1.73733e-05
-1.31639e-05
-1.21864e-05
-1.48618e-05
-6.83928e-06
-1.55839e-05
-1.35907e-06
-1.52516e-05
4.13586e-06
-1.37773e-05
9.32647e-06
-1.1199e-05
1.41793e-05
-7.60221e-06
1.83664e-05
-3.14795e-06
2.16759e-05
2.37765e-05
1.92006e-06
-4.44804e-06
-1.08963e-05
-8.09262e-06
-1.71397e-05
-1.14924e-05
-1.3975e-05
-1.4162e-05
-9.5168e-06
-1.57898e-05
-5.21154e-06
-1.6276e-05
-8.74245e-07
-1.5616e-05
3.4766e-06
-1.37401e-05
7.44845e-06
-1.0714e-05
1.11543e-05
-6.66771e-06
1.43186e-05
-1.81184e-06
1.68204e-05
1.84031e-05
3.56155e-06
-4.22875e-06
-6.67032e-06
-8.66601e-06
-1.27038e-05
-1.26544e-05
-9.98787e-06
-1.55642e-05
-6.60864e-06
-1.71929e-05
-3.58338e-06
-1.74932e-05
-5.75824e-07
-1.65657e-05
2.54851e-06
-1.43352e-05
5.21625e-06
-1.09088e-05
7.72685e-06
-6.44471e-06
9.85374e-06
-1.1927e-06
1.15678e-05
1.26916e-05
4.5182e-06
-3.81909e-06
-2.85787e-06
-9.35294e-06
-7.17243e-06
-1.40735e-05
-5.27024e-06
-1.72785e-05
-3.40626e-06
-1.89936e-05
-1.87017e-06
-1.91352e-05
-4.37999e-07
-1.79966e-05
1.40801e-06
-1.54787e-05
2.69488e-06
-1.17271e-05
3.97336e-06
-6.8984e-06
5.02301e-06
-1.24455e-06
5.91242e-06
6.56538e-06
4.87996e-06
-2.85897e-06
-1.00321e-05
-1.53029e-05
-1.87094e-05
-2.05804e-05
-2.10187e-05
-1.96114e-05
-1.69169e-05
-1.29439e-05
-7.9212e-06
-2.00911e-06
4.55598e-06
-2.60698e-05
5.58994e-05
-2.19711e-05
5.72641e-05
-1.62629e-05
5.28488e-05
-9.30758e-06
4.22825e-05
-2.13696e-06
2.68121e-05
3.86472e-06
9.57331e-06
7.6974e-06
-6.22375e-06
9.38844e-06
-1.9475e-05
9.42786e-06
-3.08787e-05
8.18096e-06
-4.09388e-05
5.43703e-06
-4.89454e-05
-5.34428e-05
-1.96606e-05
5.25212e-05
-1.48875e-05
5.24935e-05
-8.9475e-06
4.69123e-05
-2.48186e-06
3.5821e-05
3.42368e-06
2.09102e-05
7.69804e-06
5.30213e-06
9.92002e-06
-8.44349e-06
1.04131e-05
-1.99661e-05
9.63162e-06
-3.00956e-05
7.86328e-06
-3.91689e-05
5.07514e-06
-4.6159e-05
-4.83594e-05
-1.34624e-05
4.85041e-05
-8.33233e-06
4.73661e-05
-2.52399e-06
4.11074e-05
3.19318e-06
3.01072e-05
7.83175e-06
1.62747e-05
1.06857e-05
2.45044e-06
1.17166e-05
-9.47264e-06
1.13451e-05
-1.95934e-05
9.96306e-06
-2.87127e-05
7.81877e-06
-3.70247e-05
4.85828e-06
-4.31976e-05
-4.35108e-05
-7.79624e-06
4.40334e-05
-2.54277e-06
4.21141e-05
2.9369e-06
3.56301e-05
7.85029e-06
2.51966e-05
1.13803e-05
1.27474e-05
1.3143e-05
6.89937e-07
1.33114e-05
-9.63906e-06
1.23085e-05
-1.8589e-05
1.04657e-05
-2.6868e-05
8.02555e-06
-3.45828e-05
4.96623e-06
-4.01385e-05
-3.85356e-05
-2.84102e-06
3.92578e-05
2.38818e-06
3.68869e-05
7.46598e-06
3.05549e-05
1.16428e-05
2.10221e-05
1.42903e-05
1.01021e-05
1.52656e-05
-2.83586e-07
1.48271e-05
-9.19912e-06
1.33587e-05
-1.71193e-05
1.11353e-05
-2.46434e-05
8.40149e-06
-3.18486e-05
5.14193e-06
-3.6877e-05
-3.34018e-05
1.31682e-06
3.42773e-05
6.45115e-06
3.17535e-05
1.11417e-05
2.5866e-05
1.47188e-05
1.74468e-05
1.67265e-05
8.09629e-06
1.71767e-05
-7.32218e-07
1.63299e-05
-8.35088e-06
1.45142e-05
-1.5302e-05
1.19522e-05
-2.20798e-05
8.89884e-06
-2.87929e-05
5.38369e-06
-3.33615e-05
-2.8009e-05
4.65374e-06
2.91454e-05
9.69027e-06
2.67185e-05
1.40705e-05
2.14872e-05
1.72185e-05
1.4301e-05
1.88143e-05
6.50203e-06
1.89541e-05
-8.7035e-07
1.78494e-05
-7.24457e-06
1.57686e-05
-1.32199e-05
1.28817e-05
-1.9191e-05
9.44701e-06
-2.53571e-05
5.57184e-06
-2.94833e-05
-2.24398e-05
7.19844e-06
2.38675e-05
1.21912e-05
2.17265e-05
1.63799e-05
1.73003e-05
1.92748e-05
1.14072e-05
2.0651e-05
5.12762e-06
2.06439e-05
-8.61903e-07
1.9389e-05
-5.98847e-06
1.70949e-05
-1.09241e-05
1.38759e-05
-1.59702e-05
9.97588e-06
-2.14543e-05
5.62163e-06
-2.51269e-05
-1.68084e-05
9.02595e-06
1.84021e-05
1.40746e-05
1.66805e-05
1.82132e-05
1.31603e-05
2.10145e-05
8.61012e-06
2.23134e-05
3.8288e-06
2.22704e-05
-8.16551e-07
2.09315e-05
-4.64672e-06
1.84474e-05
-8.43966e-06
1.48742e-05
-1.23925e-05
1.04052e-05
-1.69846e-05
5.37901e-06
-2.00956e-05
-1.14257e-05
1.02502e-05
1.26698e-05
1.54881e-05
1.14433e-05
1.97142e-05
8.93548e-06
2.25292e-05
5.79787e-06
2.38256e-05
2.53464e-06
2.38089e-05
-7.96516e-07
2.24141e-05
-3.24889e-06
1.97448e-05
-5.76748e-06
1.57963e-05
-8.43926e-06
1.06436e-05
-1.18274e-05
4.71203e-06
-1.41565e-05
-6.69542e-06
1.10026e-05
6.54622e-06
1.65588e-05
5.88885e-06
2.09622e-05
4.53433e-06
2.38542e-05
2.91065e-06
2.51332e-05
1.25969e-06
2.5107e-05
-7.63713e-07
2.36009e-05
-1.73738e-06
2.07551e-05
-2.91628e-06
1.64597e-05
-4.13568e-06
1.06086e-05
-5.96727e-06
3.68715e-06
-7.21574e-06
-2.97527e-06
1.11026e-05
1.69918e-05
2.1527e-05
2.44384e-05
2.56992e-05
2.49366e-05
2.32001e-05
2.02851e-05
1.61507e-05
1.0186e-05
2.97527e-06
-4.26814e-06
-4.36026e-05
-8.31676e-06
-4.4242e-05
-1.24049e-05
-3.9412e-05
-1.62837e-05
-3.22899e-05
-1.98677e-05
-2.35063e-05
-2.30542e-05
-1.34364e-05
-2.57449e-05
-2.39795e-06
-2.78519e-05
9.17307e-06
-2.93021e-05
2.06897e-05
-3.00109e-05
3.16674e-05
-2.99107e-05
4.16283e-05
5.03466e-05
-2.85781e-05
-3.68074e-06
-3.9926e-05
-7.87311e-06
-4.00507e-05
-1.16671e-05
-3.56188e-05
-1.52355e-05
-2.87228e-05
-1.85065e-05
-2.02366e-05
-2.13506e-05
-1.05939e-05
-2.36344e-05
-1.15718e-07
-2.52424e-05
1.0779e-05
-2.60905e-05
2.15363e-05
-2.60938e-05
3.16674e-05
-2.51695e-05
4.07043e-05
4.81988e-05
-2.30214e-05
-3.90796e-06
-3.60165e-05
-7.48697e-06
-3.64719e-05
-1.09427e-05
-3.21634e-05
-1.42014e-05
-2.54649e-05
-1.71407e-05
-1.72978e-05
-1.96072e-05
-8.12827e-06
-2.14454e-05
1.7219e-06
-2.25221e-05
1.18549e-05
-2.27512e-05
2.17645e-05
-2.20522e-05
3.09697e-05
-2.03546e-05
3.90052e-05
4.53221e-05
-1.74787e-05
-3.82331e-06
-3.21985e-05
-7.19207e-06
-3.31044e-05
-1.03593e-05
-2.89976e-05
-1.33321e-05
-2.24932e-05
-1.59419e-05
-1.46897e-05
-1.80163e-05
-6.05523e-06
-1.93898e-05
3.09354e-06
-1.99223e-05
1.23858e-05
-1.95353e-05
2.13759e-05
-1.81653e-05
2.9597e-05
-1.57704e-05
3.66104e-05
4.18339e-05
-1.2282e-05
-3.96164e-06
-2.82359e-05
-7.06035e-06
-3.00065e-05
-1.0001e-05
-2.60569e-05
-1.27351e-05
-1.97607e-05
-1.50386e-05
-1.23864e-05
-1.67269e-05
-4.36847e-06
-1.7635e-05
4.00122e-06
-1.76269e-05
1.23766e-05
-1.66425e-05
2.03906e-05
-1.46452e-05
2.76005e-05
-1.16378e-05
3.36017e-05
3.78441e-05
-7.64892e-06
-4.10888e-06
-2.4133e-05
-7.096e-06
-2.70207e-05
-9.91583e-06
-2.32388e-05
-1.24839e-05
-1.71939e-05
-1.45248e-05
-1.03471e-05
-1.58501e-05
-3.04435e-06
-1.631e-05
4.45957e-06
-1.57792e-05
1.18444e-05
-1.42262e-05
1.88364e-05
-1.16516e-05
2.50238e-05
-8.1087e-06
3.00587e-05
3.34472e-05
-3.71183e-06
-4.30146e-06
-1.98331e-05
-7.29767e-06
-2.40261e-05
-1.0133e-05
-2.04038e-05
-1.26284e-05
-1.47005e-05
-1.44646e-05
-8.51111e-06
-1.54649e-05
-2.04586e-06
-1.55067e-05
4.50095e-06
-1.44836e-05
1.08199e-05
-1.23987e-05
1.67507e-05
-9.29461e-06
2.19199e-05
-5.28031e-06
2.60433e-05
2.87075e-05
-5.41437e-07
-4.44896e-06
-1.5393e-05
-7.64743e-06
-2.08296e-05
-1.06694e-05
-1.7384e-05
-1.31979e-05
-1.21739e-05
-1.48946e-05
-6.81604e-06
-1.56145e-05
-1.32735e-06
-1.52796e-05
4.16482e-06
-1.38048e-05
9.34398e-06
-1.12294e-05
1.41742e-05
-7.64038e-06
1.83297e-05
-3.20068e-06
2.16027e-05
2.3662e-05
1.84427e-06
-4.46691e-06
-1.09297e-05
-8.12337e-06
-1.71775e-05
-1.15291e-05
-1.39774e-05
-1.42012e-05
-9.50684e-06
-1.58255e-05
-5.18957e-06
-1.63089e-05
-8.4842e-07
-1.56455e-05
3.50284e-06
-1.3769e-05
7.46399e-06
-1.07466e-05
1.1152e-05
-6.70968e-06
1.42912e-05
-1.87104e-06
1.67634e-05
1.8314e-05
3.47632e-06
-4.25297e-06
-6.69548e-06
-8.70299e-06
-1.27319e-05
-1.26974e-05
-9.98613e-06
-1.56077e-05
-6.60106e-06
-1.72314e-05
-3.56738e-06
-1.75273e-05
-5.56407e-07
-1.65956e-05
2.56956e-06
-1.43637e-05
5.22884e-06
-1.09409e-05
7.72716e-06
-6.48736e-06
9.83611e-06
-1.25455e-06
1.1529e-05
1.26306e-05
4.42812e-06
-3.85086e-06
-2.88305e-06
-9.39733e-06
-7.19528e-06
-1.4122e-05
-5.26765e-06
-1.73259e-05
-3.40473e-06
-1.90343e-05
-1.86299e-06
-1.91699e-05
-4.2911e-07
-1.80249e-05
1.42067e-06
-1.55039e-05
2.70135e-06
-1.17549e-05
3.97398e-06
-6.93722e-06
5.01453e-06
-1.30408e-06
5.89222e-06
6.53448e-06
4.79024e-06
-2.88785e-06
-1.00845e-05
-1.53537e-05
-1.87591e-05
-2.06237e-05
-2.10536e-05
-1.96342e-05
-1.69337e-05
-1.29604e-05
-7.94662e-06
-2.05481e-06
4.4796e-06
-2.6032e-05
5.56281e-05
-2.19424e-05
5.69141e-05
-1.62629e-05
5.24591e-05
-9.34985e-06
4.19255e-05
-2.22086e-06
2.65751e-05
3.7537e-06
9.5141e-06
7.58175e-06
-6.11508e-06
9.28382e-06
-1.92351e-05
9.34226e-06
-3.05273e-05
8.11682e-06
-4.04823e-05
5.3985e-06
-4.83855e-05
-5.27496e-05
-1.96431e-05
5.22502e-05
-1.4885e-05
5.21571e-05
-8.97591e-06
4.65503e-05
-2.5486e-06
3.55006e-05
3.32258e-06
2.0706e-05
7.57877e-06
5.25973e-06
9.80206e-06
-8.33704e-06
1.03096e-05
-1.97416e-05
9.54957e-06
-2.97664e-05
7.80441e-06
-3.87365e-05
5.03405e-06
-4.56149e-05
-4.77118e-05
-1.34677e-05
4.8239e-05
-8.35767e-06
4.70473e-05
-2.58054e-06
4.07755e-05
3.10087e-06
2.98204e-05
7.71034e-06
1.60978e-05
1.05522e-05
2.41882e-06
1.1589e-05
-9.37319e-06
1.12355e-05
-1.93876e-05
9.87768e-06
-2.84085e-05
7.76088e-06
-3.66194e-05
4.82675e-06
-4.26803e-05
-4.28885e-05
-7.82448e-06
4.37816e-05
-2.5949e-06
4.18185e-05
2.85248e-06
3.53284e-05
7.7318e-06
2.4943e-05
1.12365e-05
1.2595e-05
1.29916e-05
6.65292e-07
1.31695e-05
-9.54981e-06
1.21874e-05
-1.84045e-05
1.03714e-05
-2.65914e-05
7.962e-06
-3.42092e-05
4.92972e-06
-3.96476e-05
-3.79547e-05
-2.89148e-06
3.90239e-05
2.31017e-06
3.6617e-05
7.3547e-06
3.02858e-05
1.14982e-05
2.08006e-05
1.41234e-05
9.97098e-06
1.50941e-05
-3.04597e-07
1.46676e-05
-9.12246e-06
1.32219e-05
-1.69581e-05
1.10277e-05
-2.43969e-05
8.32913e-06
-3.15096e-05
5.10279e-06
-3.64206e-05
-3.28545e-05
1.24524e-06
3.40669e-05
6.3489e-06
3.1514e-05
1.10048e-05
2.56302e-05
1.45493e-05
1.72581e-05
1.6537e-05
7.98481e-06
1.69843e-05
-7.50275e-07
1.61505e-05
-8.28772e-06
1.43586e-05
-1.51651e-05
1.18278e-05
-2.18651e-05
8.8135e-06
-2.84942e-05
5.33746e-06
-3.29439e-05
-2.7513e-05
4.56283e-06
2.89622e-05
9.56572e-06
2.65113e-05
1.39105e-05
2.12873e-05
1.70261e-05
1.4143e-05
1.86037e-05
6.40897e-06
1.87406e-05
-8.86889e-07
1.7649e-05
-7.19445e-06
1.55918e-05
-1.31076e-05
1.27375e-05
-1.90097e-05
9.34568e-06
-2.51018e-05
5.51891e-06
-2.91158e-05
-2.19952e-05
7.09106e-06
2.37153e-05
1.20478e-05
2.15551e-05
1.61998e-05
1.71354e-05
1.90625e-05
1.12826e-05
2.04212e-05
5.05135e-06
2.04101e-05
-8.73935e-07
1.91671e-05
-5.9509e-06
1.68957e-05
-1.08348e-05
1.37104e-05
-1.58241e-05
9.85665e-06
-2.12462e-05
5.56043e-06
-2.48191e-05
-1.64312e-05
8.90648e-06
1.82847e-05
1.39162e-05
1.65458e-05
1.8017e-05
1.30366e-05
2.0784e-05
8.51198e-06
2.20667e-05
3.77444e-06
2.20168e-05
-8.2763e-07
2.06888e-05
-4.61683e-06
1.82254e-05
-8.37426e-06
1.46871e-05
-1.22812e-05
1.02672e-05
-1.68292e-05
5.30628e-06
-1.98543e-05
-1.11256e-05
1.01233e-05
1.25894e-05
1.53195e-05
1.13508e-05
1.95046e-05
8.84984e-06
2.22856e-05
5.73084e-06
2.35644e-05
2.49816e-06
2.35393e-05
-8.01119e-07
2.21526e-05
-3.2272e-06
1.95028e-05
-5.72313e-06
1.55897e-05
-8.36649e-06
1.04884e-05
-1.17265e-05
4.6267e-06
-1.39897e-05
-6.49425e-06
1.08738e-05
6.5057e-06
1.63849e-05
5.84013e-06
2.07444e-05
4.48879e-06
2.36011e-05
2.87382e-06
2.48621e-05
1.24139e-06
2.48266e-05
-7.63043e-07
2.33282e-05
-1.72393e-06
2.05007e-05
-2.8935e-06
1.62417e-05
-4.10386e-06
1.04415e-05
-5.92383e-06
3.59678e-06
-7.13815e-06
-2.88863e-06
1.09855e-05
1.68253e-05
2.13139e-05
2.41885e-05
2.54303e-05
2.46683e-05
2.29447e-05
2.00518e-05
1.59483e-05
1.00254e-05
2.88863e-06
-4.25649e-06
-4.36442e-05
-8.29572e-06
-4.43035e-05
-1.23792e-05
-3.94764e-05
-1.62598e-05
-3.23592e-05
-1.98511e-05
-2.357e-05
-2.30497e-05
-1.34846e-05
-2.57578e-05
-2.42257e-06
-2.78884e-05
9.17189e-06
-2.9369e-05
2.07121e-05
-3.01172e-05
3.17176e-05
-3.00606e-05
4.17267e-05
5.05241e-05
-3.66827e-06
-3.99757e-05
-7.85795e-06
-4.01137e-05
-1.16514e-05
-3.56834e-05
-1.5223e-05
-2.87882e-05
-1.85012e-05
-2.02928e-05
-2.13561e-05
-1.06307e-05
-2.36559e-05
-1.24251e-07
-2.52861e-05
1.08005e-05
-2.61647e-05
2.15888e-05
-2.62057e-05
3.17573e-05
-2.53231e-05
4.08408e-05
4.84029e-05
-3.90225e-06
-3.60699e-05
-7.47875e-06
-3.65366e-05
-1.09355e-05
-3.22263e-05
-1.41981e-05
-2.55258e-05
-1.71442e-05
-1.73468e-05
-1.96199e-05
-8.15554e-06
-2.14716e-05
1.72702e-06
-2.25673e-05
1.18955e-05
-2.28227e-05
2.18433e-05
-2.21567e-05
3.10904e-05
-2.04921e-05
3.9177e-05
4.55407e-05
-3.81968e-06
-3.22506e-05
-7.18908e-06
-3.31672e-05
-1.03588e-05
-2.90571e-05
-1.3336e-05
-2.25492e-05
-1.5952e-05
-1.47317e-05
-1.80337e-05
-6.0748e-06
-1.94174e-05
3.10934e-06
-1.99642e-05
1.24406e-05
-1.95972e-05
2.14746e-05
-1.82511e-05
2.97425e-05
-1.58799e-05
3.68025e-05
4.20571e-05
-3.96158e-06
-2.82855e-05
-7.06169e-06
-3.00668e-05
-1.00058e-05
-2.61122e-05
-1.27444e-05
-1.98114e-05
-1.50534e-05
-1.24223e-05
-1.6747e-05
-4.38209e-06
-1.76618e-05
4.02393e-06
-1.76624e-05
1.24402e-05
-1.66903e-05
2.05013e-05
-1.47071e-05
2.77582e-05
-1.17115e-05
3.38068e-05
3.80614e-05
-4.11041e-06
-2.41764e-05
-7.10058e-06
-2.70766e-05
-9.92476e-06
-2.32886e-05
-1.24973e-05
-1.72395e-05
-1.4543e-05
-1.03775e-05
-1.58717e-05
-3.05435e-06
-1.63347e-05
4.48586e-06
-1.58068e-05
1.19108e-05
-1.42581e-05
1.89511e-05
-1.16868e-05
2.51851e-05
-8.14468e-06
3.02618e-05
3.36501e-05
-4.30438e-06
-1.98709e-05
-7.30465e-06
-2.40764e-05
-1.01453e-05
-2.04482e-05
-1.2645e-05
-1.47402e-05
-1.44856e-05
-8.53736e-06
-1.54873e-05
-2.0533e-06
-1.55291e-05
4.52681e-06
-1.45033e-05
1.08842e-05
-1.24149e-05
1.68609e-05
-9.30448e-06
2.20732e-05
-5.27964e-06
2.62363e-05
2.8888e-05
-4.4521e-06
-1.54207e-05
-7.65611e-06
-2.08733e-05
-1.06843e-05
-1.74201e-05
-1.32175e-05
-1.22089e-05
-1.49182e-05
-6.83696e-06
-1.56381e-05
-1.33509e-06
-1.53003e-05
4.18845e-06
-1.38181e-05
9.40012e-06
-1.12321e-05
1.42732e-05
-7.62761e-06
1.84666e-05
-3.16799e-06
2.17746e-05
2.38141e-05
-4.46954e-06
-1.0955e-05
-8.13216e-06
-1.721e-05
-1.15466e-05
-1.40107e-05
-1.42226e-05
-9.53038e-06
-1.58523e-05
-5.21123e-06
-1.63336e-05
-8.5218e-07
-1.56661e-05
3.5171e-06
-1.37775e-05
7.51259e-06
-1.0739e-05
1.12309e-05
-6.67832e-06
1.4406e-05
-1.81163e-06
1.69069e-05
1.8432e-05
-4.25159e-06
-6.70982e-06
-8.71156e-06
-1.27536e-05
-1.27152e-05
-1.00098e-05
-1.56312e-05
-6.61684e-06
-1.72603e-05
-3.5839e-06
-1.75543e-05
-5.60649e-07
-1.66166e-05
2.57714e-06
-1.43702e-05
5.26389e-06
-1.0926e-05
7.78284e-06
-6.44148e-06
9.91998e-06
-1.17291e-06
1.16365e-05
1.27094e-05
-3.84415e-06
-2.88195e-06
-9.40385e-06
-7.19982e-06
-1.41395e-05
-5.27996e-06
-1.73499e-05
-3.40999e-06
-1.90654e-05
-1.8728e-06
-1.91993e-05
-4.31622e-07
-1.80485e-05
1.42139e-06
-1.55108e-05
2.72099e-06
-1.17365e-05
4.00105e-06
-6.88018e-06
5.05968e-06
-1.20267e-06
5.95311e-06
6.56738e-06
-2.88452e-06
-1.00858e-05
-1.53665e-05
-1.87773e-05
-2.06509e-05
-2.10837e-05
-1.96632e-05
-1.69437e-05
-1.29434e-05
-7.88481e-06
-1.93413e-06
)
;

boundaryField
{
    rotor
    {
        type            calculated;
        value           uniform 0;
    }
    stator
    {
        type            calculated;
        value           uniform 0;
    }
    front
    {
        type            empty;
        value           nonuniform 0();
    }
    back
    {
        type            empty;
        value           nonuniform 0();
    }
}


// ************************************************************************* //
