/*--------------------------------*- C++ -*----------------------------------*\
| =========                 |                                                 |
| \\      /  F ield         | OpenFOAM: The Open Source CFD Toolbox           |
|  \\    /   O peration     | Version:  4.0                                   |
|   \\  /    A nd           | Web:      www.OpenFOAM.org                      |
|    \\/     M anipulation  |                                                 |
\*---------------------------------------------------------------------------*/
FoamFile
{
    version     2.0;
    format      ascii;
    class       volVectorField;
    location    "50";
    object      U;
}
// * * * * * * * * * * * * * * * * * * * * * * * * * * * * * * * * * * * * * //

dimensions      [0 1 -1 0 0 0 0];

internalField   nonuniform List<vector> 
3072
(
(-0.150345 2.37124 0)
(0.403674 2.09244 0)
(1.61084 2.21966 2.64912e-19)
(2.3105 3.17577 5.48124e-19)
(2.57226 3.70401 -1.22652e-18)
(2.95862 4.20624 7.03676e-19)
(3.31879 4.50894 6.2627e-19)
(3.71522 4.71363 3.70108e-18)
(4.09283 4.77082 -5.85965e-18)
(4.4463 4.73461 2.95737e-18)
(4.75064 4.60237 -6.91539e-19)
(5.00189 4.39771 7.57448e-20)
(0.762951 3.19505 -1.65598e-19)
(1.69093 3.52361 -4.06138e-19)
(2.33134 4.00386 2.2705e-19)
(2.59059 4.23032 0)
(2.68443 4.48188 6.03699e-19)
(2.85102 4.70149 -8.26537e-19)
(3.03962 4.86696 0)
(3.26621 4.97401 0)
(3.49397 5.01363 0)
(3.7256 4.984 8.52105e-19)
(3.94575 4.88712 3.66352e-19)
(4.14589 4.72787 5.20741e-19)
(1.49191 3.1494 9.30816e-20)
(2.41497 3.6185 0)
(2.86204 3.95487 0)
(3.01988 4.15066 -1.24299e-18)
(3.16026 4.32784 7.29977e-19)
(3.31931 4.47001 -8.43185e-19)
(3.47332 4.57489 1.01619e-18)
(3.63097 4.63791 0)
(3.78361 4.65458 0)
(3.92909 4.62108 -1.78874e-19)
(4.05953 4.53799 -1.90221e-19)
(4.16766 4.40732 8.87552e-19)
(2.4672 3.20229 -3.38416e-19)
(2.99074 3.71139 -6.64092e-19)
(3.22463 3.90496 5.53821e-19)
(3.30751 4.09209 -6.1891e-19)
(3.39155 4.24683 2.06497e-18)
(3.47713 4.37204 -1.8774e-18)
(3.56323 4.46569 -8.66299e-19)
(3.6526 4.52589 -2.07413e-18)
(3.74008 4.54929 -1.32151e-20)
(3.82203 4.5332 1.13082e-18)
(3.89167 4.47424 1.46258e-18)
(3.94161 4.37221 -1.16262e-18)
(2.99673 3.34573 0)
(3.32975 3.8158 2.67478e-19)
(3.45957 3.90242 -6.6024e-19)
(3.48856 4.04044 1.22586e-18)
(3.52901 4.14728 1.44823e-19)
(3.57404 4.23897 8.8342e-19)
(3.62079 4.31221 7.78665e-19)
(3.66781 4.36684 6.7099e-19)
(3.70875 4.39448 -1.41375e-18)
(3.74367 4.39447 1.40638e-18)
(3.76353 4.36005 -2.19286e-18)
(3.76086 4.2901 3.18764e-18)
(3.37913 3.42363 -2.98419e-19)
(3.55684 3.87618 2.40133e-19)
(3.5899 3.8691 1.2288e-18)
(3.58335 3.95441 0)
(3.59166 4.01157 -2.50364e-18)
(3.60491 4.06869 2.40575e-18)
(3.61731 4.12214 0)
(3.62641 4.17193 -1.80726e-18)
(3.62978 4.2071 1.6867e-18)
(3.62198 4.22732 0)
(3.59241 4.22434 7.54889e-20)
(3.54084 4.19096 2.0781e-18)
(3.46887 3.54893 0)
(3.59319 3.91618 -9.1503e-19)
(3.61186 3.81001 1.01492e-18)
(3.59256 3.8335 0)
(3.57822 3.83829 -1.50491e-18)
(3.56819 3.85735 3.15179e-19)
(3.55373 3.88563 2.42869e-18)
(3.53171 3.92262 2.26028e-18)
(3.49843 3.96222 -2.16477e-18)
(3.44753 3.99965 2.23173e-18)
(3.37324 4.02749 -2.02623e-18)
(3.27545 4.03436 -6.33844e-18)
(3.43673 3.64436 0)
(3.55973 3.96843 5.98112e-19)
(3.55749 3.73448 -1.52544e-18)
(3.52291 3.68241 2.00534e-18)
(3.49538 3.62815 0)
(3.46852 3.60337 -2.8476e-18)
(3.4312 3.60116 2.76291e-18)
(3.37962 3.62 -3.67601e-20)
(3.31024 3.65563 -4.96728e-18)
(3.21754 3.70461 -2.39811e-18)
(3.09836 3.76026 -1.68041e-19)
(2.95239 3.8083 4.95171e-18)
(3.22652 3.74618 0)
(3.39549 4.01617 -1.38174e-18)
(3.40313 3.61308 -2.42471e-18)
(3.38031 3.48812 -2.03736e-18)
(3.34995 3.38 4.33017e-18)
(3.31177 3.31273 0)
(3.25396 3.2787 0)
(3.17331 3.27541 0)
(3.0677 3.30032 0)
(2.93249 3.35286 2.61103e-18)
(2.76607 3.42879 -2.77577e-18)
(2.56678 3.51318 2.76354e-18)
(2.89852 3.82959 0)
(3.09095 4.05463 1.26051e-18)
(3.1443 3.49375 -4.32158e-19)
(3.17377 3.26882 3.02851e-18)
(3.15596 3.10826 2.98311e-18)
(3.11163 3.00145 -4.30818e-18)
(3.03477 2.93821 0)
(2.92462 2.91261 -2.10372e-19)
(2.78216 2.92301 -9.88036e-18)
(2.60189 2.9719 0)
(2.38306 3.05761 6.44394e-18)
(2.1206 3.16628 -3.32333e-18)
(2.42416 3.89802 0)
(2.78827 3.84273 2.08354e-18)
(2.84421 3.28778 6.48478e-18)
(2.91775 3.00534 -6.01865e-18)
(2.92729 2.81935 -8.25235e-18)
(2.88437 2.68652 1.20736e-17)
(2.79117 2.60235 -2.6865e-19)
(2.65166 2.55886 -4.54341e-18)
(2.47223 2.55478 3.28384e-18)
(2.24312 2.59484 -7.40979e-18)
(1.9633 2.67711 -1.05131e-17)
(1.62045 2.79076 1.15321e-17)
(1.29088 3.89812 -1.73265e-18)
(2.16374 3.83658 -1.11474e-17)
(2.52412 3.07509 2.27292e-18)
(2.66579 2.7421 0)
(2.69601 2.53467 0)
(2.65276 2.38663 4.65688e-19)
(2.54454 2.29037 1.54319e-17)
(2.37451 2.23437 8.84718e-18)
(2.15586 2.21658 0)
(1.86548 2.24309 7.77197e-18)
(1.50102 2.31026 0)
(1.04452 2.4141 5.3157e-19)
(5.18951 4.13232 3.05929e-18)
(5.3183 3.81636 -1.60401e-18)
(5.37857 3.46576 2.59974e-19)
(5.36487 3.09588 -4.63841e-19)
(5.27326 2.7201 -3.56446e-19)
(5.10119 2.34953 0)
(4.84488 1.99476 0)
(4.50539 1.66871 2.10362e-18)
(4.07867 1.37594 -2.52872e-18)
(3.52901 1.08936 0)
(2.9687 0.750237 0)
(2.67454 0.0433535 -1.28221e-18)
(4.31957 4.51142 1.11712e-20)
(4.45355 4.2548 0)
(4.54145 3.96825 -7.59927e-19)
(4.58292 3.66475 3.341e-19)
(4.57558 3.35557 3.37579e-19)
(4.51905 3.0537 3.31485e-18)
(4.41232 2.77027 -5.87403e-18)
(4.25442 2.51763 1.14371e-18)
(4.0402 2.30817 0)
(3.68493 2.13917 0)
(3.32165 2.02657 0)
(3.27951 1.73457 1.44497e-18)
(4.24784 4.23262 6.62163e-19)
(4.29784 4.01859 -1.66851e-18)
(4.31752 3.7786 5.70696e-19)
(4.30767 3.52422 1.79214e-18)
(4.26956 3.26898 -1.84877e-18)
(4.20314 3.02894 0)
(4.10672 2.81837 0)
(3.97913 2.65251 -9.20293e-20)
(3.82164 2.54473 1.35599e-18)
(3.58807 2.49365 0)
(3.32427 2.49911 0)
(3.36148 2.44691 -9.52012e-19)
(3.97025 4.22736 9.39497e-20)
(3.97676 4.04343 1.99953e-18)
(3.96289 3.82837 1.78514e-18)
(3.93094 3.59388 -1.78934e-18)
(3.88402 3.35502 0)
(3.82525 3.12915 1.30151e-18)
(3.75667 2.93477 0)
(3.68085 2.78991 2.5692e-18)
(3.59949 2.7117 -1.01795e-18)
(3.496 2.69673 0)
(3.31872 2.77939 -6.2279e-19)
(3.51078 2.96337 1.11893e-18)
(3.73912 4.17878 -1.455e-18)
(3.70165 4.02565 0)
(3.65312 3.83545 0)
(3.59928 3.61753 0)
(3.54559 3.38618 0)
(3.4976 3.16019 -2.53162e-18)
(3.45984 2.96064 -5.95408e-20)
(3.4345 2.80804 -1.31855e-18)
(3.42454 2.73613 0)
(3.42223 2.74596 -1.21398e-18)
(3.33369 2.87411 7.37462e-19)
(3.65177 3.16033 -3.20556e-19)
(3.47242 4.11767 -2.96754e-20)
(3.39513 3.99825 -4.16845e-18)
(3.31787 3.8335 2.31417e-18)
(3.24893 3.63009 1.88079e-19)
(3.19648 3.40057 2.25437e-19)
(3.1671 3.16427 4.03975e-18)
(3.16565 2.94476 4.81613e-21)
(3.19461 2.7681 -4.70936e-18)
(3.25471 2.66682 -1.91478e-18)
(3.34185 2.67103 1.11362e-18)
(3.38313 2.82007 -1.61909e-18)
(3.78356 3.19348 -8.69671e-19)
(3.16115 4.00399 6.61019e-18)
(3.04509 3.92269 2.43649e-18)
(2.94227 3.78665 0)
(2.86332 3.59977 0)
(2.81844 3.37136 2.19086e-19)
(2.81456 3.12043 -2.82753e-18)
(2.85522 2.87277 4.72707e-18)
(2.94222 2.65838 -5.51565e-20)
(3.07607 2.51475 1.70783e-18)
(3.25732 2.48295 0)
(3.41513 2.61951 -2.3521e-19)
(3.88655 3.02816 -9.87603e-20)
(2.78871 3.82392 -2.48515e-18)
(2.63206 3.78369 -2.59185e-18)
(2.5061 3.67928 2.94745e-18)
(2.42266 3.5124 -3.07898e-18)
(2.39288 3.28773 -1.97493e-19)
(2.42329 3.0236 6.33166e-18)
(2.5135 2.74646 -3.09427e-18)
(2.66316 2.48871 1.74211e-18)
(2.87156 2.29175 0)
(3.14633 2.20587 1.13783e-18)
(3.42431 2.3107 8.33295e-19)
(3.9558 2.70761 -1.32442e-18)
(2.3454 3.57204 3.08736e-18)
(2.14288 3.57046 -3.02489e-18)
(1.99613 3.49701 -3.18704e-18)
(1.91556 3.35344 -7.02683e-18)
(1.91097 3.13718 6.86968e-18)
(1.9868 2.86439 -6.68413e-18)
(2.13488 2.56253 0)
(2.34998 2.26232 -1.68651e-18)
(2.63034 2.00604 0)
(2.99451 1.84965 0)
(3.3826 1.88338 0)
(3.97035 2.1929 7.0411e-19)
(1.82735 3.25601 3.36023e-18)
(1.57031 3.28244 -7.66695e-18)
(1.4065 3.23235 8.03474e-18)
(1.34022 3.11266 7.86619e-18)
(1.3741 2.91161 3.78648e-18)
(1.51018 2.63807 0)
(1.72573 2.32154 0)
(2.00655 1.98764 3.71756e-18)
(2.34915 1.67301 0)
(2.78813 1.43266 -1.15557e-18)
(3.26413 1.3556 8.29174e-19)
(3.89651 1.44323 -1.99916e-18)
(1.23442 2.8927 -8.43094e-18)
(0.915665 2.93379 8.36724e-18)
(0.748297 2.89118 -8.71041e-18)
(0.713113 2.79209 -2.15409e-17)
(0.800467 2.61435 -9.13634e-20)
(1.01556 2.34846 1.36139e-19)
(1.30605 2.031 -4.00906e-18)
(1.64883 1.67871 -3.75064e-18)
(2.03691 1.31539 0)
(2.51761 0.989099 3.26469e-18)
(3.00336 0.741768 9.85441e-19)
(3.67874 0.574922 -3.06607e-18)
(0.552042 2.5161 -4.3561e-19)
(0.20521 2.55652 0)
(0.0795308 2.50825 0)
(0.0885643 2.42714 3.50108e-18)
(0.253508 2.26076 1.16481e-17)
(0.555865 2.00977 -4.12195e-18)
(0.914987 1.70671 1.3099e-20)
(1.30462 1.35645 -1.89243e-18)
(1.7153 0.964997 -1.851e-18)
(2.18701 0.567797 -2.01989e-18)
(2.66064 0.119781 0)
(3.40735 -0.904233 2.22708e-18)
(2.38522 0.178849 1.80626e-20)
(2.08007 -0.425426 0)
(2.25234 -1.64399 -2.6795e-19)
(3.20454 -2.29992 0)
(3.72821 -2.57626 -8.45991e-19)
(4.22474 -2.9553 6.90576e-19)
(4.52859 -3.31997 0)
(4.72176 -3.72007 2.99431e-18)
(4.78078 -4.09843 -5.09499e-18)
(4.74203 -4.44954 3.66665e-18)
(4.60855 -4.75453 -4.32578e-20)
(4.40239 -5.00535 -7.90526e-20)
(3.20253 -0.779925 -2.95942e-19)
(3.51799 -1.69752 -2.34307e-19)
(4.00643 -2.3243 4.36297e-19)
(4.23253 -2.57808 0)
(4.48641 -2.67654 -6.24e-19)
(4.7068 -2.84465 5.61932e-19)
(4.87167 -3.03765 0)
(4.98038 -3.26207 3.05045e-19)
(5.01884 -3.49191 -4.57123e-19)
(4.98815 -3.72355 2.1538e-19)
(4.8906 -3.94406 -5.84981e-19)
(4.73047 -4.1444 -1.29917e-18)
(3.15167 -1.52188 -9.71878e-20)
(3.61121 -2.42103 0)
(3.9505 -2.85921 -5.82451e-19)
(4.14863 -3.01072 0)
(4.32808 -3.15746 0)
(4.47115 -3.31555 -3.63069e-19)
(4.57666 -3.4704 1.93544e-18)
(4.63999 -3.62742 -1.13209e-18)
(4.65642 -3.78033 2.16769e-19)
(4.6226 -3.92564 0)
(4.539 -4.05603 6.77436e-19)
(4.40788 -4.1642 -5.28297e-19)
(3.19955 -2.4952 1.52876e-19)
(3.70502 -2.99998 3.21063e-19)
(3.90203 -3.22491 5.27265e-19)
(4.0907 -3.30499 1.11912e-18)
(4.24644 -3.3898 -1.04739e-18)
(4.372 -3.47351 -7.18759e-19)
(4.46587 -3.55897 0)
(4.52597 -3.64739 0)
(4.54901 -3.73445 7.13475e-19)
(4.53251 -3.816 0)
(4.47303 -3.88555 2.58098e-19)
(4.37048 -3.93566 4.58578e-19)
(3.34125 -3.01919 1.69436e-19)
(3.81131 -3.33555 -1.97273e-19)
(3.90081 -3.45856 -6.64189e-19)
(4.03922 -3.48666 0)
(4.14624 -3.5267 0)
(4.23793 -3.56987 1.12516e-18)
(4.31115 -3.61514 0)
(4.36522 -3.66085 -1.55568e-18)
(4.39207 -3.70082 -6.25072e-19)
(4.39127 -3.73534 1.41663e-18)
(4.35625 -3.75448 -2.19575e-18)
(4.28556 -3.7522 1.49172e-18)
(3.41974 -3.39676 -1.37425e-19)
(3.8744 -3.56108 -2.61136e-19)
(3.86873 -3.58927 5.59689e-19)
(3.95348 -3.58147 1.10472e-19)
(4.01013 -3.58842 1.28761e-18)
(4.06703 -3.59938 -2.31331e-18)
(4.12009 -3.60963 2.06809e-18)
(4.16897 -3.61692 1.52345e-19)
(4.20257 -3.6193 0)
(4.22188 -3.61035 0)
(4.21791 -3.5802 3.78633e-18)
(4.1835 -3.52942 1.26433e-19)
(3.54683 -3.48365 -9.50822e-20)
(3.91628 -3.59812 -5.66695e-19)
(3.81006 -3.61054 0)
(3.83309 -3.58984 -1.43306e-18)
(3.83684 -3.57362 1.62839e-18)
(3.8553 -3.56079 4.10007e-18)
(3.88283 -3.54378 2.60743e-18)
(3.9188 -3.51944 3.27915e-19)
(3.95692 -3.48467 -4.46839e-18)
(3.99289 -3.43272 2.09577e-18)
(4.0191 -3.35856 2.39469e-18)
(4.02459 -3.26212 1.5472e-19)
(3.64304 -3.45075 4.18431e-20)
(3.97049 -3.56273 5.99428e-19)
(3.73587 -3.55553 0)
(3.68264 -3.51897 -2.00971e-18)
(3.62706 -3.48901 -1.60935e-18)
(3.6014 -3.45913 1.95503e-19)
(3.59832 -3.41885 -5.40806e-18)
(3.61599 -3.36489 1.46044e-19)
(3.65022 -3.29389 -1.59155e-19)
(3.69751 -3.20068 2.52643e-18)
(3.75128 -3.08226 -2.22578e-18)
(3.79736 -2.93866 6.30662e-20)
(3.74508 -3.24039 -7.22856e-19)
(4.01832 -3.39816 4.0621e-19)
(3.61474 -3.40049 -3.5303e-18)
(3.48876 -3.37492 2.04338e-18)
(3.37944 -3.34181 0)
(3.31133 -3.30047 0)
(3.27648 -3.23968 3.36478e-18)
(3.27213 -3.15675 6.03533e-18)
(3.29577 -3.04992 -2.83906e-18)
(3.34666 -2.9149 -2.60915e-18)
(3.42054 -2.75027 -2.6144e-18)
(3.50263 -2.55465 0)
(3.82962 -2.9137 1.76862e-20)
(4.05734 -3.09322 1.88819e-18)
(3.49543 -3.14082 5.36546e-18)
(3.26995 -3.16721 0)
(3.1085 -3.14634 5.07069e-18)
(3.00107 -3.09879 0)
(2.9372 -3.01918 1.31556e-19)
(2.91078 -2.90712 -3.30852e-18)
(2.92006 -2.76411 3.43003e-18)
(2.96741 -2.58502 0)
(3.05103 -2.36927 0)
(3.15733 -2.11219 -6.66361e-18)
(3.89533 -2.43912 -2.16983e-18)
(3.84217 -2.79054 2.0722e-18)
(3.2903 -2.84062 4.24914e-19)
(3.00677 -2.91025 -6.74497e-18)
(2.82056 -2.91638 -2.62297e-18)
(2.68735 -2.8704 -2.46099e-18)
(2.60283 -2.77485 -4.45349e-18)
(2.55874 -2.63397 -1.19828e-17)
(2.55364 -2.45482 -3.30309e-18)
(2.59216 -2.22801 -7.4457e-18)
(2.67236 -1.95275 7.47222e-18)
(2.78389 -1.61756 7.28527e-18)
(3.89836 -1.30707 3.25698e-18)
(3.83306 -2.17044 -1.28793e-18)
(3.07701 -2.52185 3.43565e-19)
(2.74366 -2.65808 6.43391e-18)
(2.53656 -2.68437 0)
(2.38832 -2.63808 -5.95935e-18)
(2.29201 -2.52786 4.89763e-18)
(2.23565 -2.35695 3.78783e-18)
(2.21702 -2.13926 -1.34568e-17)
(2.24196 -1.85253 7.81593e-18)
(2.3071 -1.4946 -7.50272e-18)
(2.40895 -1.04888 0)
(4.13639 -5.19253 -1.46207e-18)
(3.81942 -5.32132 3.50978e-18)
(3.46857 -5.38111 -1.53876e-18)
(3.09825 -5.36718 -1.62905e-19)
(2.72199 -5.27543 -3.06632e-19)
(2.35146 -5.10304 3.33588e-19)
(1.99625 -4.84652 1.11348e-20)
(1.67018 -4.50684 -6.70729e-19)
(1.37719 -4.07962 -2.53279e-18)
(1.09038 -3.52972 0)
(0.751533 -2.96891 0)
(0.0434241 -2.67431 -1.28152e-18)
(4.51354 -4.31825 -2.73081e-19)
(4.25645 -4.45233 7.48025e-19)
(3.96967 -4.54039 -7.59961e-19)
(3.66601 -4.58208 0)
(3.35676 -4.57498 1.66256e-18)
(3.0549 -4.51871 0)
(2.77149 -4.41229 1.85717e-18)
(2.51891 -4.25467 3.88601e-18)
(2.30942 -4.04062 -3.35695e-18)
(2.14038 -3.68555 0)
(2.02774 -3.32219 0)
(1.73597 -3.27992 8.27403e-21)
(4.23271 -4.24462 3.94425e-19)
(4.01846 -4.295 -2.7721e-19)
(3.77838 -4.31513 5.73204e-19)
(3.52408 -4.30579 0)
(3.26904 -4.2682 -9.11138e-19)
(3.02926 -4.20224 2.56483e-18)
(2.81896 -4.10623 -3.65682e-18)
(2.65337 -3.97896 -4.9007e-18)
(2.54583 -3.82167 3.89788e-18)
(2.4951 -3.58824 0)
(2.50077 -3.32453 8.20573e-19)
(2.44872 -3.3614 3.19833e-19)
(4.22519 -3.96478 5.21682e-19)
(4.04111 -3.97197 -1.44177e-18)
(3.82612 -3.95895 1.78448e-18)
(3.59196 -3.92786 -1.78886e-18)
(3.35358 -3.88177 0)
(3.12829 -3.82374 1.29931e-18)
(2.9345 -3.75577 1.25655e-18)
(2.79019 -3.68041 8.45107e-19)
(2.71244 -3.59933 -2.00284e-18)
(2.69792 -3.49605 0)
(2.78096 -3.31892 -5.0445e-19)
(2.96544 -3.51075 9.40071e-19)
(4.17376 -3.73127 1.7271e-18)
(4.0205 -3.695 -8.88842e-19)
(3.83057 -3.64778 0)
(3.61326 -3.59528 0)
(3.38276 -3.54278 1.23051e-18)
(3.15776 -3.4958 -1.18376e-18)
(2.95915 -3.4588 -1.59319e-19)
(2.80757 -3.43402 0)
(2.7364 -3.4244 -8.50241e-19)
(2.74696 -3.42249 1.21261e-18)
(2.87571 -3.33397 -1.56469e-18)
(3.16257 -3.65155 -4.36273e-19)
(4.10957 -3.46248 -3.88929e-18)
(3.98999 -3.38704 1.97115e-18)
(3.82571 -3.31176 4.63002e-18)
(3.62322 -3.24461 1.85821e-19)
(3.39501 -3.1937 -6.2802e-18)
(3.16014 -3.16544 -2.83187e-18)
(2.94206 -3.16478 -1.53103e-19)
(2.7667 -3.19422 0)
(2.66654 -3.25464 0)
(2.67166 -3.34208 -1.11238e-18)
(2.8216 -3.38343 -9.14346e-19)
(3.19565 -3.78352 3.94315e-19)
(3.99317 -3.15016 2.32244e-18)
(3.9117 -3.03678 -4.70566e-18)
(3.77619 -2.93656 -2.35556e-18)
(3.59052 -2.85982 -1.91558e-20)
(3.36381 -2.8166 2.80079e-18)
(3.11482 -2.81381 2.89273e-18)
(2.86909 -2.85506 1.64167e-18)
(2.65641 -2.94238 1.62706e-18)
(2.51415 -3.0763 -1.77736e-18)
(2.48349 -3.25761 0)
(2.62092 -3.41557 1.53347e-18)
(3.03026 -3.8862 -5.51581e-19)
(3.81157 -2.77842 0)
(3.77092 -2.62541 2.56937e-18)
(3.66709 -2.50256 0)
(3.50162 -2.42147 -2.2959e-19)
(3.27896 -2.39318 -1.95027e-19)
(3.01711 -2.42428 6.27808e-18)
(2.74223 -2.51461 -6.4024e-18)
(2.48644 -2.66405 0)
(2.29101 -2.87225 -1.88935e-18)
(2.20627 -3.14681 1.13535e-18)
(2.31197 -3.42473 -2.74987e-18)
(2.70944 -3.95592 1.75994e-18)
(3.55977 -2.33819 3.0622e-18)
(3.55764 -2.1403 -2.99546e-18)
(3.48472 -1.99699 -3.35691e-18)
(3.3426 -1.91853 3.45547e-18)
(3.12845 -1.91475 3.50386e-18)
(2.85811 -1.99035 -1.01239e-17)
(2.55857 -2.13765 3.30679e-18)
(2.26032 -2.35182 0)
(2.00552 -2.63136 1.76826e-18)
(1.85009 -2.99496 0)
(1.88464 -3.38297 2.90434e-18)
(2.19486 -3.97015 -3.15816e-18)
(3.24543 -1.82557 0)
(3.27143 -1.57418 -7.58839e-18)
(3.22188 -1.41369 -4.16828e-18)
(3.10354 -1.34885 -7.86628e-18)
(2.90455 -1.38237 3.73252e-18)
(2.6333 -1.51682 3.6734e-18)
(2.31886 -1.73032 0)
(1.98661 -2.00923 0)
(1.67314 -2.35044 0)
(1.43353 -2.78841 0)
(1.3569 -3.26399 -7.92828e-19)
(1.44522 -3.89624 -5.47238e-20)
(2.88445 -1.23982 4.22428e-18)
(2.92539 -0.927512 4.1982e-18)
(2.88349 -0.762201 1.75883e-17)
(2.78565 -0.727378 4.20153e-18)
(2.61001 -0.813008 1.71508e-17)
(2.34613 -1.02484 -4.08552e-18)
(2.03039 -1.31197 -3.9654e-18)
(1.67923 -1.65202 0)
(1.31662 -2.03813 -3.76537e-18)
(0.990567 -2.51748 -2.12359e-18)
(0.743272 -3.00274 -1.77035e-18)
(0.576425 -3.6784 -1.92684e-25)
(2.50942 -0.565381 0)
(2.55047 -0.223728 0)
(2.50268 -0.0976892 -1.69868e-17)
(2.42284 -0.105888 -1.1104e-17)
(2.25889 -0.267118 -3.954e-18)
(2.01008 -0.565238 0)
(1.70848 -0.920646 4.03639e-18)
(1.35871 -1.30746 0)
(0.967455 -1.71597 4.09654e-20)
(0.570056 -2.18619 2.01113e-18)
(0.121454 -2.65916 6.89426e-19)
(-0.903145 -3.40508 4.49043e-18)
(0.180097 -2.38705 3.30076e-19)
(-0.431705 -2.07905 4.1784e-20)
(-1.65327 -2.26207 -2.0871e-20)
(-2.30151 -3.21267 -3.171e-19)
(-2.58004 -3.73674 0)
(-2.95924 -4.23359 -7.05326e-20)
(-3.32444 -4.53817 0)
(-3.72384 -4.73136 -2.93427e-19)
(-4.10276 -4.78977 3.14655e-18)
(-4.45495 -4.74966 -2.17138e-18)
(-4.75965 -4.61655 -3.52341e-18)
(-5.01014 -4.40941 2.19145e-18)
(-0.7842 -3.2067 2.74679e-19)
(-1.70301 -3.52001 -4.41476e-19)
(-2.32765 -4.00997 3.42036e-19)
(-2.57983 -4.2371 1.88098e-19)
(-2.67947 -4.49255 -6.21235e-19)
(-2.84774 -4.71356 3.24257e-19)
(-3.04146 -4.87907 -4.24799e-19)
(-3.26619 -4.98813 -8.55207e-20)
(-3.49648 -5.02702 1.12165e-18)
(-3.72873 -4.99634 3.45241e-21)
(-3.94963 -4.89849 8.64215e-19)
(-4.15004 -4.73802 7.0684e-19)
(-1.52833 -3.15427 -1.94906e-19)
(-2.42778 -3.61236 0)
(-2.86457 -3.95303 0)
(-3.015 -4.15244 -4.69197e-19)
(-3.16212 -4.33337 0)
(-3.32037 -4.47746 -4.93373e-19)
(-3.47563 -4.5839 3.94654e-19)
(-3.6328 -4.64808 7.26226e-19)
(-3.78604 -4.66514 -5.42895e-19)
(-3.93166 -4.63158 -2.87475e-19)
(-4.06213 -4.54811 -8.54537e-19)
(-4.17016 -4.41688 8.8282e-19)
(-2.50381 -3.20036 -3.04587e-19)
(-3.00793 -3.70577 -3.19907e-19)
(-3.23153 -3.90422 6.3269e-19)
(-3.31127 -4.09428 4.94869e-19)
(-3.39631 -4.25152 0)
(-3.48019 -4.37838 -2.00729e-18)
(-3.56583 -4.4734 1.49689e-18)
(-3.65443 -4.53448 0)
(-3.74157 -4.5583 9.34579e-19)
(-3.82313 -4.54226 -1.53495e-18)
(-3.89248 -4.4831 1.19892e-18)
(-3.94222 -4.38064 2.47806e-19)
(-3.02946 -3.3418 2.37661e-19)
(-3.3451 -3.81224 5.86488e-19)
(-3.46697 -3.90315 1.08034e-19)
(-3.49474 -4.04291 0)
(-3.53495 -4.15125 -1.17243e-18)
(-3.57818 -4.24432 1.88641e-18)
(-3.62357 -4.3188 0)
(-3.66916 -4.37426 -8.56959e-19)
(-3.70895 -4.40213 -8.00183e-19)
(-3.74313 -4.40213 1.39511e-18)
(-3.76236 -4.36743 0)
(-3.75924 -4.2971 -1.34432e-18)
(-3.40816 -3.42057 1.60263e-19)
(-3.57076 -3.8759 1.33424e-19)
(-3.59882 -3.87094 -5.56488e-19)
(-3.5909 -3.95704 -2.86103e-18)
(-3.59799 -4.01484 -3.21005e-20)
(-3.60904 -4.0729 2.39907e-18)
(-3.61942 -4.12709 0)
(-3.6267 -4.17733 2.77926e-18)
(-3.62883 -4.21248 -1.73433e-18)
(-3.61948 -4.23304 1.7623e-18)
(-3.58871 -4.22997 7.46102e-20)
(-3.53667 -4.19621 -1.27594e-19)
(-3.49659 -3.54744 -3.53159e-19)
(-3.62177 -3.91161 -3.5294e-19)
(-3.6231 -3.81282 0)
(-3.60028 -3.83623 2.99831e-18)
(-3.58404 -3.84096 -4.59436e-18)
(-3.57141 -3.86058 -1.15511e-19)
(-3.55438 -3.88934 -5.01855e-18)
(-3.52999 -3.92663 1.6626e-19)
(-3.49475 -3.9663 -2.155e-18)
(-3.44222 -4.00367 -2.21944e-18)
(-3.36693 -4.03126 2.38692e-18)
(-3.26886 -4.03777 -2.08054e-18)
(-3.46312 -3.64263 2.09356e-20)
(-3.55671 -3.97465 -4.24525e-19)
(-3.56495 -3.73607 0)
(-3.52984 -3.68447 2.00066e-18)
(-3.50005 -3.63011 1.46727e-18)
(-3.47029 -3.60558 1.313e-18)
(-3.42999 -3.6036 -1.6105e-19)
(-3.3757 -3.62252 3.67608e-20)
(-3.30407 -3.65812 -2.58379e-18)
(-3.20975 -3.70697 -2.63293e-19)
(-3.08978 -3.76236 9.90372e-20)
(-2.94393 -3.81005 0)
(-3.25206 -3.74516 3.90542e-19)
(-3.42119 -4.01586 0)
(-3.41323 -3.61475 0)
(-3.38646 -3.48989 -2.0329e-18)
(-3.3532 -3.38119 1.88523e-18)
(-3.31183 -3.31398 -3.7389e-18)
(-3.25077 -3.28004 0)
(-3.1672 -3.2767 2.91797e-18)
(-3.05931 -3.3015 -1.70148e-19)
(-2.92269 -3.35387 2.60436e-18)
(-2.75589 -3.42954 -2.82558e-18)
(-2.55737 -3.51363 5.78227e-18)
(-2.92315 -3.82798 1.30661e-18)
(-3.10104 -4.05576 -6.5923e-19)
(-3.15265 -3.49339 -2.88752e-18)
(-3.17891 -3.26924 -5.65164e-18)
(-3.15773 -3.1085 0)
(-3.10992 -3.00186 3.86228e-18)
(-3.0297 -2.93876 -7.42097e-18)
(-2.91657 -2.91312 3.20743e-18)
(-2.77199 -2.92334 3.42536e-18)
(-2.59068 -2.97198 0)
(-2.37207 -3.05734 -3.45443e-18)
(-2.11125 -3.16574 -6.22436e-18)
(-2.44822 -3.89205 -2.1288e-18)
(-2.8008 -3.83801 9.06296e-19)
(-2.85257 -3.2855 3.01168e-18)
(-2.92203 -3.00392 2.86632e-18)
(-2.92764 -2.81838 9.55263e-20)
(-2.88108 -2.68601 -7.3279e-18)
(-2.78451 -2.60232 8.38594e-18)
(-2.64204 -2.55897 1.56815e-17)
(-2.4608 -2.55469 -1.07681e-17)
(-2.23114 -2.59433 -7.4403e-18)
(-1.95223 -2.67607 6.91933e-18)
(-1.61206 -2.78945 0)
(-1.30958 -3.89449 5.1065e-18)
(-2.18024 -3.82905 1.77156e-18)
(-2.53428 -3.06894 1.92166e-18)
(-2.67007 -2.73799 6.97639e-18)
(-2.6955 -2.53183 0)
(-2.64838 -2.38477 5.48242e-18)
(-2.53672 -2.28955 -1.06151e-17)
(-2.36364 -2.2341 -4.33228e-18)
(-2.14333 -2.2163 -4.40757e-18)
(-1.85291 -2.24233 7.79661e-18)
(-1.49023 -2.30882 4.17592e-18)
(-1.03772 -2.41228 1.17058e-17)
(-5.19767 -4.14257 5.7607e-19)
(-5.32578 -3.82496 2.22688e-19)
(-5.38555 -3.473 5.19425e-19)
(-5.37102 -3.10197 -1.01801e-18)
(-5.27879 -2.72496 5.96093e-20)
(-5.10584 -2.35368 0)
(-4.84878 -1.99786 -1.44506e-18)
(-4.50855 -1.67122 1.17492e-18)
(-4.08098 -1.37774 0)
(-3.5308 -1.09049 6.95578e-20)
(-2.96951 -0.751225 0)
(-2.67471 -0.0434477 0)
(-4.32396 -4.5205 -1.1728e-18)
(-4.45773 -4.26281 1.53661e-18)
(-4.54544 -3.97529 1.52947e-18)
(-4.58663 -3.67088 -5.49731e-19)
(-4.57901 -3.36084 0)
(-4.5222 -3.05827 0)
(-4.41524 -2.77422 2.1161e-18)
(-4.25711 -2.5211 -2.5197e-18)
(-4.04262 -2.31118 0)
(-3.68711 -2.14182 1.04768e-18)
(-3.32289 -2.02899 -6.69667e-20)
(-3.27999 -1.73724 -2.06238e-18)
(-4.25031 -4.24133 5.923e-19)
(-4.30021 -4.02649 -1.13021e-18)
(-4.31985 -3.78564 0)
(-4.30996 -3.53046 -1.68098e-18)
(-4.27183 -3.27448 -2.13518e-18)
(-4.20535 -3.03379 4.83533e-18)
(-4.10884 -2.82267 -4.50022e-18)
(-3.98111 -2.65638 0)
(-3.82341 -2.54831 0)
(-3.5896 -2.49709 0)
(-3.32549 -2.50258 -8.0456e-19)
(-3.36169 -2.45061 3.13028e-19)
(-3.97074 -4.23519 -5.17215e-19)
(-3.97721 -4.05059 -2.27511e-19)
(-3.96341 -3.83482 0)
(-3.93155 -3.59967 -2.06832e-19)
(-3.88475 -3.3602 0)
(-3.82609 -3.1338 0)
(-3.75758 -2.939 1.31008e-18)
(-3.68178 -2.79381 -1.6925e-18)
(-3.60039 -2.71543 2.10138e-18)
(-3.49692 -2.70059 0)
(-3.31938 -2.78348 -6.22582e-19)
(-3.51086 -2.96798 -1.11918e-18)
(-3.73733 -4.18528 3.49969e-18)
(-3.69992 -4.0316 -8.84891e-19)
(-3.6516 -3.84085 2.02462e-18)
(-3.59806 -3.6224 1.15875e-18)
(-3.54471 -3.39061 -3.44381e-18)
(-3.49702 -3.16427 0)
(-3.4595 -2.96445 -1.47395e-18)
(-3.43435 -2.81169 0)
(-3.4245 -2.73973 0)
(-3.42229 -2.74985 1.2164e-18)
(-3.33395 -2.87845 2.27338e-20)
(-3.65139 -3.16524 1.18933e-18)
(-3.46821 -4.12249 -1.94001e-18)
(-3.3912 -4.00264 -2.09247e-19)
(-3.31445 -3.83749 0)
(-3.24604 -3.63375 0)
(-3.19415 -3.40397 -4.06949e-18)
(-3.16525 -3.1675 2.61315e-18)
(-3.16421 -2.94794 2.87994e-18)
(-3.19349 -2.77129 1.58306e-18)
(-3.25385 -2.67009 -3.70202e-18)
(-3.34129 -2.67451 -1.11141e-18)
(-3.38292 -2.824 0)
(-3.78299 -3.19815 1.34511e-18)
(-3.15484 -4.00703 -4.64261e-18)
(-3.03942 -3.92547 2.01825e-18)
(-2.9374 -3.78919 2.59031e-18)
(-2.85924 -3.60212 2.19608e-19)
(-2.81508 -3.37364 -2.58143e-19)
(-2.81182 -3.12275 -3.01878e-18)
(-2.85297 -2.87522 -4.60317e-18)
(-2.94037 -2.66102 -1.68656e-18)
(-3.07459 -2.51759 1.70208e-18)
(-3.25621 -2.48609 0)
(-3.41452 -2.62313 2.56375e-18)
(-3.88567 -3.03226 -8.34189e-19)
(-2.78106 -3.82538 5.09325e-18)
(-2.62548 -3.78503 -2.78778e-18)
(-2.50058 -3.68058 -2.92145e-18)
(-2.41811 -3.51375 -5.8736e-18)
(-2.38913 -3.28915 5.85825e-18)
(-2.42016 -3.02515 -2.04024e-19)
(-2.51081 -2.74825 9.54761e-18)
(-2.66081 -2.49079 1.59297e-18)
(-2.86956 -2.29411 1.88954e-18)
(-3.14474 -2.20851 0)
(-3.4233 -2.31377 -1.73577e-18)
(-3.95478 -2.71089 -1.09607e-18)
(-2.33753 -3.57235 0)
(-2.13656 -3.57089 3.01266e-18)
(-1.99112 -3.49763 3.157e-18)
(-1.91154 -3.3543 -3.49236e-18)
(-1.90761 -3.1382 -2.15147e-19)
(-1.98383 -2.8656 -3.51526e-18)
(-2.13212 -2.56399 -3.31057e-18)
(-2.34735 -2.26403 0)
(-2.62793 -2.00797 -1.76896e-18)
(-2.99244 -1.85178 -1.14455e-18)
(-3.38114 -1.88574 4.70663e-18)
(-3.96915 -2.19506 -1.5046e-18)
(-1.82035 -3.25557 0)
(-1.56529 -3.2825 0)
(-1.40283 -3.2328 0)
(-1.33748 -3.11357 -1.2111e-17)
(-1.37178 -2.91284 7.47232e-18)
(-1.50789 -2.63947 7.36114e-18)
(-1.72323 -2.3231 0)
(-2.00385 -1.98929 -3.69245e-18)
(-2.34642 -1.67472 0)
(-2.78554 -1.43437 -2.23743e-18)
(-3.26208 -1.35715 -7.93177e-19)
(-3.89496 -1.44406 -2.00012e-18)
(-1.22902 -2.89161 0)
(-0.912446 -2.93354 0)
(-0.745949 -2.89138 8.99365e-18)
(-0.711655 -2.79313 1.26877e-17)
(-0.799273 -2.61597 2.88992e-19)
(-1.01402 -2.35032 4.2329e-18)
(-1.30389 -2.03298 -2.01918e-18)
(-1.64616 -1.68061 5.57676e-18)
(-2.03397 -1.31715 3.76741e-18)
(-2.51457 -0.990571 2.08878e-18)
(-3.00051 -0.742516 -1.77091e-18)
(-3.67654 -0.574741 -3.27135e-18)
(-0.548462 -2.5143 0)
(-0.20326 -2.55572 0)
(-0.0777965 -2.5079 -8.34738e-18)
(-0.0873978 -2.42776 3.60542e-18)
(-0.25229 -2.2623 -3.96197e-18)
(-0.554169 -2.01205 -4.09955e-18)
(-0.912695 -1.70928 4.02745e-18)
(-1.30191 -1.35873 0)
(-1.71219 -0.966958 -3.74608e-18)
(-2.18363 -0.569239 -1.97168e-18)
(-2.6573 -0.119879 2.27926e-18)
(-3.40539 0.907571 -4.32086e-18)
(-2.38347 -0.181693 2.50502e-19)
(-2.08121 0.414492 0)
(-2.23952 1.63091 0)
(-3.19433 2.3017 4.55937e-19)
(-3.72024 2.57566 -2.23482e-19)
(-4.21878 2.95599 0)
(-4.52403 3.31944 0)
(-4.71893 3.71991 -2.88656e-19)
(-4.77838 4.09876 5.92383e-20)
(-4.74068 4.45107 -1.46951e-18)
(-4.60842 4.75605 -3.54469e-18)
(-4.40279 5.00743 1.5136e-18)
(-3.19848 0.77103 -4.11935e-19)
(-3.51602 1.69079 0)
(-4.00469 2.32393 0)
(-4.23071 2.58132 -4.80505e-19)
(-4.48397 2.67904 9.29178e-19)
(-4.70406 2.84739 -1.45412e-18)
(-4.86891 3.03969 8.16297e-19)
(-4.97808 3.26422 5.45917e-19)
(-5.01724 3.49403 5.899e-19)
(-4.98716 3.72599 8.5327e-19)
(-4.89026 3.9466 0)
(-4.73088 4.14717 2.4192e-19)
(-3.15072 1.513 1.95135e-19)
(-3.61148 2.41555 0)
(-3.9504 2.85806 0)
(-4.14775 3.01229 -9.85666e-20)
(-4.32622 3.15873 9.90513e-20)
(-4.46894 3.31752 -7.68483e-19)
(-4.57428 3.47246 0)
(-4.63781 3.62992 -1.03959e-18)
(-4.65461 3.78327 1.19175e-18)
(-4.62128 3.92906 -1.85724e-19)
(-4.53827 4.05975 -6.77861e-19)
(-4.4078 4.16825 9.00771e-19)
(-3.19921 2.48439 -1.54459e-19)
(-3.70492 2.99411 3.2292e-19)
(-3.90087 3.22301 0)
(-4.08879 3.3051 4.98978e-19)
(-4.24392 3.39063 -4.50996e-19)
(-4.36922 3.47531 7.22586e-19)
(-4.46306 3.56141 0)
(-4.52342 3.65061 -7.78001e-19)
(-4.54687 3.73838 -1.66488e-18)
(-4.53087 3.82046 1.14315e-18)
(-4.47219 3.89053 1.21129e-18)
(-4.37051 3.94093 -2.58681e-18)
(-3.34097 3.00776 1.20455e-19)
(-3.8104 3.32978 -2.71595e-19)
(-3.8989 3.45633 6.67647e-19)
(-4.03659 3.48613 0)
(-4.14311 3.52724 -2.49162e-18)
(-4.23453 3.57163 2.14293e-18)
(-4.30764 3.61799 1.00642e-18)
(-4.36202 3.66484 6.77913e-19)
(-4.38954 3.70573 0)
(-4.3894 3.74085 0)
(-4.35522 3.7609 0)
(-4.2856 3.7589 -3.43689e-19)
(-3.41998 3.38465 2.77787e-19)
(-3.87292 3.55483 0)
(-3.86633 3.58634 -5.62673e-19)
(-3.95028 3.58044 1.50095e-18)
(-4.00644 3.58878 1.31229e-18)
(-4.063 3.60125 -2.22799e-18)
(-4.11589 3.61296 1.13787e-18)
(-4.16509 3.62153 -3.77407e-18)
(-4.19971 3.62465 -1.55295e-20)
(-4.21947 3.61697 -1.50933e-19)
(-4.21639 3.58796 7.62734e-20)
(-4.18328 3.53737 5.46956e-18)
(-3.54716 3.47136 -9.49405e-19)
(-3.91477 3.59041 9.21036e-19)
(-3.80773 3.60675 -1.75059e-18)
(-3.8295 3.58839 -1.4369e-18)
(-3.8327 3.57382 -2.89874e-18)
(-3.85066 3.56275 -1.55492e-18)
(-3.87787 3.54747 -2.42915e-18)
(-3.91388 3.52467 4.38747e-18)
(-3.95247 3.49121 0)
(-3.98916 3.44047 4.2033e-18)
(-4.01646 3.36712 -6.33992e-18)
(-4.0235 3.27077 2.30062e-18)
(-3.64389 3.4379 -5.00273e-19)
(-3.96873 3.55464 -1.00678e-18)
(-3.73354 3.55099 2.34926e-18)
(-3.67897 3.51701 0)
(-3.62268 3.48901 -1.88128e-18)
(-3.59632 3.46111 2.86528e-18)
(-3.59269 3.42274 -2.00463e-19)
(-3.6101 3.37048 -3.69035e-20)
(-3.64443 3.30091 -2.50141e-18)
(-3.69219 3.20881 -4.8249e-18)
(-3.74693 3.09101 2.28864e-18)
(-3.79467 2.94731 -2.53661e-18)
(-3.74633 3.22779 3.94915e-19)
(-4.01718 3.38986 0)
(-3.61284 3.39516 0)
(-3.48523 3.37245 0)
(-3.37507 3.3416 1.89955e-18)
(-3.30605 3.3024 0)
(-3.2704 3.24362 -1.45892e-19)
(-3.26545 3.16243 5.94191e-18)
(-3.28878 3.05697 1.04268e-19)
(-3.33973 2.92289 2.61901e-18)
(-3.41428 2.75862 -2.77731e-18)
(-3.49795 2.56266 8.56518e-18)
(-3.82993 2.90081 1.74369e-20)
(-4.05612 3.08371 3.56864e-18)
(-3.49463 3.1347 -1.35787e-18)
(-3.26714 3.16424 0)
(-3.1046 3.14594 0)
(-2.99602 3.10066 0)
(-2.93108 3.02309 0)
(-2.90375 2.91271 3.33336e-18)
(-2.91235 2.77096 -1.30002e-17)
(-2.95936 2.59259 -6.48333e-18)
(-3.04328 2.37697 6.46416e-18)
(-3.1509 2.11929 3.76398e-18)
(-3.89799 2.42778 -2.1642e-18)
(-3.84446 2.78191 -2.77991e-18)
(-3.29108 2.83444 -1.78526e-18)
(-3.00534 2.90705 0)
(-2.81767 2.9159 0)
(-2.68308 2.87227 5.07587e-18)
(-2.59724 2.77879 -8.67142e-18)
(-2.55201 2.63953 1.60119e-17)
(-2.54597 2.46154 1.10184e-17)
(-2.58388 2.23536 6.87675e-18)
(-2.6641 1.96009 -6.93723e-18)
(-2.77663 1.62399 5.27183e-19)
(-3.89916 1.29733 -1.73286e-18)
(-3.83736 2.16008 0)
(-3.0817 2.51375 3.5408e-18)
(-2.74458 2.65421 -1.03523e-17)
(-2.53541 2.6838 1.02254e-17)
(-2.38551 2.63998 4.65782e-19)
(-2.28763 2.53194 4.90958e-18)
(-2.22999 2.3627 -4.35556e-18)
(-2.21031 2.14621 -2.18175e-17)
(-2.23455 1.8602 0)
(-2.2996 1.50218 0)
(-2.40224 1.05484 5.33602e-19)
(-4.13741 5.19513 -1.40313e-19)
(-3.82097 5.32389 2.21958e-19)
(-3.47007 5.38424 4.76545e-19)
(-3.10001 5.3702 -8.92496e-19)
(-2.72372 5.27836 1.48739e-19)
(-2.35287 5.10592 3.32819e-19)
(-1.99784 4.84892 -1.44492e-18)
(-1.67134 4.50894 3.75605e-18)
(-1.37835 4.08126 -1.83714e-18)
(-1.09132 3.53083 -6.94308e-20)
(-0.75228 2.9696 0)
(-0.0437165 2.67438 0)
(-4.51442 4.32126 7.54295e-19)
(-4.25783 4.45553 -9.56847e-19)
(-3.97134 4.54371 -7.59936e-19)
(-3.6679 4.58536 0)
(-3.35877 4.57815 -1.32237e-18)
(-3.05693 4.52164 0)
(-2.7735 4.41486 -1.05953e-18)
(-2.52083 4.25686 2.5194e-18)
(-2.31128 4.04242 0)
(-2.14214 3.68696 2.89168e-18)
(-2.02938 3.32299 -3.2689e-18)
(-1.73758 3.28023 4.79125e-19)
(-4.23338 4.24882 6.64194e-19)
(-4.01974 4.29917 -1.67578e-18)
(-3.78016 4.31914 5.72714e-19)
(-3.5262 4.30949 0)
(-3.27139 4.27149 9.1089e-19)
(-3.03172 4.20508 2.56518e-18)
(-2.82146 4.10859 -3.60099e-18)
(-2.65587 3.98085 1.99112e-18)
(-2.54831 3.82312 -1.18605e-18)
(-2.49747 3.58923 0)
(-2.50306 3.32515 0)
(-2.45092 3.3616 -3.19751e-19)
(-4.22611 3.97009 -1.42727e-18)
(-4.04284 3.97706 1.16891e-18)
(-3.82849 3.96361 1.78541e-18)
(-3.59477 3.93194 -8.25011e-19)
(-3.35664 3.88519 -2.03766e-18)
(-3.13145 3.82649 0)
(-2.93765 3.75789 5.53609e-20)
(-2.79328 3.68197 3.33923e-18)
(-2.71546 3.60045 -3.12113e-18)
(-2.70087 3.49679 1.11428e-18)
(-2.78369 3.31931 -3.41637e-20)
(-2.96803 3.51091 -9.39642e-19)
(-4.17497 3.73784 1.72992e-18)
(-4.02275 3.70111 -8.90428e-19)
(-3.83368 3.65315 2.03264e-18)
(-3.61696 3.59975 -1.04634e-18)
(-3.38676 3.54629 0)
(-3.1618 3.49838 0)
(-2.96306 3.46058 -1.3171e-18)
(-2.81122 3.43514 -3.10505e-18)
(-2.73985 3.42509 1.77648e-18)
(-2.75023 3.42281 1.21386e-18)
(-2.87863 3.33417 -1.56367e-18)
(-3.16539 3.65156 0)
(-4.11084 3.47009 -3.01931e-20)
(-3.99268 3.39387 -4.1613e-18)
(-3.82955 3.31754 0)
(-3.62787 3.24914 2.45901e-18)
(-3.40003 3.19696 -2.44125e-18)
(-3.16515 3.16758 0)
(-2.94678 3.166 -5.40777e-20)
(-2.77097 3.19478 -5.99615e-20)
(-2.67038 3.25479 0)
(-2.67511 3.34201 -2.36731e-18)
(-2.82465 3.38326 1.41166e-18)
(-3.1984 3.78333 -9.12926e-19)
(-3.99394 3.15822 -2.38099e-18)
(-3.91433 3.04368 6.95111e-18)
(-3.78035 2.94204 0)
(-3.59578 2.86376 -2.7323e-18)
(-3.36966 2.81903 2.67665e-18)
(-3.12065 2.81499 2.96342e-18)
(-2.87447 2.85534 -3.15765e-18)
(-2.66114 2.94208 -1.58813e-18)
(-2.51822 3.07574 0)
(-2.487 3.25702 -1.33328e-18)
(-2.62392 3.41506 1.76859e-18)
(-3.0327 3.88587 0)
(-3.81109 2.78612 5.14431e-18)
(-3.77274 2.63146 -5.16951e-18)
(-3.67086 2.50675 5.88374e-18)
(-3.50691 2.42393 -5.90159e-18)
(-3.28516 2.394 -1.96967e-19)
(-3.02339 2.42387 3.05155e-18)
(-2.74798 2.51345 3.08427e-18)
(-2.49137 2.66256 0)
(-2.29511 2.87073 -1.89351e-18)
(-2.20963 3.14552 4.45523e-18)
(-2.31472 3.42376 -1.73604e-18)
(-2.71137 3.95518 0)
(-3.5575 2.34479 3.07358e-18)
(-3.558 2.14452 2.17403e-19)
(-3.48732 1.9989 -3.16662e-18)
(-3.34705 1.91852 0)
(-3.13428 1.91305 0)
(-2.8642 1.98762 0)
(-2.56418 2.13456 0)
(-2.26508 2.34883 -3.59273e-18)
(-2.00932 2.62871 1.77313e-18)
(-1.85305 2.99285 1.82158e-19)
(-1.88688 3.38143 0)
(-2.19579 3.96921 0)
(-3.24137 1.83068 -3.35244e-18)
(-3.27011 1.57583 -1.12195e-17)
(-3.2228 1.41239 0)
(-3.10621 1.3455 3.96521e-18)
(-2.90924 1.37729 7.7159e-18)
(-2.63844 1.51116 0)
(-2.32369 1.72495 0)
(-1.99069 2.00456 1.70362e-18)
(-1.6763 2.34656 -5.65728e-18)
(-1.43583 2.78538 1.15053e-19)
(-1.35833 3.26175 0)
(-1.44498 3.89475 0)
(-2.87929 1.24351 -4.1941e-18)
(-2.92303 0.926145 -4.57735e-18)
(-2.88317 0.757413 9.05355e-18)
(-2.78646 0.720506 -1.27691e-17)
(-2.61293 0.804134 4.18401e-18)
(-2.34972 1.01607 8.37511e-18)
(-2.03383 1.30433 -1.96319e-18)
(-1.68217 1.64575 1.87686e-18)
(-1.31885 2.03318 3.71349e-18)
(-0.99206 2.51368 -4.22097e-18)
(-0.743739 2.99961 -1.77271e-18)
(-0.575342 3.67628 0)
(-2.50447 0.567486 -4.398e-19)
(-2.54821 0.219595 7.75766e-18)
(-2.5016 0.0897495 -8.35807e-18)
(-2.42281 0.0962703 0)
(-2.26043 0.255503 -7.76759e-18)
(-2.01188 0.554471 -1.2349e-17)
(-1.71013 0.911529 1.23301e-20)
(-1.36024 1.30006 0)
(-0.968563 1.71026 0)
(-0.57065 2.18185 1.10976e-18)
(-0.121057 2.65561 8.32937e-20)
(0.907235 3.40449 2.22235e-18)
(1.28488 2.46081 7.55057e-19)
(1.71573 2.86237 2.98426e-18)
(2.12001 2.65304 1.5338e-19)
(2.37801 2.43346 0)
(2.4567 2.24886 6.35145e-18)
(2.41948 2.1052 -5.6144e-18)
(2.29525 2.00916 -1.56397e-17)
(2.09076 1.9466 -9.97077e-18)
(1.82449 1.91761 -1.39767e-19)
(1.44959 1.92447 -4.06535e-18)
(0.975721 1.96389 7.84417e-18)
(0.401942 2.04656 -7.02149e-18)
(1.57568 1.79283 0)
(1.86634 1.94478 0)
(2.0697 2.01434 -2.97605e-18)
(2.23255 1.98908 6.29228e-18)
(2.2646 1.90795 -1.67056e-17)
(2.21326 1.82587 -8.17022e-18)
(2.07272 1.74795 9.57481e-18)
(1.81595 1.68433 2.4311e-17)
(1.48188 1.64773 -4.49151e-18)
(0.983548 1.62208 0)
(0.388763 1.63097 5.82293e-19)
(-0.266464 1.69768 0)
(1.59798 1.59564 -5.06428e-19)
(1.86982 1.59547 5.82854e-19)
(2.0454 1.58955 5.32375e-18)
(2.12311 1.57397 1.56838e-19)
(2.09822 1.55278 4.72321e-18)
(2.0035 1.53016 -5.87905e-19)
(1.80483 1.505 0)
(1.49428 1.46408 -4.66663e-18)
(1.06366 1.39767 -4.48562e-18)
(0.406159 1.30841 1.22559e-17)
(-0.261041 1.297 -1.06823e-17)
(-0.907306 1.37005 7.15055e-18)
(1.54288 1.57742 -7.62468e-19)
(1.81659 1.52098 1.70449e-18)
(2.00246 1.45354 1.79091e-20)
(2.09864 1.38007 -5.52255e-18)
(2.08493 1.33918 -1.17638e-17)
(1.97847 1.28776 -3.23386e-19)
(1.72717 1.20714 -9.46123e-18)
(1.27069 1.09898 4.6013e-18)
(0.570577 0.946676 -4.20035e-18)
(-0.243356 0.828182 -6.9235e-18)
(-0.843644 0.87336 0)
(-1.33957 1.01854 6.64233e-18)
(-0.148474 2.14603 7.02591e-18)
(-0.452747 2.17565 7.5585e-18)
(-0.509074 2.1373 0)
(-0.437573 2.06201 0)
(-0.165027 1.90227 3.70837e-18)
(0.209876 1.66917 -3.72107e-18)
(0.612808 1.38347 1.86055e-18)
(1.01911 1.04662 5.53635e-18)
(1.42117 0.653594 0)
(1.81232 0.223294 0)
(2.20646 -0.304712 5.52092e-19)
(2.29368 -1.46473 -2.07515e-18)
(-0.792628 1.8015 -7.16631e-18)
(-0.988779 1.82571 2.80767e-19)
(-0.96057 1.80053 0)
(-0.748546 1.74265 -3.01514e-18)
(-0.371977 1.59206 -1.08356e-19)
(0.0364053 1.37419 3.30483e-18)
(0.447068 1.10244 0)
(0.839214 0.77918 -3.20306e-18)
(1.21381 0.400774 0)
(1.53549 -0.0224489 -3.18299e-18)
(1.86572 -0.489777 -1.60864e-18)
(1.89081 -1.36518 -1.71247e-26)
(-1.30027 1.48214 -3.55268e-19)
(-1.30101 1.54467 -6.35025e-18)
(-1.1364 1.57049 0)
(-0.784371 1.51638 5.9061e-18)
(-0.36701 1.37689 3.03958e-18)
(0.0437416 1.16911 6.10124e-20)
(0.43355 0.903399 -7.07629e-18)
(0.791188 0.583891 8.66322e-18)
(1.12395 0.214622 -1.44346e-18)
(1.38939 -0.195071 6.55272e-18)
(1.65994 -0.609055 2.14099e-18)
(1.70468 -1.26182 -4.32081e-19)
(-1.50082 1.25219 2.02874e-17)
(-1.37058 1.39235 0)
(-1.05267 1.43383 0)
(-0.620463 1.40319 -5.49362e-18)
(-0.201481 1.27976 -5.25633e-18)
(0.186211 1.07982 5.16286e-18)
(0.541623 0.816384 1.04232e-17)
(0.860648 0.497422 -5.33109e-18)
(1.15207 0.132724 2.54899e-18)
(1.3725 -0.270776 -2.63603e-18)
(1.58429 -0.663894 -1.27542e-18)
(1.64966 -1.1962 -3.25266e-19)
(2.46974 -1.28856 -1.51595e-18)
(2.86357 -1.72003 0)
(2.65347 -2.1198 1.53485e-19)
(2.435 -2.36962 0)
(2.25059 -2.44361 0)
(2.10673 -2.40368 5.63541e-18)
(2.01078 -2.27783 0)
(1.94812 -2.07293 9.10031e-18)
(1.91844 -1.80878 8.37666e-18)
(1.92401 -1.43962 8.40812e-18)
(1.96183 -0.974884 -3.80528e-18)
(2.0427 -0.413942 -3.93114e-18)
(1.80184 -1.57743 -6.76795e-19)
(1.94931 -1.87065 -7.5304e-19)
(2.01463 -2.06821 -1.45379e-18)
(1.98695 -2.22259 0)
(1.90917 -2.24915 -3.16636e-18)
(1.82646 -2.19645 1.35199e-17)
(1.74843 -2.05427 0)
(1.68512 -1.79797 4.82693e-18)
(1.64814 -1.46783 -4.52259e-18)
(1.62209 -0.978243 -7.77197e-18)
(1.62998 -0.394809 -7.77882e-18)
(1.69483 0.248151 6.87325e-18)
(1.60356 -1.59943 -1.00679e-18)
(1.60001 -1.87047 1.74939e-18)
(1.59117 -2.04078 -3.98091e-18)
(1.57344 -2.11127 3.3054e-18)
(1.55204 -2.08355 0)
(1.52947 -1.98656 -2.01409e-17)
(1.50433 -1.7863 0)
(1.46374 -1.47753 1.04011e-17)
(1.39806 -1.05298 -4.93987e-18)
(1.3095 -0.407371 8.2727e-18)
(1.29719 0.248175 3.3351e-18)
(1.36853 0.884942 -7.18925e-18)
(1.5831 -1.54351 1.15403e-18)
(1.52435 -1.81447 1.96997e-18)
(1.45494 -1.99665 0)
(1.38062 -2.08673 0)
(1.33937 -2.06987 0)
(1.2864 -1.96049 1.83898e-17)
(1.20547 -1.70808 9.4849e-18)
(1.09775 -1.2537 -1.3768e-17)
(0.9476 -0.564736 1.22087e-17)
(0.830557 0.234917 -6.95481e-18)
(0.874267 0.826773 0)
(1.01632 1.31871 5.90251e-18)
(2.14028 0.12939 -7.45924e-18)
(2.17159 0.43012 -7.58657e-18)
(2.1327 0.489377 8.67799e-18)
(2.05865 0.421341 -6.35072e-18)
(1.90155 0.15443 0)
(1.67069 -0.216419 -7.47307e-18)
(1.38646 -0.61624 9.2034e-18)
(1.05022 -1.02029 -1.80499e-18)
(0.657194 -1.42065 3.6924e-18)
(0.226288 -1.81071 -9.46206e-19)
(-0.302693 -2.20427 1.03607e-18)
(-1.46405 -2.29155 -1.10037e-18)
(1.79722 0.770406 6.80112e-18)
(1.82167 0.96873 7.58604e-18)
(1.79657 0.943763 0)
(1.73944 0.737469 2.89716e-18)
(1.59089 0.365982 6.7416e-18)
(1.37531 -0.0388383 3.47292e-18)
(1.10541 -0.447219 -1.31167e-17)
(0.783085 -0.838059 -3.19238e-18)
(0.4048 -1.21177 -3.18648e-18)
(-0.0189801 -1.53298 -8.20565e-19)
(-0.487587 -1.86282 8.20553e-19)
(-1.36431 -1.88802 5.71929e-19)
(1.47931 1.27958 0)
(1.54088 1.28388 -9.89033e-18)
(1.56608 1.12374 2.58967e-18)
(1.51369 0.77798 2.88038e-18)
(1.37608 0.365279 6.00807e-18)
(1.17014 -0.0425068 -2.92381e-18)
(0.906047 -0.430764 7.43971e-18)
(0.587558 -0.787839 7.17282e-18)
(0.218598 -1.12039 1.65084e-18)
(-0.191478 -1.38601 -1.43535e-18)
(-0.606813 -1.65651 -3.62355e-19)
(-1.261 -1.70142 -2.47721e-20)
(1.24809 1.48323 0)
(1.38819 1.35685 -1.59304e-19)
(1.42942 1.04594 0)
(1.39984 0.619161 -1.09779e-17)
(1.27811 0.203537 2.63348e-18)
(1.07996 -0.182245 -7.73968e-18)
(0.818143 -0.536782 0)
(0.500321 -0.855734 -5.32414e-18)
(0.136152 -1.1474 2.65294e-18)
(-0.267497 -1.36842 -2.52372e-18)
(-0.661688 -1.58061 -9.11009e-19)
(-1.19536 -1.64643 -3.3736e-19)
(-1.2908 -2.46718 -1.51576e-18)
(-1.7266 -2.85953 8.04101e-20)
(-2.13003 -2.64506 0)
(-2.38181 -2.42714 -2.73689e-18)
(-2.45511 -2.24346 6.16761e-18)
(-2.4139 -2.10123 -9.30971e-18)
(-2.28612 -2.00686 -4.02981e-19)
(-2.07839 -1.94534 9.45203e-18)
(-1.81104 -1.91662 -4.43086e-18)
(-1.43713 -1.92327 0)
(-0.966367 -1.96216 -1.51674e-17)
(-0.39747 -2.04448 5.14142e-19)
(-1.57935 -1.79836 1.34213e-18)
(-1.87679 -1.94597 -8.54841e-19)
(-2.07794 -2.00896 6.02492e-18)
(-2.23516 -1.97976 -1.29067e-17)
(-2.26108 -1.90158 6.5669e-18)
(-2.20709 -1.82004 -6.28739e-19)
(-2.06271 -1.74353 0)
(-1.80253 -1.68146 1.49788e-17)
(-1.46847 -1.6457 -4.51678e-18)
(-0.972516 -1.62059 0)
(-0.382041 -1.62938 7.17575e-18)
(0.268846 -1.6958 -6.84962e-18)
(-1.60141 -1.60027 -5.15669e-19)
(-1.87534 -1.59672 -3.33716e-20)
(-2.04976 -1.58669 -5.29647e-18)
(-2.12294 -1.56698 6.47366e-18)
(-2.09531 -1.54495 -4.67868e-18)
(-1.99711 -1.5225 1.50882e-17)
(-1.79359 -1.49875 1.60969e-17)
(-1.48053 -1.45995 -4.68059e-18)
(-1.05148 -1.39563 4.82423e-18)
(-0.397644 -1.30741 0)
(0.264767 -1.29604 -7.66437e-18)
(0.908497 -1.36886 0)
(-1.54533 -1.5802 -1.52615e-18)
(-1.81886 -1.52147 -3.95118e-18)
(-2.00463 -1.45171 4.51276e-18)
(-2.09774 -1.37569 -2.82736e-18)
(-2.08144 -1.33327 5.75963e-18)
(-1.97169 -1.2807 -1.60438e-17)
(-1.71729 -1.20048 -9.03007e-18)
(-1.25856 -1.09415 9.3318e-18)
(-0.561373 -0.944195 -1.21527e-17)
(0.248467 -0.827325 0)
(0.845751 -0.872658 6.20886e-18)
(1.3422 -1.01706 -1.25161e-17)
(0.15048 -2.14365 1.11267e-17)
(0.454156 -2.17412 -3.64631e-18)
(0.510668 -2.13627 0)
(0.439457 -2.06162 -6.33233e-18)
(0.167533 -1.90311 0)
(-0.206991 -1.67109 0)
(-0.609743 -1.38597 -3.74078e-18)
(-1.01592 -1.04916 0)
(-1.41779 -0.655863 0)
(-1.80861 -0.224932 8.17474e-20)
(-2.20248 0.304465 2.03866e-18)
(-2.28727 1.46682 2.19945e-18)
(0.79396 -1.79926 -6.77855e-18)
(0.990428 -1.82396 0)
(0.962705 -1.7991 0)
(0.751831 -1.74164 -3.00647e-18)
(0.376067 -1.59199 3.3193e-18)
(-0.0321407 -1.3752 0)
(-0.44301 -1.10435 -4.76693e-18)
(-0.835486 -0.781489 -1.61298e-18)
(-1.21027 -0.403086 0)
(-1.53178 0.020479 -6.81292e-19)
(-1.86175 0.488684 -2.12437e-18)
(-1.88498 1.36557 -5.77756e-19)
(1.30228 -1.48043 6.09247e-18)
(1.30375 -1.54261 -3.24861e-18)
(1.13974 -1.56851 -5.1752e-18)
(0.788625 -1.51512 2.9691e-18)
(0.371918 -1.37643 -5.88194e-18)
(-0.0387877 -1.16952 0)
(-0.428966 -0.904666 1.16175e-17)
(-0.787161 -0.585776 0)
(-1.12037 -0.216805 1.4752e-18)
(-1.38596 0.192918 8.24202e-19)
(-1.65644 0.607336 1.07024e-18)
(-1.70015 1.26085 -6.09779e-21)
(1.50443 -1.24968 -6.56703e-18)
(1.37458 -1.39 0)
(1.05715 -1.43172 5.57495e-18)
(0.625316 -1.40175 -8.16979e-18)
(0.206395 -1.27907 1.32172e-17)
(-0.181505 -1.07984 -5.15821e-18)
(-0.537281 -0.817121 -1.04098e-17)
(-0.8568 -0.49876 0)
(-1.14863 -0.134515 0)
(-1.36934 0.268768 0)
(-1.58131 0.662012 -1.22468e-18)
(-1.64614 1.19472 -1.03624e-18)
(-2.46308 1.28568 -6.50692e-20)
(-2.86308 1.71292 7.85927e-19)
(-2.6579 2.11141 0)
(-2.43799 2.36506 6.1543e-18)
(-2.25202 2.44302 -2.93767e-18)
(-2.10625 2.40586 -8.62845e-18)
(-2.00842 2.28249 -5.13457e-18)
(-1.94441 2.07949 4.82327e-18)
(-1.91369 1.81677 8.39144e-18)
(-1.91861 1.44854 8.4181e-18)
(-1.95622 0.98334 -7.90116e-18)
(-2.03756 0.419605 -7.06575e-18)
(-1.79563 1.57515 -2.11488e-26)
(-1.94494 1.86351 3.08025e-18)
(-2.01511 2.06121 6.06137e-18)
(-1.99063 2.2186 0)
(-1.91127 2.24931 6.73203e-18)
(-1.82801 2.19873 0)
(-1.74881 2.0597 4.93067e-18)
(-1.68412 1.80579 -1.47761e-19)
(-1.64625 1.47753 -1.37994e-17)
(-1.61954 0.988827 -7.7798e-18)
(-1.62685 0.403772 7.19847e-18)
(-1.69162 -0.24349 7.38097e-18)
(-1.59819 1.59659 4.98362e-19)
(-1.59576 1.86586 -5.83392e-18)
(-1.58955 2.03633 -9.28686e-18)
(-1.57509 2.10934 -3.27594e-18)
(-1.55454 2.08349 -1.45641e-17)
(-1.5321 1.98933 7.89132e-18)
(-1.50647 1.79315 9.60519e-20)
(-1.46525 1.48668 5.02438e-18)
(-1.39931 1.0644 -7.66419e-19)
(-1.30961 0.418753 0)
(-1.29595 -0.240562 0)
(-1.3666 -0.883215 5.78182e-19)
(-1.57901 1.54089 3.74375e-19)
(-1.52068 1.81083 1.9833e-18)
(-1.45266 1.99331 4.49099e-18)
(-1.38029 2.08509 -5.81122e-18)
(-1.34038 2.07007 2.25966e-17)
(-1.2889 1.96381 -9.01348e-18)
(-1.20864 1.71528 0)
(-1.10108 1.26534 9.43486e-18)
(-0.950639 0.577863 7.96631e-18)
(-0.8312 -0.22582 0)
(-0.872856 -0.823693 0)
(-1.01367 -1.32171 -1.84745e-17)
(-2.1364 -0.128838 7.05201e-18)
(-2.17072 -0.437995 -7.57188e-18)
(-2.13223 -0.499241 -1.3492e-17)
(-2.05837 -0.432427 -1.55938e-19)
(-1.90235 -0.16674 7.01685e-18)
(-1.67139 0.20554 1.8817e-17)
(-1.38687 0.607105 3.7503e-18)
(-1.05042 1.01287 -3.6169e-18)
(-0.657195 1.41482 0)
(-0.226139 1.80582 8.19504e-20)
(0.303426 2.1999 0)
(1.46665 2.28451 -1.09939e-18)
(-1.79493 -0.772802 0)
(-1.82123 -0.976252 -2.84238e-19)
(-1.79658 -0.952762 5.38369e-18)
(-1.74042 -0.748241 -8.83922e-18)
(-1.59212 -0.376475 -1.01442e-17)
(-1.37596 0.029694 -6.78174e-18)
(-1.10537 0.439589 8.11934e-18)
(-0.782623 0.831755 4.91986e-18)
(-0.404208 1.20661 -3.19226e-18)
(0.0195207 1.52834 1.67299e-18)
(0.48778 1.85858 0)
(1.36514 1.88162 0)
(-1.47791 -1.28505 -6.12798e-18)
(-1.5411 -1.29193 3.149e-18)
(-1.56701 -1.13297 -2.57021e-18)
(-1.51511 -0.788018 2.9819e-18)
(-1.37737 -0.373795 9.07396e-18)
(-1.17083 0.0356906 0)
(-0.906015 0.42535 -3.11985e-19)
(-0.587012 0.783431 -2.98595e-18)
(-0.217881 1.11669 1.76496e-19)
(0.192034 1.38242 -2.81759e-18)
(0.606569 1.65307 3.62337e-19)
(1.26044 1.69677 -4.37276e-19)
(-1.24606 -1.49049 -7.19387e-18)
(-1.38835 -1.36519 0)
(-1.43055 -1.05488 5.58627e-18)
(-1.40177 -0.626874 -8.18625e-18)
(-1.28 -0.209529 2.61908e-18)
(-1.08125 0.177929 0)
(-0.818643 0.533781 -1.77594e-19)
(-0.500177 0.853531 5.12054e-18)
(-0.135756 1.14556 2.65472e-18)
(0.267747 1.36642 1.07246e-19)
(0.661208 1.57837 0)
(1.1943 1.64357 6.79951e-19)
(1.56138 1.60593 8.80073e-19)
(1.8187 1.52934 1.65103e-20)
(1.97056 1.43513 -6.48872e-18)
(2.00376 1.32348 0)
(1.87956 1.18898 1.31342e-17)
(1.58101 0.998565 2.87447e-17)
(1.04817 0.75162 4.24901e-17)
(0.324134 0.513156 0)
(-0.392678 0.403646 0)
(-0.928853 0.465881 -6.18019e-18)
(-1.26441 0.6653 6.06729e-18)
(-1.56864 0.917014 -3.12758e-17)
(1.50725 1.57571 -5.28652e-19)
(1.7587 1.47501 1.8725e-18)
(1.88838 1.32492 -8.22821e-18)
(1.85996 1.12443 0)
(1.63032 0.875021 1.72981e-17)
(1.19885 0.58957 -1.79009e-17)
(0.592654 0.312125 -8.51415e-18)
(-0.0561375 0.140765 -2.58202e-20)
(-0.604755 0.1446 -6.27125e-18)
(-0.995656 0.30169 0)
(-1.24962 0.53575 0)
(-1.43277 0.798979 4.01306e-17)
(1.44311 1.46624 0)
(1.6532 1.32391 -3.08961e-18)
(1.72382 1.11306 7.47588e-18)
(1.61322 0.851126 4.13643e-18)
(1.29319 0.557526 -2.57986e-17)
(0.794815 0.270808 1.20483e-17)
(0.213451 0.0631351 -2.17519e-17)
(-0.317522 -0.00124236 6.35555e-18)
(-0.727815 0.0796276 -2.0471e-20)
(-1.01548 0.266853 -2.9305e-20)
(-1.1962 0.50909 -3.62882e-17)
(-1.31864 0.777068 -4.30196e-17)
(1.36586 1.28926 0)
(1.52139 1.10562 6.24738e-18)
(1.52409 0.853818 0)
(1.33812 0.56276 1.58444e-17)
(0.962232 0.270476 0)
(0.464004 0.0330896 7.26619e-18)
(-0.0420612 -0.0890538 2.61955e-17)
(-0.459623 -0.0763583 -5.70096e-18)
(-0.771405 0.0460752 0)
(-0.986882 0.24714 0)
(-1.11489 0.485701 -7.79576e-18)
(-1.17511 0.72247 1.16013e-17)
(-1.45071 1.14884 -3.24978e-17)
(-1.04881 1.33206 -5.82331e-18)
(-0.654881 1.38056 2.17762e-17)
(-0.249444 1.33503 -1.10899e-17)
(0.129405 1.19713 1.3526e-17)
(0.480559 0.983343 -1.30508e-17)
(0.801022 0.705794 -1.57553e-17)
(1.08596 0.375115 0)
(1.32811 0.00739662 -2.99121e-18)
(1.50112 -0.385217 0)
(1.64506 -0.774719 0)
(1.67953 -1.23997 -7.83213e-19)
(-1.16597 1.05326 0)
(-0.824396 1.25003 0)
(-0.470741 1.3109 -1.58092e-17)
(-0.0943759 1.2754 3.41005e-18)
(0.263898 1.14768 3.38164e-18)
(0.598724 0.942981 -2.49696e-19)
(0.902015 0.672079 7.83676e-18)
(1.16585 0.348043 4.80004e-18)
(1.38131 -0.013341 0)
(1.53002 -0.395681 0)
(1.63597 -0.772748 -3.90829e-19)
(1.65263 -1.19113 2.23299e-18)
(-0.963493 0.954853 0)
(-0.649231 1.13369 -5.65735e-18)
(-0.333002 1.19207 -1.21717e-17)
(0.00942946 1.16018 1.435e-17)
(0.342807 1.04185 1.36997e-17)
(0.657625 0.848913 3.18769e-18)
(0.941614 0.590578 -4.97078e-18)
(1.18358 0.280335 -4.72898e-18)
(1.37355 -0.0637259 6.38894e-18)
(1.49931 -0.426468 0)
(1.57276 -0.784766 4.49639e-19)
(1.55991 -1.15553 1.6247e-18)
(-0.723716 0.860988 -4.59374e-17)
(-0.522721 1.0236 -2.42944e-17)
(-0.238606 1.07552 1.6213e-17)
(0.0718935 1.04163 -1.78295e-17)
(0.380148 0.929539 3.74798e-18)
(0.672729 0.747359 0)
(0.934697 0.502726 -1.82119e-18)
(1.15268 0.208595 -2.01756e-20)
(1.3157 -0.116508 -4.94827e-18)
(1.41421 -0.455845 0)
(1.45232 -0.789218 -3.44913e-18)
(1.40838 -1.11633 -4.95959e-18)
(1.60895 -1.56077 -1.77282e-18)
(1.53181 -1.81448 -2.39124e-18)
(1.43364 -1.9613 0)
(1.32061 -1.98805 0)
(1.18379 -1.86023 1.30624e-17)
(0.99271 -1.5594 -1.24125e-17)
(0.747424 -1.02949 -9.54357e-20)
(0.512504 -0.314956 2.61697e-17)
(0.405928 0.388765 -7.51234e-18)
(0.467251 0.91684 6.21195e-18)
(0.664033 1.24881 -3.02511e-17)
(0.913441 1.54993 0)
(1.57569 -1.50577 1.56671e-18)
(1.47287 -1.75297 1.88334e-18)
(1.31891 -1.8758 -6.63482e-18)
(1.11682 -1.84128 -4.03209e-18)
(0.867109 -1.60933 -1.31248e-17)
(0.582995 -1.17878 0)
(0.309556 -0.579105 -2.50102e-17)
(0.142203 0.0592843 -7.27869e-18)
(0.146748 0.598849 -1.26174e-17)
(0.301552 0.98468 0)
(0.533262 1.23545 2.67526e-17)
(0.794037 1.41694 0)
(1.46197 -1.4396 1.27959e-18)
(1.31699 -1.64486 -6.20478e-18)
(1.10448 -1.70935 7.43736e-18)
(0.842155 -1.5939 4.12138e-18)
(0.549459 -1.27316 -8.56672e-18)
(0.265687 -0.778602 3.99134e-18)
(0.0622536 -0.205546 0)
(0.000178036 0.316964 6.38677e-18)
(0.0805218 0.721265 5.47228e-18)
(0.26558 1.00531 5.43286e-18)
(0.505215 1.18346 -3.6332e-17)
(0.770844 1.30294 0)
(1.28208 -1.36088 -2.58373e-18)
(1.09622 -1.51168 9.27313e-18)
(0.843883 -1.50863 0)
(0.55378 -1.31929 -1.56705e-17)
(0.26388 -0.944816 0)
(0.0302198 -0.452421 -7.20661e-18)
(-0.0888248 0.0458085 -6.49303e-18)
(-0.07528 0.457186 2.84184e-17)
(0.046084 0.764884 3.10083e-22)
(0.244931 0.977647 -5.36658e-18)
(0.480897 1.10339 2.95748e-17)
(0.714635 1.16068 -4.75592e-17)
(1.14639 1.43809 0)
(1.32688 1.04348 -1.25181e-17)
(1.37603 0.653676 0)
(1.33186 0.251602 3.61278e-18)
(1.19567 -0.125186 3.39889e-18)
(0.983614 -0.475148 1.63212e-17)
(0.707547 -0.795165 4.84225e-18)
(0.377916 -1.08025 -1.51192e-18)
(0.0106038 -1.323 3.02662e-18)
(-0.382246 -1.4969 -3.10553e-20)
(-0.772802 -1.64161 1.3944e-18)
(-1.23967 -1.67683 0)
(1.0519 1.15605 9.25831e-18)
(1.24583 0.820774 -1.18171e-17)
(1.30694 0.470541 4.10862e-18)
(1.27248 0.0969009 0)
(1.14625 -0.259674 6.86567e-18)
(0.94308 -0.593526 -6.39786e-18)
(0.673507 -0.896508 -1.27136e-17)
(0.350404 -1.16059 0)
(-0.0105435 -1.37676 -2.98651e-18)
(-0.393149 -1.52639 -9.57665e-20)
(-0.771191 -1.6332 -3.90003e-19)
(-1.19116 -1.65081 4.47586e-19)
(0.955468 0.955646 0)
(1.131 0.647201 -4.11362e-19)
(1.18921 0.333312 -1.62706e-17)
(1.15801 -0.00702908 1.43772e-17)
(1.04088 -0.339019 -6.66927e-18)
(0.849209 -0.653045 -3.31971e-18)
(0.591974 -0.936822 8.00221e-18)
(0.282443 -1.1791 6.48392e-18)
(-0.0613717 -1.36977 1.56945e-18)
(-0.4244 -1.49652 3.12629e-18)
(-0.783727 -1.5711 0)
(-1.15638 -1.55952 1.07602e-18)
(0.862408 0.720347 -4.65113e-17)
(1.02191 0.521811 1.80259e-17)
(1.0735 0.239229 3.69508e-17)
(1.04015 -0.0697332 -1.78674e-17)
(0.929035 -0.376896 -1.04657e-17)
(0.747915 -0.668863 -1.02611e-17)
(0.50417 -0.930727 -3.32474e-18)
(0.210557 -1.14908 -6.54365e-18)
(-0.114473 -1.31285 0)
(-0.454244 -1.41238 8.80406e-19)
(-0.788792 -1.45171 -9.71812e-19)
(-1.118 -1.40919 -2.20652e-18)
(-1.56334 -1.60685 1.75994e-18)
(-1.82004 -1.52985 2.37512e-18)
(-1.97072 -1.43188 -6.52963e-18)
(-2.00053 -1.31838 0)
(-1.87367 -1.18248 4.4252e-18)
(-1.57208 -0.991697 1.23213e-17)
(-1.03743 -0.745912 0)
(-0.314605 -0.509965 1.74196e-17)
(0.397799 -0.40313 0)
(0.931823 -0.465909 3.10524e-17)
(1.26719 -0.664544 -1.19885e-17)
(1.57265 -0.915305 3.92e-17)
(-1.50862 -1.57472 -5.28793e-19)
(-1.7593 -1.47263 3.09521e-18)
(-1.88658 -1.31988 -6.62842e-18)
(-1.85541 -1.11801 -1.20901e-17)
(-1.62391 -0.868168 4.99693e-21)
(-1.19081 -0.583199 -2.23688e-17)
(-0.584863 -0.30812 -2.48078e-17)
(0.0613308 -0.139769 -2.21553e-17)
(0.607662 -0.145043 -2.49043e-17)
(0.998412 -0.302058 -2.24251e-17)
(1.25301 -0.535813 0)
(1.43769 -0.798579 0)
(-1.44342 -1.46278 2.55978e-18)
(-1.65238 -1.31893 -4.64353e-18)
(-1.72105 -1.1071 9.34207e-18)
(-1.6084 -0.844474 6.22489e-22)
(-1.28721 -0.550983 1.7134e-17)
(-0.788648 -0.265743 7.97187e-18)
(-0.208755 -0.0608288 2.17581e-17)
(0.320522 0.00140443 4.43854e-17)
(0.730269 -0.0802037 1.64017e-17)
(1.0184 -0.267544 -2.17761e-17)
(1.19996 -0.509573 0)
(1.32336 -0.77774 0)
(-1.36567 -1.28417 -5.175e-18)
(-1.52013 -1.09932 1.54741e-18)
(-1.52083 -0.847219 -1.82978e-18)
(-1.33339 -0.556136 1.96838e-17)
(-0.95737 -0.264815 -1.93518e-17)
(-0.460101 -0.02951 -7.27546e-18)
(0.0446617 0.0904488 -9.8608e-21)
(0.461715 0.0764111 5.67844e-18)
(0.773808 -0.0465859 -2.04753e-17)
(0.989915 -0.247921 2.1365e-17)
(1.11863 -0.486617 -2.9868e-17)
(1.17939 -0.72428 0)
(1.45558 -1.14521 -3.3521e-17)
(1.05233 -1.32969 -5.82836e-18)
(0.658673 -1.37874 4.3498e-18)
(0.25346 -1.33398 -3.84899e-18)
(-0.125348 -1.19674 -3.35099e-18)
(-0.476579 -0.983589 -1.46697e-19)
(-0.797196 -0.706669 7.81855e-18)
(-1.08235 -0.37655 -1.51002e-18)
(-1.32481 -0.0092478 0)
(-1.4981 0.383172 0)
(-1.64225 0.772684 1.39501e-18)
(-1.67646 1.23808 1.54972e-18)
(1.16974 -1.05004 7.44878e-17)
(0.827036 -1.24785 0)
(0.473899 -1.30941 0)
(0.0976362 -1.27463 6.95764e-18)
(-0.260615 -1.14746 -3.47796e-18)
(-0.595472 -0.943284 3.1236e-18)
(-0.898849 -0.672905 0)
(-1.16281 -0.349343 -4.76999e-18)
(-1.37849 0.0116151 -1.50878e-18)
(-1.52743 0.393754 3.0645e-18)
(-1.63356 0.770778 -1.95445e-18)
(-1.65018 1.1892 -4.43713e-19)
(0.966068 -0.952475 -4.41437e-17)
(0.651171 -1.13186 1.74188e-17)
(0.33548 -1.19088 4.06549e-18)
(-0.00685423 -1.15963 3.5377e-18)
(-0.340198 -1.04181 3.26636e-18)
(-0.65502 -0.849332 0)
(-0.939064 -0.591448 1.63149e-18)
(-1.18115 -0.281618 3.1071e-18)
(-1.37129 0.0620965 1.56706e-18)
(-1.49729 0.424634 -3.12557e-18)
(-1.57106 0.782903 1.75593e-18)
(-1.55849 1.15382 -1.07645e-18)
(0.724579 -0.859332 4.58332e-17)
(0.524153 -1.02222 -2.39918e-17)
(0.240493 -1.07466 -4.08247e-18)
(-0.0698859 -1.04128 1.90946e-20)
(-0.378102 -0.929647 -1.04438e-17)
(-0.670691 -0.747885 -3.38245e-18)
(-0.93272 -0.503657 1.0042e-17)
(-1.15085 -0.2099 0)
(-1.31409 0.114909 6.73586e-18)
(-1.41293 0.454106 0)
(-1.45146 0.787537 -3.94093e-18)
(-1.40803 1.11496 2.20576e-18)
(-1.60574 1.55795 9.00871e-19)
(-1.52932 1.81132 0)
(-1.43258 1.95925 6.55311e-18)
(-1.32129 1.98846 8.07032e-18)
(-1.18649 1.8636 -1.75534e-17)
(-0.997138 1.56681 8.12991e-18)
(-0.752438 1.04066 1.69411e-17)
(-0.516323 0.327153 1.38157e-19)
(-0.406465 -0.381088 7.431e-18)
(-0.465286 -0.914784 -1.88506e-17)
(-0.661135 -1.2508 -6.09163e-18)
(-0.910266 -1.55601 3.14651e-17)
(-1.57341 1.50328 -1.54427e-18)
(-1.47169 1.75083 -6.13209e-19)
(-1.31971 1.87543 -6.57566e-18)
(-1.11955 1.8437 0)
(-0.871428 1.61473 -2.16283e-17)
(-0.588314 1.18728 -1.34593e-17)
(-0.314081 0.588963 -2.73905e-19)
(-0.144188 -0.0514392 7.34255e-18)
(-0.146017 -0.595017 -1.89448e-17)
(-0.299509 -0.984795 2.23608e-17)
(-0.531189 -1.23847 0)
(-0.792285 -1.42287 4.04665e-17)
(-1.46116 1.4379 -3.19589e-18)
(-1.31755 1.64414 7.72952e-19)
(-1.10667 1.71059 0)
(-0.845917 1.59787 -1.65317e-17)
(-0.554286 1.2797 2.14601e-17)
(-0.270507 0.786871 1.99487e-17)
(-0.0653779 0.21311 -2.17758e-17)
(-0.00110007 -0.312109 -2.53948e-17)
(-0.0798464 -0.719558 -2.19168e-17)
(-0.264528 -1.00624 2.70456e-17)
(-0.504033 -1.18667 -7.25179e-18)
(-0.770577 -1.30846 -8.74436e-17)
(-1.28256 1.35994 4.52185e-18)
(-1.09803 1.51209 7.72027e-19)
(-0.847054 1.51122 0)
(-0.558013 1.32435 1.96213e-17)
(-0.26844 0.951626 -2.08104e-20)
(-0.0339433 0.459523 -3.66185e-18)
(0.0868191 -0.0403803 0)
(0.0747628 -0.45423 5.71268e-18)
(-0.0457715 -0.764228 1.53514e-17)
(-0.244437 -0.978962 1.39719e-19)
(-0.480615 -1.10645 2.99352e-17)
(-0.71574 -1.16546 9.40772e-17)
(-1.1442 -1.44639 3.28357e-17)
(-1.32728 -1.05081 5.8421e-18)
(-1.37767 -0.660249 -4.36839e-18)
(-1.33403 -0.256706 7.25449e-18)
(-1.19765 0.121741 0)
(-0.984934 0.473236 9.84886e-18)
(-0.708117 0.794372 -1.41727e-17)
(-0.37795 1.08003 -7.62765e-18)
(-0.0104829 1.32284 0)
(0.382103 1.49633 2.94751e-18)
(0.771899 1.64054 0)
(1.23848 1.67559 -7.72102e-19)
(-1.04974 -1.16229 0)
(-1.2462 -0.82658 0)
(-1.30857 -0.475795 0)
(-1.27462 -0.100785 -3.55363e-18)
(-1.14824 0.25735 7.14937e-21)
(-0.944496 0.592644 -3.12428e-18)
(-0.674267 0.896697 6.22803e-18)
(-0.350742 1.16137 -6.34692e-18)
(0.0102546 1.37767 0)
(0.392587 1.5271 2.30489e-18)
(0.770145 1.63349 1.15398e-18)
(1.18997 1.65143 -4.4776e-19)
(-0.953811 -0.960971 0)
(-1.13147 -0.651868 1.74496e-17)
(-1.19072 -0.33742 6.87498e-20)
(-1.1599 0.00413891 2.59977e-20)
(-1.04259 0.337526 3.38996e-18)
(-0.8504 0.652854 3.37566e-18)
(-0.592622 0.93764 4.86412e-18)
(-0.282814 1.18056 3.10594e-18)
(0.0609294 1.37154 1.56871e-18)
(0.423666 1.49837 -3.12536e-18)
(0.782621 1.57323 -1.79331e-18)
(1.1556 1.56265 0)
(-0.861447 -0.723379 1.1365e-17)
(-1.02259 -0.525459 -5.80613e-18)
(-1.07498 -0.242347 0)
(-1.04185 0.0676619 0)
(-0.9305 0.376058 -3.44171e-18)
(-0.748864 0.669185 9.11212e-20)
(-0.504619 0.931994 -1.00349e-17)
(-0.2108 1.15105 0)
(0.114101 1.31535 -6.73402e-18)
(0.453591 1.41541 0)
(0.787894 1.4554 -2.00686e-18)
(1.11754 1.41429 0)
(1.26794 1.0707 -1.2769e-18)
(1.36766 0.853634 -5.93116e-18)
(1.30995 0.578915 0)
(1.07322 0.287575 -1.44274e-17)
(0.681659 0.0276034 -3.56875e-18)
(0.220782 -0.145042 -1.68738e-17)
(-0.202054 -0.194458 6.02773e-18)
(-0.531752 -0.130652 0)
(-0.774383 0.016456 0)
(-0.937625 0.22492 5.30633e-18)
(-1.02175 0.456924 2.29119e-17)
(-0.986036 0.713904 0)
(1.1552 0.834736 1.23786e-18)
(1.20357 0.595258 0)
(1.09951 0.315219 -1.26156e-17)
(0.836458 0.0430596 3.32859e-18)
(0.455764 -0.171459 -3.36797e-18)
(0.0476607 -0.282264 1.90768e-17)
(-0.301325 -0.277315 1.13703e-17)
(-0.565219 -0.180233 -5.05654e-18)
(-0.757877 -0.0181005 0)
(-0.883726 0.192009 0)
(-0.934633 0.413362 0)
(-0.866617 0.607432 0)
(1.03473 0.601451 -1.21843e-18)
(1.04003 0.350232 -6.77567e-18)
(0.904447 0.0776118 1.34096e-17)
(0.634039 -0.16587 0)
(0.279905 -0.333596 0)
(-0.073394 -0.393259 -5.46483e-17)
(-0.361838 -0.350207 2.73442e-17)
(-0.576637 -0.231559 0)
(-0.732618 -0.0602316 -4.88887e-18)
(-0.83128 0.149847 1.08457e-17)
(-0.859872 0.362151 -7.96407e-18)
(-0.773179 0.528899 0)
(0.911784 0.384583 1.20191e-18)
(0.88386 0.130199 5.26767e-18)
(0.730226 -0.127579 -1.14907e-17)
(0.466058 -0.340051 9.15299e-18)
(0.145916 -0.466261 -9.27052e-18)
(-0.157016 -0.487523 -5.97731e-18)
(-0.397491 -0.419285 -3.75403e-17)
(-0.575443 -0.287143 -4.99005e-18)
(-0.703967 -0.11033 4.96254e-18)
(-0.78239 0.0995506 2.25366e-17)
(-0.795122 0.304277 0)
(-0.682179 0.43621 0)
(0.790016 0.19264 0)
(0.738654 -0.0590351 0)
(0.577944 -0.298875 1.12266e-17)
(0.328881 -0.482464 -1.18733e-17)
(0.0446924 -0.575593 -1.51777e-17)
(-0.214757 -0.570667 5.52048e-17)
(-0.417641 -0.4874 1.07026e-17)
(-0.567464 -0.347686 2.5475e-17)
(-0.674634 -0.167864 0)
(-0.737005 0.0425952 -2.371e-17)
(-0.736552 0.24327 -3.46053e-17)
(-0.60056 0.354713 0)
(0.671755 0.0304158 0)
(0.605814 -0.215254 1.28905e-18)
(0.446217 -0.437389 -1.40131e-18)
(0.217287 -0.596882 2.93606e-18)
(-0.0323159 -0.666426 4.5099e-17)
(-0.255445 -0.646024 -2.92138e-17)
(-0.428682 -0.555747 5.51597e-18)
(-0.556307 -0.41302 -2.13492e-17)
(-0.645785 -0.23199 -5.58653e-18)
(-0.694158 -0.0199981 6.41069e-18)
(-0.68122 0.179966 3.69416e-17)
(-0.517172 0.271256 0)
(0.558128 -0.0997776 0)
(0.485036 -0.338703 1.30502e-18)
(0.33227 -0.545857 -1.41275e-18)
(0.125592 -0.687564 0)
(-0.0924733 -0.742747 -2.74773e-17)
(-0.285634 -0.715649 -3.03577e-18)
(-0.434893 -0.624624 -1.17497e-17)
(-0.544033 -0.482448 -2.90332e-17)
(-0.617521 -0.301596 2.46257e-17)
(-0.652191 -0.0872332 0)
(-0.625541 0.116223 8.23484e-17)
(-0.434362 0.195621 0)
(0.449204 -0.197875 0)
(0.374722 -0.431584 1.35613e-18)
(0.232458 -0.628294 1.02062e-17)
(0.0483036 -0.759169 3.08454e-18)
(-0.141723 -0.808019 2.26153e-17)
(-0.309999 -0.780842 -6.54959e-18)
(-0.438958 -0.693758 3.24835e-17)
(-0.531549 -0.554833 5.27966e-17)
(-0.589118 -0.375276 2.85829e-17)
(-0.608813 -0.158154 8.5057e-18)
(-0.565656 0.0531087 -1.17274e-17)
(-0.34726 0.128714 0)
(0.343872 -0.265881 0)
(0.272168 -0.497718 0)
(0.142659 -0.68977 -1.2737e-17)
(-0.0197237 -0.816596 0)
(-0.18472 -0.865384 9.68456e-20)
(-0.331774 -0.842415 -7.25805e-18)
(-0.442349 -0.762467 7.47952e-18)
(-0.518781 -0.628637 -3.15183e-17)
(-0.559282 -0.451183 -8.71349e-18)
(-0.561691 -0.231292 9.67324e-17)
(-0.497908 -0.00813427 -1.22931e-16)
(-0.25268 0.0789212 3.70298e-16)
(0.242097 -0.307624 0)
(0.17566 -0.542269 7.4758e-18)
(0.0597251 -0.736338 -1.53235e-17)
(-0.081931 -0.863981 3.96072e-18)
(-0.224075 -0.916515 -4.17843e-17)
(-0.352273 -0.899669 3.09739e-17)
(-0.445446 -0.828592 -3.71923e-17)
(-0.505434 -0.70057 1.01379e-17)
(-0.527269 -0.525779 -9.28936e-17)
(-0.509697 -0.304024 -1.03094e-16)
(-0.419736 -0.0642005 -2.21235e-17)
(-0.153624 0.0521259 -5.59495e-16)
(0.150905 -0.327841 0)
(0.0887707 -0.571076 -3.43446e-17)
(-0.0151729 -0.772282 2.25063e-17)
(-0.138196 -0.902898 0)
(-0.262313 -0.961168 -6.01222e-18)
(-0.368415 -0.949518 -3.17398e-17)
(-0.446849 -0.882951 -5.46281e-17)
(-0.490255 -0.76065 -3.07601e-17)
(-0.491641 -0.589448 1.81289e-16)
(-0.450834 -0.372129 1.68904e-16)
(-0.330301 -0.116876 0)
(-0.0578751 0.0526931 0)
(0.0809591 -0.322259 -1.47393e-17)
(0.0272263 -0.573656 -1.38012e-19)
(-0.0596256 -0.78662 0)
(-0.15905 -0.916464 1.09452e-17)
(-0.257384 -0.993305 -1.10677e-17)
(-0.354448 -0.961448 -1.5931e-16)
(-0.398951 -0.892826 3.96986e-16)
(-0.418271 -0.77666 0)
(-0.40275 -0.626616 -2.3827e-16)
(-0.352127 -0.439255 -3.24293e-16)
(-0.222975 -0.189772 -7.38936e-16)
(0.00224352 0.0564841 1.47903e-15)
(-0.568372 0.818748 7.00638e-17)
(-0.434079 0.923925 2.53606e-17)
(-0.17456 0.964591 -1.69944e-17)
(0.108894 0.927714 0)
(0.39259 0.820237 -1.74776e-17)
(0.661185 0.64821 -1.0499e-17)
(0.898449 0.418152 8.52002e-18)
(1.08989 0.142315 5.18879e-18)
(1.22392 -0.161063 0)
(1.29204 -0.474548 9.18108e-19)
(1.29478 -0.778485 2.99213e-18)
(1.21804 -1.06177 2.19737e-18)
(-0.522905 0.691 7.23169e-17)
(-0.3656 0.825411 -6.60979e-18)
(-0.129254 0.859856 2.17261e-17)
(0.131488 0.82208 0)
(0.39144 0.718662 0)
(0.635104 0.556198 1.77326e-17)
(0.845889 0.340812 1.07225e-17)
(1.00888 0.0841851 -8.81136e-18)
(1.11241 -0.195992 1.78307e-18)
(1.14894 -0.481737 8.51935e-18)
(1.11716 -0.753492 -1.01754e-18)
(1.00864 -0.993689 1.10476e-18)
(-0.437145 0.632586 -7.32066e-17)
(-0.305398 0.737694 0)
(-0.0910124 0.766715 0)
(0.148092 0.727838 0)
(0.384946 0.628195 0)
(0.603395 0.47486 1.84822e-17)
(0.786859 0.273985 -3.47917e-17)
(0.920554 0.036885 9.19387e-18)
(0.993249 -0.219495 0)
(0.99842 -0.476849 -7.73072e-18)
(0.934289 -0.71572 -3.65089e-18)
(0.797366 -0.915187 -1.64752e-18)
(-0.37226 0.556967 8.18641e-17)
(-0.251609 0.662988 3.57252e-17)
(-0.0560503 0.686594 -2.38508e-17)
(0.164078 0.64677 1.65028e-17)
(0.379203 0.551016 0)
(0.572941 0.406625 3.94016e-18)
(0.72914 0.220001 1.32396e-17)
(0.833605 0.00227393 -1.13816e-17)
(0.876042 -0.230448 1.91495e-18)
(0.851244 -0.459767 -1.00474e-18)
(0.757974 -0.666574 5.27954e-18)
(0.597117 -0.828951 0)
(-0.301347 0.495697 3.43144e-19)
(-0.200837 0.599762 -2.98635e-17)
(-0.0205579 0.619503 2.51323e-17)
(0.183584 0.579433 -3.90226e-17)
(0.378972 0.488206 1.63077e-17)
(0.549201 0.3529 9.21448e-20)
(0.678994 0.180273 -1.98103e-18)
(0.755081 -0.0185438 1.97928e-17)
(0.768582 -0.228365 -1.98657e-18)
(0.71586 -0.430889 0)
(0.597057 -0.60774 5.42548e-19)
(0.416899 -0.737529 -2.81284e-18)
(-0.235543 0.433455 -1.04333e-16)
(-0.1518 0.545904 0)
(0.0178627 0.564136 0)
(0.209777 0.525452 2.32069e-17)
(0.387938 0.439982 -3.88608e-17)
(0.536427 0.314211 -2.08406e-17)
(0.641329 0.155426 2.04825e-18)
(0.690572 -0.0251077 -1.64792e-17)
(0.676987 -0.213257 2.0679e-18)
(0.598814 -0.390936 -1.07244e-18)
(0.458023 -0.540802 1.66393e-18)
(0.262595 -0.642995 -5.78745e-19)
(-0.171339 0.372537 -2.44972e-16)
(-0.103287 0.49859 -7.93083e-17)
(0.061474 0.518588 1.21578e-17)
(0.245229 0.483821 1.53973e-17)
(0.408895 0.405942 3.757e-17)
(0.537779 0.290602 4.49821e-18)
(0.619757 0.145475 -4.39142e-18)
(0.644243 -0.017481 0)
(0.605843 -0.185464 0)
(0.504829 -0.340684 7.8195e-18)
(0.345221 -0.4671 1.14745e-18)
(0.137697 -0.546807 2.36665e-18)
(-0.112806 0.308739 2.9876e-16)
(-0.0543918 0.454363 -1.99235e-19)
(0.11238 0.480509 -5.68936e-17)
(0.291967 0.453192 -7.08444e-17)
(0.443841 0.38523 -2.12596e-17)
(0.555297 0.281319 5.02938e-18)
(0.616524 0.149893 -7.19704e-18)
(0.6188 0.00379727 2.36388e-18)
(0.55809 -0.1456 1.88628e-17)
(0.436882 -0.280945 -2.02763e-17)
(0.261105 -0.387547 1.82609e-18)
(0.043646 -0.449656 -3.12356e-18)
(-0.0638637 0.239879 -3.41884e-16)
(-0.00381481 0.409283 9.01107e-17)
(0.172674 0.44734 7.1941e-17)
(0.351428 0.431842 -7.73795e-20)
(0.493879 0.376718 0)
(0.589868 0.285546 2.39815e-17)
(0.632517 0.16753 2.82242e-18)
(0.615466 0.0378948 2.43735e-20)
(0.535032 -0.0943836 -4.563e-17)
(0.396127 -0.212262 1.07397e-17)
(0.206191 -0.302522 0)
(-0.0200632 -0.351402 2.76214e-18)
(-0.0308145 0.165354 1.1431e-15)
(0.0499501 0.360789 0)
(0.24351 0.417816 1.30193e-17)
(0.423161 0.418582 1.53368e-16)
(0.558406 0.37911 7.94142e-17)
(0.641047 0.301799 9.03915e-20)
(0.667926 0.197485 -1.12899e-17)
(0.634073 0.0832199 3.24886e-17)
(0.536591 -0.0336451 2.77772e-17)
(0.382435 -0.136507 1.20545e-17)
(0.179588 -0.213743 1.70756e-18)
(-0.0555719 -0.253298 0)
(-0.0195837 0.0903899 -8.54664e-16)
(0.115914 0.302241 0)
(0.327087 0.389173 0)
(0.504425 0.41159 -1.27382e-16)
(0.634419 0.390522 -1.09496e-16)
(0.707496 0.326335 -4.96076e-17)
(0.71919 0.23601 -4.68107e-17)
(0.67215 0.134697 -8.51234e-17)
(0.561035 0.0302183 -5.64969e-18)
(0.394998 -0.06158 -2.63484e-17)
(0.180217 -0.130998 2.90951e-18)
(-0.0654694 -0.165369 0)
(-0.0278903 0.0183626 -1.96498e-15)
(0.186514 0.248383 0)
(0.422638 0.344897 0)
(0.586951 0.381123 2.82587e-17)
(0.710474 0.380404 -2.46464e-17)
(0.781359 0.345828 3.22634e-17)
(0.786241 0.255502 -2.37955e-17)
(0.724482 0.170875 9.62611e-17)
(0.601614 0.0784296 0)
(0.425926 -0.00287806 -6.41296e-17)
(0.205077 -0.0662946 -5.85814e-17)
(-0.0467571 -0.097268 1.81443e-17)
(1.06202 -1.26204 -8.45432e-21)
(0.843506 -1.35737 -5.87989e-18)
(0.56944 -1.29485 0)
(0.280212 -1.05634 1.07182e-17)
(0.0234709 -0.667682 1.77157e-17)
(-0.145771 -0.213151 6.69016e-18)
(-0.193389 0.203161 5.983e-18)
(-0.12966 0.528376 -2.11024e-17)
(0.0161079 0.768057 0)
(0.222319 0.929206 -1.59231e-17)
(0.451622 1.01142 2.32385e-17)
(0.703092 0.973722 5.52072e-17)
(0.825925 -1.14888 2.46805e-18)
(0.585795 -1.19345 0)
(0.307434 -1.08569 1.24844e-17)
(0.0381072 -0.822149 0)
(-0.172987 -0.445148 9.91583e-21)
(-0.281156 -0.0430326 2.51992e-17)
(-0.275433 0.300764 5.65359e-18)
(-0.178998 0.561332 -2.52574e-17)
(-0.0183822 0.751764 0)
(0.189468 0.875927 1.58404e-17)
(0.4081 0.925185 -2.34256e-17)
(0.598873 0.855889 0)
(0.593524 -1.02842 -1.20833e-18)
(0.342393 -1.03061 5.38706e-18)
(0.0721515 -0.892373 -1.18063e-17)
(-0.168185 -0.622409 1.5653e-17)
(-0.332705 -0.272212 -6.31353e-18)
(-0.390538 0.0758257 -1.50003e-17)
(-0.347423 0.360184 -3.25949e-17)
(-0.229782 0.57244 2.46794e-17)
(-0.0601041 0.726682 0)
(0.14767 0.823973 -1.62789e-17)
(0.35713 0.851106 -7.96302e-18)
(0.51999 0.763048 0)
(0.37824 -0.905786 -5.97871e-19)
(0.124472 -0.875443 -5.88265e-18)
(-0.130522 -0.720068 1.43099e-18)
(-0.339811 -0.456948 2.61733e-20)
(-0.463232 -0.140625 -1.22219e-17)
(-0.483335 0.157856 0)
(-0.415496 0.395093 2.66148e-17)
(-0.284585 0.571036 -4.93839e-18)
(-0.109518 0.69816 0)
(0.0980075 0.775468 4.49021e-17)
(0.299833 0.786861 0)
(0.428519 0.672873 0)
(0.18825 -0.784564 -2.40182e-18)
(-0.0624519 -0.731412 0)
(-0.299353 -0.569697 8.40034e-18)
(-0.479909 -0.322026 -1.17592e-17)
(-0.570713 -0.041326 1.18218e-20)
(-0.565118 0.214428 2.59799e-17)
(-0.482522 0.41471 -5.36007e-18)
(-0.344167 0.562892 -1.52706e-17)
(-0.166148 0.668899 5.20924e-18)
(0.0418932 0.730386 -2.36288e-17)
(0.239564 0.728676 -1.72498e-17)
(0.34735 0.59179 2.03322e-17)
(0.0281215 -0.666999 2.42174e-18)
(-0.216412 -0.599791 0)
(-0.435624 -0.439778 -1.10828e-17)
(-0.592335 -0.212383 2.91704e-18)
(-0.659979 0.0341575 -2.99384e-18)
(-0.639219 0.25424 -2.90082e-17)
(-0.549735 0.425343 2.19947e-17)
(-0.408412 0.55158 2.65959e-17)
(-0.229196 0.640071 0)
(-0.0196711 0.68777 6.45824e-18)
(0.177235 0.673619 -9.2005e-18)
(0.26484 0.509148 0)
(-0.100086 -0.554173 6.18028e-19)
(-0.337809 -0.480225 -5.89212e-18)
(-0.542161 -0.327484 0)
(-0.681373 -0.122352 0)
(-0.734992 0.0930926 0)
(-0.707694 0.283733 -6.02927e-18)
(-0.61747 0.431204 -1.74677e-17)
(-0.476671 0.539133 -2.31779e-17)
(-0.29759 0.611765 6.16219e-18)
(-0.0857179 0.645966 6.32389e-20)
(0.114686 0.618101 -9.23136e-17)
(0.189855 0.427193 -2.24039e-16)
(-0.196463 -0.44605 2.59786e-18)
(-0.428948 -0.371031 6.78836e-18)
(-0.623018 -0.229132 -1.4581e-18)
(-0.751652 -0.0464598 3.0723e-18)
(-0.799169 0.141341 1.92971e-17)
(-0.771835 0.307505 2.28188e-17)
(-0.685481 0.434937 -2.59874e-17)
(-0.54785 0.52644 5.92187e-17)
(-0.369968 0.583257 0)
(-0.15532 0.602683 0)
(0.0529147 0.558423 8.37238e-17)
(0.12407 0.340921 3.43711e-17)
(-0.263103 -0.341516 -2.85522e-18)
(-0.493693 -0.269538 -1.48893e-18)
(-0.683247 -0.140606 1.5983e-18)
(-0.80799 0.0203514 0)
(-0.855589 0.183469 -5.58908e-17)
(-0.83243 0.328736 -3.61788e-17)
(-0.753101 0.437978 2.98608e-17)
(-0.620433 0.513436 -3.1565e-17)
(-0.444529 0.553257 8.75903e-18)
(-0.227059 0.555592 1.0776e-17)
(-0.00688969 0.490863 -1.52716e-17)
(0.0757232 0.2469 3.77057e-16)
(-0.303847 -0.240553 -3.57429e-18)
(-0.537211 -0.174032 0)
(-0.728818 -0.058787 -1.53427e-17)
(-0.854532 0.0815182 3.96593e-18)
(-0.905948 0.222077 2.50609e-17)
(-0.888839 0.348727 -4.42307e-18)
(-0.818236 0.440705 -1.86016e-17)
(-0.691213 0.499832 7.12713e-17)
(-0.517835 0.521053 -8.13934e-17)
(-0.29839 0.50358 1.27765e-19)
(-0.0614648 0.412732 -2.21217e-17)
(0.0507475 0.148273 0)
(-0.323369 -0.150199 4.43998e-18)
(-0.565348 -0.0880836 -1.87114e-17)
(-0.764038 0.0151017 4.24235e-17)
(-0.892793 0.136844 0)
(-0.950009 0.259519 -6.03252e-18)
(-0.93798 0.364348 6.39147e-18)
(-0.871841 0.441695 4.09462e-17)
(-0.750395 0.48429 -2.3145e-16)
(-0.580491 0.485215 1.45483e-16)
(-0.365242 0.444796 0)
(-0.112301 0.323347 0)
(0.0529882 0.0529246 0)
(-0.31738 -0.0808965 2.96073e-17)
(-0.567866 -0.0272389 5.07883e-17)
(-0.778015 0.0589401 -9.23334e-17)
(-0.906043 0.157263 1.10186e-17)
(-0.98166 0.254578 -2.22313e-17)
(-0.949751 0.350342 -8.00303e-17)
(-0.881598 0.39421 -4.71121e-17)
(-0.766208 0.41303 2.58661e-17)
(-0.617357 0.397429 -2.10039e-16)
(-0.431387 0.346712 -4.0954e-17)
(-0.18282 0.21717 0)
(0.0578107 -0.00581987 -1.49658e-15)
(0.817941 0.567781 6.95728e-17)
(0.922614 0.433849 2.57447e-17)
(0.963134 0.175339 -1.67714e-17)
(0.926757 -0.106989 -1.85967e-17)
(0.820117 -0.389856 1.75142e-17)
(0.648992 -0.658009 1.72219e-17)
(0.41964 -0.895283 -1.7003e-18)
(0.144153 -1.08714 -3.42632e-18)
(-0.159329 -1.22195 1.72068e-18)
(-0.473394 -1.2911 0)
(-0.778633 -1.29506 0)
(-1.06416 -1.21965 -1.08109e-20)
(0.690543 0.522828 0)
(0.8244 0.365654 2.89937e-19)
(0.85881 0.130055 0)
(0.821508 -0.129835 1.51345e-17)
(0.718832 -0.389167 -3.63488e-18)
(0.557137 -0.632551 7.15353e-18)
(0.342321 -0.84345 -1.96039e-17)
(0.0858918 -1.00692 1.76471e-18)
(-0.194532 -1.11123 0)
(-0.480991 -1.14871 -7.57153e-18)
(-0.754164 -1.11806 0)
(-0.996623 -1.01066 2.20276e-18)
(0.632094 0.436875 0)
(0.736906 0.305525 -3.42661e-17)
(0.76597 0.0917811 4.56751e-18)
(0.72754 -0.146667 0)
(0.628562 -0.38307 1.50669e-17)
(0.475887 -0.601379 3.69963e-18)
(0.275475 -0.785047 1.27851e-17)
(0.0384507 -0.919261 -1.1054e-17)
(-0.218287 -0.992704 1.84912e-18)
(-0.476469 -0.998755 1.55221e-17)
(-0.716798 -0.935572 4.1736e-18)
(-0.918487 -0.799429 -1.09886e-18)
(0.556637 0.3721 -8.20751e-17)
(0.662374 0.251776 0)
(0.686063 0.0567692 0)
(0.646661 -0.16285 2.06564e-17)
(0.5515 -0.377665 -1.93983e-17)
(0.407683 -0.571376 3.83145e-18)
(0.221427 -0.72785 -3.79418e-18)
(0.00369198 -0.832855 7.58811e-18)
(-0.22947 -0.875998 7.7291e-18)
(-0.45968 -0.851945 4.83753e-20)
(-0.667954 -0.759403 -4.22509e-18)
(-0.832422 -0.598979 1.11129e-18)
(0.495403 0.301219 9.16124e-17)
(0.599271 0.201009 0)
(0.61912 0.0212249 5.04287e-18)
(0.579445 -0.182525 -3.91101e-17)
(0.488747 -0.377719 0)
(0.353939 -0.54801 -1.99552e-17)
(0.181602 -0.678127 2.17873e-17)
(-0.0172794 -0.754754 -1.78401e-17)
(-0.227591 -0.768886 -5.96306e-18)
(-0.431029 -0.716782 -1.85627e-17)
(-0.609285 -0.598456 0)
(-0.741001 -0.418362 -2.24857e-18)
(0.433191 0.23544 2.6091e-17)
(0.545493 0.151959 -4.01753e-17)
(0.563855 -0.0172479 0)
(0.525533 -0.208867 -8.75041e-20)
(0.440541 -0.386929 0)
(0.315197 -0.535553 4.12188e-18)
(0.156646 -0.640802 -2.06666e-17)
(-0.0239965 -0.690565 1.44173e-17)
(-0.212644 -0.677525 1.04087e-17)
(-0.391225 -0.599808 8.53234e-18)
(-0.54241 -0.459248 -4.45319e-18)
(-0.646306 -0.263552 1.14667e-18)
(0.37232 0.171315 0)
(0.498224 0.103432 1.05921e-16)
(0.518373 -0.0609082 5.48732e-17)
(0.483936 -0.244453 1.53625e-17)
(0.406489 -0.408102 0)
(0.291513 -0.537178 2.24735e-17)
(0.146581 -0.619514 -2.18733e-18)
(-0.0165065 -0.644487 1.90025e-20)
(-0.18497 -0.60653 -1.0915e-17)
(-0.341051 -0.505821 0)
(-0.46864 -0.346204 -1.25006e-20)
(-0.54982 -0.138101 3.52862e-26)
(0.308602 0.112818 -2.99768e-16)
(0.45402 0.0545082 -1.73665e-16)
(0.48033 -0.111866 -4.97414e-17)
(0.453313 -0.291316 -4.73831e-17)
(0.385745 -0.443249 0)
(0.282151 -0.554949 5.04256e-18)
(0.150894 -0.61654 -7.21639e-18)
(0.00466163 -0.619265 -2.06624e-20)
(-0.145171 -0.558901 2.34745e-18)
(-0.281305 -0.437849 0)
(-0.388933 -0.26185 4.8756e-18)
(-0.452251 -0.0435511 2.50106e-18)
(0.239941 0.0638995 -2.27793e-19)
(0.408967 0.00388355 1.03263e-16)
(0.44717 -0.172211 0)
(0.431955 -0.350888 7.26512e-18)
(0.377176 -0.493481 -1.73422e-22)
(0.286307 -0.589759 -2.40262e-17)
(0.16843 -0.632786 1.9782e-17)
(0.0386915 -0.616154 -2.47599e-17)
(-0.0939794 -0.535994 0)
(-0.212533 -0.397125 -1.07819e-17)
(-0.303635 -0.206796 0)
(-0.353481 0.0205112 -5.53388e-18)
(0.165677 0.0307918 5.72288e-16)
(0.360519 -0.0499459 -1.90688e-17)
(0.41764 -0.243099 1.30829e-16)
(0.418674 -0.422717 7.17249e-17)
(0.379488 -0.558196 -6.19167e-17)
(0.302487 -0.641161 3.2081e-17)
(0.198282 -0.668456 -7.45149e-18)
(0.0839851 -0.63501 2.52347e-17)
(-0.0332295 -0.537776 3.46538e-18)
(-0.136603 -0.383573 2.57837e-17)
(-0.214512 -0.18021 -5.1695e-18)
(-0.25479 0.0561448 3.44967e-18)
(0.0909941 0.0194734 0)
(0.302082 -0.115965 0)
(0.388989 -0.32673 -1.64144e-16)
(0.411634 -0.504079 0)
(0.390807 -0.634375 1.23517e-16)
(0.326925 -0.707824 -1.24522e-16)
(0.236738 -0.719995 -2.92197e-17)
(0.135427 -0.67338 3.99036e-17)
(0.0306782 -0.562529 0)
(-0.0614792 -0.39641 1.1622e-19)
(-0.131401 -0.181058 3.50752e-17)
(-0.166301 0.0658932 0)
(0.0184986 0.0276721 -1.74041e-15)
(0.248312 -0.186422 -6.31661e-16)
(0.344686 -0.4223 3.40923e-17)
(0.381075 -0.586726 0)
(0.380518 -0.710481 -2.47395e-17)
(0.346155 -0.781699 3.21902e-16)
(0.256065 -0.787407 -2.36881e-17)
(0.171469 -0.726077 -1.08457e-16)
(0.0788575 -0.603543 1.27067e-17)
(-0.00264701 -0.427774 -5.68028e-17)
(-0.0664226 -0.206367 -1.33502e-16)
(-0.0977676 0.0466899 1.81115e-17)
(-1.26754 -1.06475 1.25399e-18)
(-1.36629 -0.846826 -1.47282e-18)
(-1.30684 -0.572392 1.69004e-18)
(-1.06929 -0.281683 1.4326e-17)
(-0.678357 -0.0232029 1.42014e-17)
(-0.218642 0.147554 -1.34213e-17)
(0.203579 0.195517 -6.01856e-18)
(0.533522 0.130814 -1.58727e-17)
(0.776789 -0.0168624 3.96385e-17)
(0.94064 -0.225793 0)
(1.02522 -0.458055 3.05675e-17)
(0.989374 -0.716071 0)
(-1.15478 -0.828681 1.23241e-18)
(-1.20237 -0.588658 0)
(-1.09696 -0.309387 0)
(-0.833651 -0.0382492 7.64877e-21)
(-0.453847 0.17474 -1.33162e-17)
(-0.0466168 0.284183 -3.16158e-17)
(0.302375 0.27834 -1.70265e-17)
(0.566879 0.180576 0)
(0.760267 0.0178339 -1.94043e-17)
(0.88666 -0.192855 5.33272e-18)
(0.93779 -0.414576 1.57848e-17)
(0.869318 -0.608898 7.2565e-17)
(-1.03443 -0.59591 -1.21313e-18)
(-1.03917 -0.34437 1.34071e-18)
(-0.90263 -0.0727832 1.0357e-17)
(-0.63228 0.169589 -2.19747e-17)
(-0.278997 0.336067 -1.90654e-17)
(0.0738595 0.394911 -3.08836e-18)
(0.36271 0.351325 3.26903e-17)
(0.578256 0.232106 1.49421e-17)
(0.734966 0.0601404 -1.95394e-17)
(0.834094 -0.150593 0)
(0.86276 -0.363356 -3.18763e-17)
(0.775487 -0.530348 4.49606e-19)
(-0.911677 -0.379979 2.39771e-18)
(-0.883418 -0.125338 0)
(-0.729138 0.131352 -1.13928e-17)
(-0.465144 0.342854 2.9822e-18)
(-0.145633 0.468223 1.22443e-17)
(0.157244 0.489091 4.98873e-17)
(0.398328 0.420542 -2.68131e-17)
(0.577045 0.287897 -2.48477e-17)
(0.706255 0.110439 4.48345e-17)
(0.78508 -0.100124 -2.25472e-17)
(0.797763 -0.305355 0)
(0.684042 -0.43727 -7.11942e-17)
(-0.790134 -0.189186 -2.39868e-18)
(-0.738613 0.0628143 0)
(-0.577481 0.301693 0)
(-0.328565 0.484579 8.85528e-18)
(-0.0447303 0.577263 3.0133e-17)
(0.214939 0.57223 -2.6039e-17)
(0.418505 0.488791 2.146e-17)
(0.569048 0.348637 -2.04183e-17)
(0.676846 0.168181 -4.16244e-17)
(0.739558 -0.0429685 -1.11103e-19)
(0.738951 -0.244174 3.46247e-17)
(0.602085 -0.355565 0)
(-0.672083 -0.0281643 1.21064e-18)
(-0.606086 0.218024 -5.16548e-18)
(-0.446224 0.439423 0)
(-0.217327 0.598513 0)
(0.0321649 0.667936 -2.69142e-17)
(0.255683 0.647592 -2.04869e-17)
(0.429594 0.557243 0)
(0.557863 0.414137 2.13758e-17)
(0.647902 0.232491 1.66378e-17)
(0.696558 0.0198357 3.21394e-17)
(0.683348 -0.180669 -7.40926e-17)
(0.518334 -0.271887 1.85881e-16)
(-0.558625 0.100926 -3.69789e-26)
(-0.485516 0.340594 6.52405e-18)
(-0.332583 0.54727 -1.40662e-18)
(-0.125813 0.688853 -2.95072e-18)
(0.092325 0.744145 6.10592e-18)
(0.285965 0.717187 2.11371e-17)
(0.435842 0.626176 0)
(0.545543 0.483679 0)
(0.619511 0.302242 2.4657e-17)
(0.654395 0.087261 0)
(0.627356 -0.116739 3.07546e-17)
(0.435195 -0.196014 -1.9305e-16)
(-0.449762 0.198077 2.59821e-18)
(-0.375272 0.432712 5.44544e-18)
(-0.232941 0.629197 1.16299e-17)
(-0.04857 0.760175 0)
(0.141636 0.809292 3.21689e-18)
(0.310414 0.782289 -9.81865e-18)
(0.439935 0.69529 1.30387e-17)
(0.53297 0.556118 -3.97056e-17)
(0.590942 0.375994 -2.13757e-17)
(0.610774 0.158318 0)
(0.5671 -0.0534561 9.64194e-17)
(0.347746 -0.129007 2.73775e-16)
(-0.344394 0.265262 -5.71879e-18)
(-0.272717 0.498149 -5.96781e-18)
(-0.143161 0.690198 -1.27041e-17)
(0.0194439 0.817314 3.33901e-18)
(0.184732 0.866489 -1.16089e-20)
(0.332251 0.843692 -3.62564e-18)
(0.443315 0.76391 0)
(0.520085 0.629887 -6.44235e-20)
(0.560853 0.451901 -8.84096e-18)
(0.563317 0.231526 9.69009e-17)
(0.498909 0.0078706 -1.2312e-16)
(0.252807 -0.0791234 -3.70334e-16)
(-0.242558 0.306261 3.55453e-18)
(-0.176148 0.542021 -7.47137e-18)
(-0.0601473 0.736285 1.53001e-17)
(0.0816436 0.864391 0)
(0.224176 0.917375 0)
(0.352763 0.900709 -2.65335e-17)
(0.446319 0.829851 2.78872e-17)
(0.506557 0.701674 1.22041e-16)
(0.528474 0.526424 9.30534e-17)
(0.510855 0.304192 1.49162e-17)
(0.420147 0.063823 -2.2169e-17)
(0.153422 -0.0524144 0)
(-0.151398 0.325741 0)
(-0.0891915 0.570214 1.14064e-17)
(0.0147917 0.77174 -2.24874e-17)
(0.137896 0.902942 5.7183e-18)
(0.262391 0.961742 -6.02988e-18)
(0.36879 0.950254 5.08013e-17)
(0.447531 0.88383 -5.44269e-17)
(0.491031 0.761422 -1.22959e-16)
(0.492346 0.589798 -1.45077e-16)
(0.451449 0.371921 -1.93226e-16)
(0.329963 0.116098 3.70446e-16)
(0.0572119 -0.0532463 -9.77254e-17)
(-0.0814642 0.319291 2.95267e-17)
(-0.0276268 0.572264 -5.07078e-17)
(0.059314 0.785533 0)
(0.158734 0.91602 -8.7825e-17)
(0.257378 0.993492 -8.81832e-17)
(0.354625 0.961798 0)
(0.399204 0.893074 2.34101e-17)
(0.418419 0.776587 -5.17868e-17)
(0.402708 0.626105 -2.22297e-19)
(0.351546 0.438461 4.05262e-17)
(0.221608 0.188356 -1.48511e-15)
(-0.00337986 -0.0574034 0)
(0.569084 -0.818502 -7.02798e-17)
(0.43516 -0.923127 -3.20493e-17)
(0.175982 -0.964057 2.12508e-17)
(-0.107352 -0.927551 0)
(-0.391021 -0.820471 1.39523e-17)
(-0.659645 -0.648823 3.47279e-18)
(-0.897006 -0.41913 -1.02155e-17)
(-1.08863 -0.143616 -5.16822e-18)
(-1.22295 0.159527 -8.58045e-18)
(-1.29147 0.472941 0)
(-1.29473 0.777035 3.99067e-18)
(-1.21865 1.06078 -1.09897e-18)
(0.523195 -0.691202 0)
(0.366428 -0.825129 3.30528e-17)
(0.130323 -0.859618 -2.17402e-17)
(-0.130333 -0.822088 0)
(-0.390284 -0.719001 1.09524e-17)
(-0.634012 -0.556874 3.56255e-18)
(-0.844938 -0.341814 -1.42556e-17)
(-1.00816 -0.085458 -9.07206e-20)
(-1.11205 0.194545 0)
(-1.14903 0.480291 0)
(-1.11784 0.752304 0)
(-1.01001 0.993083 -1.10529e-18)
(0.437762 -0.633105 0)
(0.306105 -0.737797 2.07572e-17)
(0.0918241 -0.766716 2.27999e-17)
(-0.147267 -0.72799 0)
(-0.38416 -0.628619 -1.11373e-17)
(-0.602712 -0.475577 7.42262e-18)
(-0.786362 -0.274986 2.00729e-17)
(-0.920334 -0.038105 -3.74187e-18)
(-0.993424 0.21816 -5.61271e-18)
(-0.999085 0.475584 0)
(-0.935556 0.714795 -4.17457e-18)
(-0.799278 0.914923 1.09924e-18)
(0.372721 -0.557626 0)
(0.252177 -0.663368 -2.84554e-17)
(0.0566325 -0.686789 -3.80412e-17)
(-0.163556 -0.647046 0)
(-0.378763 -0.551512 -3.88975e-18)
(-0.572643 -0.407368 -1.13785e-17)
(-0.72906 -0.220985 1.52371e-17)
(-0.833833 -0.00342202 7.57778e-18)
(-0.876686 0.22924 -5.17449e-20)
(-0.85238 0.458687 1.00504e-18)
(-0.759675 0.66589 3.70333e-18)
(-0.599366 0.828965 -5.53314e-19)
(0.301857 -0.496465 2.27691e-17)
(0.201283 -0.600342 -1.49982e-17)
(0.0209236 -0.619854 2.01475e-17)
(-0.183356 -0.579817 4.3486e-18)
(-0.378866 -0.488766 2.03897e-17)
(-0.549268 -0.353659 -3.96971e-18)
(-0.679302 -0.181229 -2.95843e-17)
(-0.755709 0.0174762 1.79776e-20)
(-0.76962 0.227286 7.98575e-18)
(-0.717366 0.429986 -1.03287e-17)
(-0.599057 0.607261 0)
(-0.419315 0.737744 2.25332e-18)
(0.23596 -0.434207 0)
(0.152097 -0.546634 -7.98275e-18)
(-0.0177236 -0.564619 5.47629e-18)
(-0.209847 -0.525934 0)
(-0.38816 -0.440607 -1.2917e-17)
(-0.536848 -0.314988 -1.67273e-17)
(-0.641998 -0.156357 1.23768e-17)
(-0.691557 0.0241204 -2.07337e-18)
(-0.678356 0.212297 2.06872e-18)
(-0.600599 0.39019 8.53236e-18)
(-0.46021 0.540484 0)
(-0.265055 0.643336 -2.29461e-18)
(0.171743 -0.373273 2.44611e-16)
(0.103411 -0.499423 6.18373e-17)
(-0.0615803 -0.519183 3.11317e-20)
(-0.245608 -0.4844 5.14218e-18)
(-0.409445 -0.406635 1.88324e-17)
(-0.53854 -0.291395 2.2432e-17)
(-0.620766 -0.146386 -4.39402e-18)
(-0.64555 0.0165636 0)
(-0.607493 0.184605 0)
(-0.506831 0.340066 0)
(-0.347525 0.466891 4.03805e-18)
(-0.140132 0.5472 5.91577e-19)
(0.113179 -0.309452 -2.61008e-16)
(0.0542919 -0.455262 -9.18226e-17)
(-0.112758 -0.481207 0)
(-0.292667 -0.453866 0)
(-0.444716 -0.386002 -3.72799e-17)
(-0.556388 -0.282139 2.01236e-17)
(-0.617856 -0.150796 -2.16186e-17)
(-0.620402 -0.00466 -2.37753e-17)
(-0.55999 0.144817 2.34464e-18)
(-0.439064 0.280418 -1.19729e-18)
(-0.263492 0.387397 -3.65922e-18)
(-0.0460345 0.450037 -2.5017e-18)
(0.0641298 -0.240635 0)
(0.00343434 -0.410256 -1.28802e-17)
(-0.173366 -0.44811 9.04237e-18)
(-0.352437 -0.43264 7.33335e-18)
(-0.495077 -0.377553 2.59317e-17)
(-0.591258 -0.286417 -2.39321e-17)
(-0.634154 -0.16842 1.68676e-17)
(-0.617337 -0.0387341 4.39117e-17)
(-0.537168 0.093661 0)
(-0.398479 0.21178 1.34972e-18)
(-0.208669 0.302375 -1.35556e-18)
(0.0176917 0.351716 2.7635e-18)
(0.0307369 -0.166347 0)
(-0.0506779 -0.361887 -1.90606e-17)
(-0.244554 -0.418654 6.91805e-20)
(-0.424446 -0.419529 9.21424e-17)
(-0.559905 -0.379997 -7.94614e-17)
(-0.642697 -0.302739 4.80575e-17)
(-0.669837 -0.198352 -3.72848e-18)
(-0.636189 -0.0840655 -3.60444e-17)
(-0.538952 0.0329653 3.4627e-18)
(-0.384962 0.136019 1.37844e-17)
(-0.182187 0.21355 0)
(0.053148 0.253506 3.46865e-18)
(0.019074 -0.0919269 0)
(-0.117189 -0.30352 0)
(-0.32844 -0.390131 0)
(-0.505983 -0.412662 -1.27398e-16)
(-0.636184 -0.391506 2.32846e-16)
(-0.7094 -0.327325 -6.20065e-17)
(-0.721339 -0.236894 5.87144e-18)
(-0.674466 -0.135543 -5.64866e-18)
(-0.563591 -0.030884 0)
(-0.397692 0.0610566 -4.9846e-17)
(-0.182982 0.130713 2.78089e-17)
(0.0628961 0.16548 -7.28832e-18)
(0.026826 -0.0190739 2.01111e-15)
(-0.18831 -0.249843 0)
(-0.42433 -0.345851 -3.37589e-17)
(-0.588747 -0.382163 2.54213e-16)
(-0.712487 -0.381386 -1.72197e-16)
(-0.78349 -0.346781 -6.43153e-17)
(-0.788597 -0.256288 1.30439e-16)
(-0.726939 -0.17163 -2.40873e-17)
(-0.604328 -0.0790279 1.26903e-17)
(-0.428736 0.002361 1.13625e-16)
(-0.207933 0.0659535 -6.66005e-17)
(0.0439961 0.0973363 -3.62847e-17)
(-1.06352 1.2618 -1.25338e-18)
(-0.846168 1.35866 -1.47042e-18)
(-0.573071 1.29827 1.6855e-18)
(-0.284296 1.06176 0)
(-0.0272497 0.674001 -1.77488e-17)
(0.143156 0.218853 -1.00674e-17)
(0.192165 -0.199364 3.00825e-17)
(0.129355 -0.526623 1.5892e-17)
(-0.0160073 -0.768067 0)
(-0.222314 -0.930674 1.42563e-19)
(-0.451985 -1.01411 -3.06279e-17)
(-0.705511 -0.977245 -5.5163e-17)
(-0.828124 1.1492 -2.47029e-18)
(-0.588894 1.19534 -1.39721e-18)
(-0.311065 1.08948 -1.09411e-17)
(-0.0416708 0.827399 3.3031e-18)
(0.170142 0.450645 9.97807e-18)
(0.279501 0.0474346 -3.16177e-17)
(0.274799 -0.298171 -1.6979e-17)
(0.178887 -0.560395 0)
(0.018396 -0.752198 0)
(-0.189711 -0.877454 -1.5865e-17)
(-0.408789 -0.927548 -7.82195e-18)
(-0.600463 -0.858544 -5.87911e-17)
(-0.59612 1.02916 6.04767e-19)
(-0.345587 1.03282 6.06957e-18)
(-0.0754773 0.896185 1.18283e-17)
(0.165318 0.627206 0)
(0.330785 0.276786 -9.54242e-18)
(0.389698 -0.0725298 3.92457e-17)
(0.347294 -0.358488 -1.63843e-17)
(0.229907 -0.572085 0)
(0.0601605 -0.727408 0)
(-0.147984 -0.825522 0)
(-0.357978 -0.853226 0)
(-0.521778 -0.765412 6.46498e-17)
(-0.380985 0.906796 0)
(-0.127514 0.877779 -3.93676e-18)
(0.12768 0.72368 -1.43328e-18)
(0.337699 0.461138 3.01174e-18)
(0.462163 0.144298 6.11334e-18)
(0.483189 -0.155468 -2.63432e-17)
(0.415829 -0.394076 5.26528e-18)
(0.284991 -0.571112 0)
(0.109723 -0.699098 -1.99696e-17)
(-0.098251 -0.77703 1.68962e-17)
(-0.300649 -0.788823 -2.48593e-17)
(-0.429939 -0.674872 -7.2397e-17)
(-0.19096 0.785722 1.80514e-18)
(0.0597233 0.733707 6.4873e-19)
(0.297079 0.57296 0)
(0.478535 0.32555 -2.94582e-18)
(0.570386 0.0441788 -1.80753e-17)
(0.565559 -0.212772 -2.89459e-18)
(0.483279 -0.414209 -7.81924e-20)
(0.34488 -0.56329 -2.03884e-17)
(0.166573 -0.669995 1.55344e-17)
(-0.0419734 -0.731952 -1.77969e-17)
(-0.24026 -0.730518 3.44483e-17)
(-0.3487 -0.593584 -3.08807e-19)
(-0.030675 0.668192 -3.02813e-18)
(0.214077 0.601924 1.93319e-18)
(0.433926 0.442608 -1.39524e-18)
(0.59162 0.215241 2.92238e-18)
(0.660257 -0.0320166 2.38934e-17)
(0.640135 -0.253165 2.92188e-18)
(0.550867 -0.425237 1.65123e-17)
(0.409433 -0.552221 3.73913e-17)
(0.22988 -0.64128 5.54106e-18)
(0.019817 -0.689328 0)
(-0.177726 -0.675363 0)
(-0.265934 -0.510732 9.38952e-17)
(0.0977448 0.555308 -1.85014e-26)
(0.335874 0.482111 -3.93768e-18)
(0.540978 0.329845 -1.26367e-17)
(0.681191 0.124589 0)
(0.735728 -0.091551 0)
(0.70897 -0.283119 -6.04897e-18)
(0.618911 -0.431399 5.84406e-18)
(0.477975 -0.539956 -4.64059e-17)
(0.298542 -0.613049 -3.08009e-17)
(0.0861203 -0.6475 1.44204e-17)
(-0.114925 -0.619753 7.20117e-17)
(-0.190788 -0.42855 2.23637e-16)
(0.194325 0.447051 1.95246e-18)
(0.427349 0.372619 7.4754e-18)
(0.622236 0.231026 2.1793e-17)
(0.751855 0.0481408 -2.47188e-17)
(0.800219 -0.140297 -2.25645e-17)
(0.773362 -0.307256 -9.80169e-18)
(0.687158 -0.435366 6.49215e-18)
(0.549394 -0.527393 2.63571e-17)
(0.371172 -0.584584 8.54563e-17)
(0.155985 -0.604172 6.78217e-17)
(-0.0528825 -0.559962 2.36035e-19)
(-0.124734 -0.342062 2.78704e-19)
(0.261097 0.342331 -2.85679e-18)
(0.492314 0.270803 -5.99422e-18)
(0.682725 0.142055 -1.27225e-17)
(0.808436 -0.0191593 5.03577e-17)
(0.856832 -0.182848 2.79402e-17)
(0.834116 -0.328783 3.62974e-18)
(0.754945 -0.43859 -3.00128e-17)
(0.622168 -0.514477 0)
(0.445955 -0.55459 1.15681e-19)
(0.227969 -0.557003 -1.7191e-16)
(0.0071817 -0.492259 -1.38136e-16)
(-0.0761073 -0.24786 4.70992e-17)
(0.301862 0.241157 0)
(0.53591 0.174967 9.30493e-18)
(0.728418 0.05982 -1.72693e-17)
(0.85509 -0.0807502 -3.17656e-17)
(0.907271 -0.221811 -2.93868e-17)
(0.890591 -0.349014 -1.32842e-17)
(0.820166 -0.441456 -9.99801e-20)
(0.693067 -0.50092 -7.13444e-17)
(0.519427 -0.522353 -1.97951e-16)
(0.299495 -0.504877 1.32894e-16)
(0.0619542 -0.413966 0)
(-0.0508329 -0.149098 -1.14449e-15)
(0.32128 0.150625 0)
(0.563995 0.0887251 -2.01584e-17)
(0.763648 -0.0144329 1.9737e-17)
(0.893371 -0.136433 -5.74474e-18)
(0.951329 -0.259557 1.02686e-16)
(0.939724 -0.364823 5.11417e-17)
(0.873722 -0.442536 5.46441e-17)
(0.752237 -0.485389 1.23381e-16)
(0.582109 -0.486438 1.4552e-16)
(0.366383 -0.445961 0)
(0.112916 -0.324417 0)
(-0.052938 -0.0536177 7.84742e-16)
(0.31513 0.0811679 -1.48298e-17)
(0.566363 0.0276159 1.08153e-16)
(0.777541 -0.0585876 4.04306e-17)
(0.906554 -0.157131 8.84189e-17)
(0.98294 -0.254764 -8.86325e-17)
(0.95136 -0.350877 -3.18749e-17)
(0.883203 -0.394913 2.35257e-17)
(0.76772 -0.413847 -2.61261e-17)
(0.618607 -0.39825 2.99238e-17)
(0.432438 -0.347394 0)
(0.183608 -0.217805 0)
(-0.0577768 0.00546867 1.4957e-15)
(-0.818822 -0.570171 0)
(-0.9237 -0.436674 -3.17698e-17)
(-0.964648 -0.177648 4.25157e-18)
(-0.928325 0.105603 0)
(-0.821382 0.389562 0)
(-0.649722 0.65874 3.4705e-18)
(-0.419861 0.896882 5.09171e-18)
(-0.14416 1.08946 -1.69967e-18)
(0.159223 1.22495 6.85542e-18)
(0.473083 1.29487 0)
(0.778166 1.29979 3.99862e-18)
(1.06404 1.22596 1.11458e-18)
(-0.692005 -0.524634 0)
(-0.825847 -0.367857 0)
(-0.860388 -0.131717 -1.75784e-17)
(-0.822994 0.129021 0)
(-0.719948 0.38933 -3.62732e-18)
(-0.557688 0.633614 7.13399e-18)
(-0.342319 0.845287 -1.77672e-17)
(-0.0856135 1.00943 -1.77831e-18)
(0.1948 1.11447 1.7812e-18)
(0.481161 1.15282 7.57383e-18)
(0.754249 1.12318 0)
(0.996821 1.01736 -1.10151e-18)
(-0.633959 -0.438748 0)
(-0.738628 -0.307318 -6.84896e-18)
(-0.767605 -0.0929313 2.71694e-17)
(-0.728972 0.146332 -3.95313e-18)
(-0.629573 0.383619 0)
(-0.476308 0.602712 -1.10927e-17)
(-0.275286 0.787045 2.56094e-17)
(-0.0378945 0.921843 0)
(0.218956 0.995945 0)
(0.477149 1.00284 -6.75376e-18)
(0.71744 0.940512 3.14393e-18)
(0.918952 0.805848 1.10808e-18)
(-0.558519 -0.373736 0)
(-0.664267 -0.253213 0)
(-0.687737 -0.0574852 -1.91049e-17)
(-0.64806 0.162931 4.11217e-18)
(-0.552445 0.37855 -3.88854e-18)
(-0.408024 0.572932 3.42922e-17)
(-0.221107 0.729952 -3.66767e-18)
(-0.00291194 0.835407 9.52769e-18)
(0.230496 0.879062 -9.62339e-18)
(0.460812 0.855695 8.0179e-18)
(0.669082 0.763739 -4.22995e-18)
(0.833086 0.604602 -1.10938e-18)
(-0.497332 -0.302651 0)
(-0.60126 -0.202136 3.00719e-17)
(-0.620819 -0.0215486 2.01297e-17)
(-0.58083 0.182984 0)
(-0.489664 0.378906 -1.22446e-17)
(-0.354251 0.549756 -2.37772e-17)
(-0.18122 0.680295 -2.56109e-17)
(0.018202 0.757213 5.98639e-18)
(0.228878 0.771661 7.95043e-18)
(0.432499 0.720017 -8.22567e-18)
(0.610776 0.601952 0)
(0.741781 0.422893 0)
(-0.434993 -0.23664 0)
(-0.547529 -0.152788 -3.19774e-17)
(-0.565568 0.0172996 5.45022e-18)
(-0.526926 0.209685 -4.66773e-18)
(-0.441465 0.388399 1.72423e-17)
(-0.315536 0.537471 4.18526e-18)
(-0.15627 0.643019 1.236e-17)
(0.0249658 0.692907 -3.5011e-17)
(0.214075 0.679968 2.06451e-18)
(0.39289 0.602448 -1.07097e-18)
(0.544116 0.461828 1.10689e-18)
(0.64712 0.266864 0)
(-0.373949 -0.172274 0)
(-0.500261 -0.103958 -7.06723e-17)
(-0.520093 0.0613384 0)
(-0.485357 0.245623 -2.05638e-17)
(-0.40746 0.409848 1.41293e-17)
(-0.291923 0.53926 2.69686e-17)
(-0.146281 0.621775 -2.18045e-18)
(0.0174295 0.646712 1.52234e-17)
(0.186421 0.608643 0)
(0.342767 0.507876 -1.11816e-18)
(0.470417 0.347898 1.14663e-18)
(0.550596 0.140221 0)
(-0.30996 -0.113589 0)
(-0.456005 -0.0547145 -1.03913e-17)
(-0.482048 0.112685 7.13976e-18)
(-0.454784 0.292831 -2.37295e-17)
(-0.386793 0.445265 -4.26191e-17)
(-0.28268 0.557187 -1.50166e-17)
(-0.150724 0.61885 -4.78663e-18)
(-0.00387568 0.621382 -2.13718e-17)
(0.146529 0.560714 2.3394e-18)
(0.282934 0.439363 -1.07291e-17)
(0.39066 0.26275 1.21381e-18)
(0.452943 0.044606 0)
(-0.240961 -0.0644939 -3.89494e-16)
(-0.410841 -0.00375308 1.03317e-16)
(-0.448887 0.173421 -6.32024e-17)
(-0.433465 0.352742 -7.44072e-18)
(-0.378346 0.49574 2.59381e-17)
(-0.286965 0.592146 6.00898e-18)
(-0.168464 0.635134 -5.60725e-18)
(-0.0380874 0.618182 -6.30306e-20)
(0.0951226 0.53753 0)
(0.213985 0.398156 1.07162e-17)
(0.305201 0.206972 0)
(0.354057 -0.0203847 0)
(-0.166378 -0.0311907 5.69326e-16)
(-0.36228 0.0504261 -1.72157e-16)
(-0.419348 0.244655 1.17628e-16)
(-0.420212 0.424871 8.1905e-17)
(-0.380806 0.560643 8.83757e-18)
(-0.30328 0.643672 3.2065e-17)
(-0.198568 0.670812 -3.38639e-17)
(-0.0835956 0.636945 2.15686e-17)
(0.0340609 0.53904 3.45432e-18)
(0.1378 0.384139 1.37465e-17)
(0.215834 0.179684 -6.86105e-18)
(0.255211 -0.0569066 0)
(-0.0915562 -0.0195776 0)
(-0.303676 0.116919 2.47149e-16)
(-0.390656 0.328564 -1.84323e-16)
(-0.413222 0.506436 3.19002e-17)
(-0.392253 0.636975 -2.74228e-17)
(-0.32789 0.710418 -4.96688e-17)
(-0.237269 0.722359 6.41434e-17)
(-0.135316 0.675181 -5.64012e-18)
(-0.0301758 0.56351 0)
(0.0623539 0.396496 -2.33442e-17)
(0.132458 0.179745 3.49885e-17)
(0.166521 -0.0675934 0)
(-0.0187627 -0.0275187 -1.99129e-15)
(-0.249719 0.187911 5.03503e-16)
(-0.346081 0.424297 2.7093e-16)
(-0.382446 0.589026 0)
(-0.381835 0.713048 -1.97002e-16)
(-0.347205 0.784283 -2.24743e-16)
(-0.256732 0.789759 7.12196e-17)
(-0.171575 0.727655 -1.20969e-17)
(-0.07868 0.604157 1.26765e-17)
(0.00322208 0.42728 0)
(0.0672194 0.204077 1.65277e-19)
(0.0977801 -0.0496153 1.80854e-17)
)
;

boundaryField
{
    rotor
    {
        type            noSlip;
    }
    stator
    {
        type            noSlip;
    }
    front
    {
        type            empty;
    }
    back
    {
        type            empty;
    }
}


// ************************************************************************* //
