/*--------------------------------*- C++ -*----------------------------------*\
| =========                 |                                                 |
| \\      /  F ield         | OpenFOAM: The Open Source CFD Toolbox           |
|  \\    /   O peration     | Version:  4.0                                   |
|   \\  /    A nd           | Web:      www.OpenFOAM.org                      |
|    \\/     M anipulation  |                                                 |
\*---------------------------------------------------------------------------*/
FoamFile
{
    version     2.0;
    format      ascii;
    class       surfaceScalarField;
    location    "500";
    object      phi;
}
// * * * * * * * * * * * * * * * * * * * * * * * * * * * * * * * * * * * * * //

dimensions      [0 3 -1 0 0 0 0];

internalField   nonuniform List<scalar> 
5952
(
5.11291e-06
-5.10947e-06
8.71737e-06
-3.60434e-06
1.14337e-05
-2.71626e-06
1.2934e-05
-1.50013e-06
1.31084e-05
-1.74354e-07
1.16749e-05
1.43368e-06
7.5903e-06
4.08445e-06
1.51024e-06
6.08012e-06
-1.09182e-05
1.24283e-05
-2.54154e-05
1.44972e-05
-3.65187e-05
1.11033e-05
8.58439e-06
-4.51031e-05
1.57325e-06
-6.68247e-06
3.95668e-06
-5.98768e-06
4.26089e-06
-3.02028e-06
2.68581e-06
7.50149e-08
-1.0511e-06
3.56275e-06
-8.35773e-06
8.74036e-06
-1.96248e-05
1.53516e-05
-3.18321e-05
1.82874e-05
-3.81171e-05
1.87133e-05
-4.06189e-05
1.6999e-05
-4.29884e-05
1.34728e-05
1.05781e-05
-4.49821e-05
1.36637e-06
-8.04871e-06
1.20052e-06
-5.82171e-06
-8.40679e-07
-9.78976e-07
-5.63577e-06
4.87021e-06
-1.40039e-05
1.19309e-05
-2.36106e-05
1.83471e-05
-2.96921e-05
2.14332e-05
-3.29007e-05
2.1496e-05
-3.42451e-05
2.00577e-05
-3.47081e-05
1.74619e-05
-3.54062e-05
1.4171e-05
1.12276e-05
-3.60557e-05
-1.58622e-06
-6.4624e-06
-4.39355e-06
-3.01429e-06
-8.93729e-06
3.56485e-06
-1.53316e-05
1.12646e-05
-2.15497e-05
1.81489e-05
-2.54194e-05
2.22169e-05
-2.70014e-05
2.30152e-05
-2.74156e-05
2.19102e-05
-2.73512e-05
1.99932e-05
-2.7183e-05
1.72937e-05
-2.72267e-05
1.42147e-05
1.12699e-05
-2.72691e-05
-3.57684e-06
-2.8854e-06
-8.4244e-06
1.83337e-06
-1.34923e-05
8.63285e-06
-1.79386e-05
1.5711e-05
-2.06191e-05
2.08295e-05
-2.12729e-05
2.28707e-05
-2.08831e-05
2.26253e-05
-2.01553e-05
2.11825e-05
-1.92488e-05
1.90867e-05
-1.8495e-05
1.65399e-05
-1.80215e-05
1.37412e-05
1.09353e-05
-1.76868e-05
-4.859e-06
1.97379e-06
-9.853e-06
6.82755e-06
-1.37737e-05
1.25537e-05
-1.58949e-05
1.78324e-05
-1.61122e-05
2.10469e-05
-1.51261e-05
2.18847e-05
-1.3702e-05
2.12012e-05
-1.22268e-05
1.97073e-05
-1.08793e-05
1.77392e-05
-9.78654e-06
1.54471e-05
-8.99079e-06
1.29454e-05
1.03597e-05
-8.41521e-06
-5.3196e-06
7.29376e-06
-9.54192e-06
1.10501e-05
-1.18828e-05
1.48947e-05
-1.20802e-05
1.803e-05
-1.0689e-05
1.96557e-05
-8.61983e-06
1.98156e-05
-6.44718e-06
1.90286e-05
-4.42913e-06
1.76893e-05
-2.68458e-06
1.59947e-05
-1.26983e-06
1.40324e-05
-1.8911e-07
1.18647e-05
9.55908e-06
6.11507e-07
-5.33225e-06
1.26261e-05
-8.44539e-06
1.41634e-05
-9.12317e-06
1.55726e-05
-7.73587e-06
1.66428e-05
-5.16686e-06
1.70868e-05
-2.2301e-06
1.68789e-05
6.18121e-07
1.61804e-05
3.16931e-06
1.51381e-05
5.33879e-06
1.38252e-05
7.10364e-06
1.22675e-05
8.48248e-06
1.04859e-05
8.51589e-06
9.52567e-06
-4.71678e-06
1.73431e-05
-6.54398e-06
1.59906e-05
-5.47899e-06
1.45077e-05
-2.69431e-06
1.38582e-05
9.0663e-07
1.34859e-05
4.62454e-06
1.3161e-05
8.08078e-06
1.27242e-05
1.11113e-05
1.21076e-05
1.36626e-05
1.12739e-05
1.57378e-05
1.01924e-05
1.73763e-05
8.84733e-06
7.25794e-06
1.86343e-05
-4.0661e-06
2.14091e-05
-3.11757e-06
1.50421e-05
4.44234e-07
1.09458e-05
4.72328e-06
9.57912e-06
9.20508e-06
9.00413e-06
1.34508e-05
8.91532e-06
1.72264e-05
8.9486e-06
2.04539e-05
8.8801e-06
2.31334e-05
8.59447e-06
2.53009e-05
8.02487e-06
2.70191e-05
7.12915e-06
5.92577e-06
2.83512e-05
6.27181e-07
2.07818e-05
6.13841e-06
9.53078e-06
1.19939e-05
5.09031e-06
1.73194e-05
4.25358e-06
2.19974e-05
4.32616e-06
2.60179e-05
4.89475e-06
2.94201e-05
5.54645e-06
3.22496e-05
6.05064e-06
3.45619e-05
6.28212e-06
3.64165e-05
6.17028e-06
3.78892e-05
5.65646e-06
4.77409e-06
3.90409e-05
2.0473e-05
3.08644e-07
2.87835e-05
1.22023e-06
3.38456e-05
2.81352e-08
3.76957e-05
4.03456e-07
4.06598e-05
1.36201e-06
4.30918e-05
2.4627e-06
4.51312e-05
3.50707e-06
4.68196e-05
4.36224e-06
4.8188e-05
4.91373e-06
4.92695e-05
5.08875e-06
5.01291e-05
4.79688e-06
5.0811e-05
4.09223e-06
-5.11381e-05
6.03497e-06
-5.51944e-05
4.0562e-06
-5.7087e-05
1.89261e-06
-5.7192e-05
1.04971e-07
-5.54713e-05
-1.72069e-06
-5.20329e-05
-3.43838e-06
-4.66124e-05
-5.42052e-06
-3.92473e-05
-7.3651e-06
-2.97423e-05
-9.50498e-06
-1.83366e-05
-1.14057e-05
-6.9771e-06
-1.13595e-05
-6.97711e-06
-4.666e-05
7.71284e-06
-4.74983e-05
4.8945e-06
-4.78251e-05
2.21941e-06
-4.74305e-05
-2.89686e-07
-4.63581e-05
-2.79309e-06
-4.43294e-05
-5.46702e-06
-4.13385e-05
-8.41143e-06
-3.70058e-05
-1.16978e-05
-3.11685e-05
-1.53423e-05
-2.35176e-05
-1.90566e-05
-1.3108e-05
-2.17692e-05
-2.00851e-05
-3.66203e-05
8.27744e-06
-3.70808e-05
5.35499e-06
-3.73225e-05
2.46109e-06
-3.7153e-05
-4.59179e-07
-3.64178e-05
-3.52831e-06
-3.50466e-05
-6.83826e-06
-3.29348e-05
-1.05233e-05
-2.99508e-05
-1.46818e-05
-2.60077e-05
-1.92854e-05
-2.06259e-05
-2.44384e-05
-1.27865e-05
-2.96086e-05
-3.28716e-05
-2.72988e-05
8.30715e-06
-2.72739e-05
5.3301e-06
-2.71277e-05
2.31483e-06
-2.6786e-05
-8.00889e-07
-2.61872e-05
-4.12707e-06
-2.52569e-05
-7.76855e-06
-2.39015e-05
-1.18787e-05
-2.19919e-05
-1.65913e-05
-1.93119e-05
-2.19655e-05
-1.53694e-05
-2.83809e-05
-9.40004e-06
-3.5578e-05
-4.22716e-05
-1.74594e-05
8.07966e-06
-1.72941e-05
5.16486e-06
-1.71366e-05
2.15729e-06
-1.69298e-05
-1.00764e-06
-1.66292e-05
-4.42776e-06
-1.6183e-05
-8.21467e-06
-1.55321e-05
-1.25296e-05
-1.46116e-05
-1.75119e-05
-1.32164e-05
-2.33607e-05
-1.11231e-05
-3.04742e-05
-7.44014e-06
-3.9261e-05
-4.97118e-05
-8.01966e-06
7.68412e-06
-7.76316e-06
4.90836e-06
-7.60514e-06
1.99927e-06
-7.51056e-06
-1.10223e-06
-7.45491e-06
-4.48341e-06
-7.4153e-06
-8.2543e-06
-7.38588e-06
-1.25591e-05
-7.32691e-06
-1.75709e-05
-7.12198e-06
-2.35656e-05
-6.58471e-06
-3.10115e-05
-4.87611e-06
-4.09696e-05
-5.45879e-05
1.17439e-06
7.12124e-06
1.53533e-06
4.54741e-06
1.7222e-06
1.81238e-06
1.75095e-06
-1.13099e-06
1.62299e-06
-4.35547e-06
1.3266e-06
-7.95793e-06
8.34876e-07
-1.20674e-05
1.31493e-07
-1.68675e-05
-7.57516e-07
-2.26766e-05
-1.70807e-06
-3.00609e-05
-2.24812e-06
-4.04296e-05
-5.6836e-05
1.02804e-05
6.36648e-06
1.07803e-05
4.04752e-06
1.10455e-05
1.54718e-06
1.10783e-05
-1.16374e-06
1.08611e-05
-4.13836e-06
1.03532e-05
-7.45001e-06
9.4814e-06
-1.11956e-05
8.15319e-06
-1.55393e-05
6.27573e-06
-2.07992e-05
3.83468e-06
-2.76199e-05
1.22155e-06
-3.78165e-05
-5.56145e-05
1.95689e-05
5.43188e-06
2.02152e-05
3.40119e-06
2.05918e-05
1.17059e-06
2.06922e-05
-1.26418e-06
2.0485e-05
-3.93116e-06
1.99052e-05
-6.8703e-06
1.88308e-05
-1.01212e-05
1.70832e-05
-1.37917e-05
1.44165e-05
-1.81325e-05
1.05772e-05
-2.37807e-05
5.66855e-06
-3.2908e-05
-4.9946e-05
2.93677e-05
4.41546e-06
3.01029e-05
2.66593e-06
3.05781e-05
6.95383e-07
3.07827e-05
-1.46877e-06
3.06741e-05
-3.82256e-06
3.01684e-05
-6.36459e-06
2.9101e-05
-9.05381e-06
2.72154e-05
-1.19062e-05
2.41005e-05
-1.50176e-05
1.9251e-05
-1.89312e-05
1.18535e-05
-2.55104e-05
-3.80926e-05
3.99562e-05
3.50013e-06
4.06588e-05
1.96332e-06
4.11732e-05
1.81035e-07
4.14866e-05
-1.78217e-06
4.15469e-05
-3.88293e-06
4.12566e-05
-6.07422e-06
4.04237e-05
-8.22092e-06
3.87481e-05
-1.02307e-05
3.5683e-05
-1.19525e-05
3.04887e-05
-1.37369e-05
2.06387e-05
-1.56605e-05
-1.74539e-05
5.1423e-05
2.88813e-06
5.19621e-05
1.42423e-06
5.24544e-05
-3.11237e-07
5.28783e-05
-2.20607e-06
5.31666e-05
-4.17126e-06
5.321e-05
-6.11766e-06
5.28146e-05
-7.82553e-06
5.171e-05
-9.12603e-06
4.93733e-05
-9.61579e-06
4.48715e-05
-9.23515e-06
3.45527e-05
-5.3416e-06
1.70987e-05
5.11149e-06
-5.11141e-06
8.71648e-06
-3.60496e-06
1.14332e-05
-2.71671e-06
1.29337e-05
-1.50033e-06
1.31081e-05
-1.74454e-07
1.16749e-05
1.43338e-06
7.59082e-06
4.08398e-06
1.51068e-06
6.08023e-06
-1.09178e-05
1.24283e-05
-2.54157e-05
1.4498e-05
-3.65198e-05
1.1104e-05
8.58479e-06
-4.51046e-05
1.57266e-06
-6.68398e-06
3.95639e-06
-5.98868e-06
4.26076e-06
-3.02093e-06
2.68587e-06
7.45796e-08
-1.05068e-06
3.56224e-06
-8.35698e-06
8.73971e-06
-1.96243e-05
1.53513e-05
-3.18321e-05
1.82881e-05
-3.8118e-05
1.87142e-05
-4.062e-05
1.7e-05
-4.29898e-05
1.34737e-05
1.05786e-05
-4.49836e-05
1.36614e-06
-8.05e-06
1.20061e-06
-5.82306e-06
-8.401e-07
-9.80151e-07
-5.63442e-06
4.86898e-06
-1.40021e-05
1.19299e-05
-2.36094e-05
1.83471e-05
-2.96923e-05
2.14341e-05
-3.29016e-05
2.14974e-05
-3.42465e-05
2.0059e-05
-3.47097e-05
1.74632e-05
-3.54077e-05
1.41717e-05
1.1228e-05
-3.60572e-05
-1.58601e-06
-6.46384e-06
-4.3929e-06
-3.01606e-06
-8.9361e-06
3.56315e-06
-1.53304e-05
1.12634e-05
-2.15493e-05
1.81487e-05
-2.542e-05
2.22178e-05
-2.70025e-05
2.30166e-05
-2.74169e-05
2.19118e-05
-2.73525e-05
1.99946e-05
-2.71842e-05
1.72948e-05
-2.72279e-05
1.42154e-05
1.12703e-05
-2.72702e-05
-3.57663e-06
-2.88697e-06
-8.42405e-06
1.83157e-06
-1.34921e-05
8.63133e-06
-1.79389e-05
1.57102e-05
-2.06199e-05
2.08299e-05
-2.12741e-05
2.2872e-05
-2.08843e-05
2.26268e-05
-2.01565e-05
2.11839e-05
-1.92499e-05
1.9088e-05
-1.8496e-05
1.65408e-05
-1.80223e-05
1.37417e-05
1.09356e-05
-1.76876e-05
-4.85887e-06
1.97254e-06
-9.85326e-06
6.82626e-06
-1.37744e-05
1.25526e-05
-1.58959e-05
1.7832e-05
-1.61135e-05
2.10474e-05
-1.51272e-05
2.18858e-05
-1.3703e-05
2.12025e-05
-1.22276e-05
1.97086e-05
-1.088e-05
1.77403e-05
-9.78711e-06
1.54479e-05
-8.9913e-06
1.29459e-05
1.03599e-05
-8.41563e-06
-5.31995e-06
7.29277e-06
-9.5426e-06
1.10492e-05
-1.18838e-05
1.4894e-05
-1.20814e-05
1.80298e-05
-1.069e-05
1.96562e-05
-8.6207e-06
1.98166e-05
-6.44783e-06
1.90297e-05
-4.42963e-06
1.76904e-05
-2.68493e-06
1.59956e-05
-1.27008e-06
1.4033e-05
-1.89281e-07
1.18651e-05
9.55921e-06
6.11395e-07
-5.33266e-06
1.26257e-05
-8.44616e-06
1.41628e-05
-9.1241e-06
1.55721e-05
-7.73686e-06
1.66426e-05
-5.16774e-06
1.70872e-05
-2.23076e-06
1.68797e-05
6.17676e-07
1.61813e-05
3.16905e-06
1.5139e-05
5.33869e-06
1.3826e-05
7.10365e-06
1.22681e-05
8.48257e-06
1.04861e-05
8.51595e-06
9.52582e-06
-4.71727e-06
1.7343e-05
-6.54459e-06
1.59902e-05
-5.47974e-06
1.45072e-05
-2.6951e-06
1.38581e-05
9.05938e-07
1.34862e-05
4.62404e-06
1.31616e-05
8.0805e-06
1.27249e-05
1.11112e-05
1.21083e-05
1.36627e-05
1.12745e-05
1.5738e-05
1.01928e-05
1.73766e-05
8.8475e-06
7.25791e-06
1.86346e-05
-4.06616e-06
2.14092e-05
-3.1178e-06
1.50418e-05
4.43829e-07
1.09457e-05
4.72277e-06
9.57911e-06
9.20461e-06
9.00435e-06
1.34505e-05
8.91574e-06
1.72262e-05
8.94914e-06
2.04539e-05
8.88062e-06
2.31335e-05
8.59488e-06
2.53012e-05
8.02511e-06
2.70195e-05
7.1292e-06
5.92565e-06
2.83518e-05
6.27371e-07
2.07818e-05
6.13842e-06
9.53078e-06
1.19937e-05
5.09035e-06
1.73191e-05
4.2537e-06
2.1997e-05
4.3264e-06
2.60177e-05
4.89509e-06
2.942e-05
5.54684e-06
3.22496e-05
6.05098e-06
3.45621e-05
6.28235e-06
3.64169e-05
6.17036e-06
3.78897e-05
5.65637e-06
4.77387e-06
3.90415e-05
2.0473e-05
3.08784e-07
2.87833e-05
1.22043e-06
3.38453e-05
2.84121e-08
3.76952e-05
4.0372e-07
4.06593e-05
1.36227e-06
4.30914e-05
2.46295e-06
4.5131e-05
3.50729e-06
4.68196e-05
4.36238e-06
4.81882e-05
4.91375e-06
4.92699e-05
5.08864e-06
5.01296e-05
4.79664e-06
5.08116e-05
4.09188e-06
-5.114e-05
6.03528e-06
-5.51963e-05
4.05637e-06
-5.70891e-05
1.89268e-06
-5.7194e-05
1.04963e-07
-5.54733e-05
-1.72077e-06
-5.20348e-05
-3.43849e-06
-4.66142e-05
-5.42065e-06
-3.92489e-05
-7.36525e-06
-2.97438e-05
-9.50517e-06
-1.83379e-05
-1.14059e-05
-6.97798e-06
-1.13599e-05
-6.978e-06
-4.66616e-05
7.71324e-06
-4.74999e-05
4.89469e-06
-4.78267e-05
2.21946e-06
-4.7432e-05
-2.89751e-07
-4.63595e-05
-2.79324e-06
-4.43308e-05
-5.46725e-06
-4.13397e-05
-8.41172e-06
-3.70068e-05
-1.16982e-05
-3.11693e-05
-1.53427e-05
-2.35182e-05
-1.9057e-05
-1.31084e-05
-2.17698e-05
-2.00864e-05
-3.66217e-05
8.27774e-06
-3.70821e-05
5.35511e-06
-3.73237e-05
2.46106e-06
-3.71542e-05
-4.59332e-07
-3.64189e-05
-3.52856e-06
-3.50475e-05
-6.8386e-06
-3.29356e-05
-1.05237e-05
-2.99515e-05
-1.46823e-05
-2.60082e-05
-1.9286e-05
-2.06261e-05
-2.44391e-05
-1.27864e-05
-2.96095e-05
-3.28728e-05
-2.72999e-05
8.30735e-06
-2.72749e-05
5.33013e-06
-2.71286e-05
2.31471e-06
-2.67868e-05
-8.01124e-07
-2.61879e-05
-4.12741e-06
-2.52575e-05
-7.76898e-06
-2.3902e-05
-1.18792e-05
-2.19924e-05
-1.65919e-05
-1.93123e-05
-2.19662e-05
-1.53697e-05
-2.83817e-05
-9.40021e-06
-3.5579e-05
-4.2273e-05
-1.746e-05
8.07977e-06
-1.72947e-05
5.1648e-06
-1.71371e-05
2.1571e-06
-1.69303e-05
-1.00795e-06
-1.66296e-05
-4.42816e-06
-1.61834e-05
-8.21516e-06
-1.55324e-05
-1.25302e-05
-1.46119e-05
-1.75125e-05
-1.32166e-05
-2.33614e-05
-1.11232e-05
-3.04751e-05
-7.44015e-06
-3.92621e-05
-4.97132e-05
-8.02003e-06
7.68413e-06
-7.76345e-06
4.90822e-06
-7.60537e-06
1.999e-06
-7.51073e-06
-1.10259e-06
-7.45505e-06
-4.48387e-06
-7.41539e-06
-8.25482e-06
-7.38597e-06
-1.25596e-05
-7.32697e-06
-1.75715e-05
-7.12206e-06
-2.35664e-05
-6.58476e-06
-3.10123e-05
-4.87618e-06
-4.09707e-05
-5.45893e-05
1.17434e-06
7.12118e-06
1.53534e-06
4.5472e-06
1.72226e-06
1.81206e-06
1.75104e-06
-1.1314e-06
1.6231e-06
-4.35595e-06
1.32672e-06
-7.95847e-06
8.34998e-07
-1.20679e-05
1.31587e-07
-1.68681e-05
-7.57435e-07
-2.26774e-05
-1.70803e-06
-3.00618e-05
-2.24808e-06
-4.04307e-05
-5.68374e-05
1.02806e-05
6.36636e-06
1.07806e-05
4.04725e-06
1.10458e-05
1.54681e-06
1.10786e-05
-1.16419e-06
1.08615e-05
-4.13886e-06
1.03535e-05
-7.45055e-06
9.48169e-06
-1.11962e-05
8.15344e-06
-1.55399e-05
6.27591e-06
-2.07999e-05
3.83481e-06
-2.76207e-05
1.22161e-06
-3.78175e-05
-5.56159e-05
1.95693e-05
5.43169e-06
2.02157e-05
3.40087e-06
2.05923e-05
1.17018e-06
2.06927e-05
-1.26464e-06
2.04855e-05
-3.93166e-06
1.99057e-05
-6.87082e-06
1.88313e-05
-1.01217e-05
1.70836e-05
-1.37923e-05
1.44168e-05
-1.81331e-05
1.05774e-05
-2.37814e-05
5.66867e-06
-3.29089e-05
-4.99472e-05
2.93682e-05
4.41519e-06
3.01035e-05
2.66556e-06
3.05788e-05
6.94949e-07
3.07833e-05
-1.46924e-06
3.06747e-05
-3.82305e-06
3.0169e-05
-6.36509e-06
2.91015e-05
-9.05432e-06
2.72159e-05
-1.19067e-05
2.41009e-05
-1.50182e-05
1.92514e-05
-1.89319e-05
1.18537e-05
-2.55112e-05
-3.80937e-05
3.99569e-05
3.49979e-06
4.06595e-05
1.96291e-06
4.11739e-05
1.80583e-07
4.14873e-05
-1.78264e-06
4.15476e-05
-3.88341e-06
4.12572e-05
-6.0747e-06
4.04243e-05
-8.2214e-06
3.87487e-05
-1.02311e-05
3.56835e-05
-1.1953e-05
3.04892e-05
-1.37375e-05
2.0639e-05
-1.56611e-05
-1.74547e-05
5.14237e-05
2.88772e-06
5.19628e-05
1.42378e-06
5.24551e-05
-3.11695e-07
5.2879e-05
-2.20653e-06
5.31673e-05
-4.17172e-06
5.32107e-05
-6.11811e-06
5.28153e-05
-7.82598e-06
5.17106e-05
-9.12648e-06
4.93738e-05
-9.61627e-06
4.4872e-05
-9.23571e-06
3.45531e-05
-5.34212e-06
1.70983e-05
5.11199e-06
-5.11174e-06
8.71702e-06
-3.60486e-06
1.14339e-05
-2.71675e-06
1.29344e-05
-1.50021e-06
1.31086e-05
-1.74007e-07
1.16733e-05
1.43563e-06
7.58619e-06
4.08719e-06
1.50528e-06
6.08117e-06
-1.09271e-05
1.24323e-05
-2.54238e-05
1.44968e-05
-3.65242e-05
1.11004e-05
8.58313e-06
-4.51074e-05
1.57298e-06
-6.68451e-06
3.95608e-06
-5.9879e-06
4.2593e-06
-3.01974e-06
2.68277e-06
7.64516e-08
-1.05674e-06
3.56578e-06
-8.36677e-06
8.74578e-06
-1.96358e-05
1.53562e-05
-3.18419e-05
1.82874e-05
-3.8122e-05
1.87123e-05
-4.06213e-05
1.69961e-05
-4.29901e-05
1.34692e-05
1.05763e-05
-4.49834e-05
1.36448e-06
-8.04893e-06
1.19648e-06
-5.81981e-06
-8.47502e-07
-9.75667e-07
-5.64685e-06
4.87592e-06
-1.40181e-05
1.19371e-05
-2.36222e-05
1.83499e-05
-2.96981e-05
2.14321e-05
-3.29033e-05
2.14925e-05
-3.42447e-05
2.00537e-05
-3.4706e-05
1.74574e-05
-3.54056e-05
1.41688e-05
1.12259e-05
-3.60552e-05
-1.58916e-06
-6.45968e-06
-4.39981e-06
-3.00906e-06
-8.94672e-06
3.57133e-06
-1.53416e-05
1.12709e-05
-2.15566e-05
1.81521e-05
-2.54223e-05
2.22157e-05
-2.70017e-05
2.30116e-05
-2.74149e-05
2.19057e-05
-2.735e-05
1.99887e-05
-2.71822e-05
1.72896e-05
-2.72259e-05
1.42125e-05
1.12682e-05
-2.72683e-05
-3.57928e-06
-2.88022e-06
-8.42873e-06
1.84055e-06
-1.3497e-05
8.63969e-06
-1.79414e-05
1.57155e-05
-2.06193e-05
2.08301e-05
-2.12716e-05
2.2868e-05
-2.08813e-05
2.26213e-05
-2.01536e-05
2.11781e-05
-1.92475e-05
1.90826e-05
-1.84944e-05
1.65365e-05
-1.80208e-05
1.37389e-05
1.09336e-05
-1.76862e-05
-4.8604e-06
1.98054e-06
-9.85382e-06
6.83418e-06
-1.37732e-05
1.25593e-05
-1.58931e-05
1.78355e-05
-1.61096e-05
2.10467e-05
-1.51236e-05
2.18821e-05
-1.36999e-05
2.11977e-05
-1.22253e-05
1.97035e-05
-1.08783e-05
1.77357e-05
-9.786e-06
1.54442e-05
-8.99032e-06
1.29432e-05
1.0358e-05
-8.41475e-06
-5.31879e-06
7.29974e-06
-9.54013e-06
1.10558e-05
-1.18799e-05
1.48993e-05
-1.20767e-05
1.80325e-05
-1.06856e-05
1.96558e-05
-8.61719e-06
1.98138e-05
-6.44529e-06
1.90258e-05
-4.42794e-06
1.76862e-05
-2.68393e-06
1.59917e-05
-1.26951e-06
1.40298e-05
-1.88864e-07
1.18626e-05
9.55738e-06
6.11756e-07
-5.3306e-06
1.26305e-05
-8.44241e-06
1.41678e-05
-9.11934e-06
1.55763e-05
-7.73185e-06
1.66452e-05
-5.16335e-06
1.70873e-05
-2.22743e-06
1.68779e-05
6.19951e-07
1.61785e-05
3.17042e-06
1.51358e-05
5.33938e-06
1.38228e-05
7.10392e-06
1.22652e-05
8.48267e-06
1.04839e-05
8.5142e-06
9.52585e-06
-4.71473e-06
1.73454e-05
-6.54067e-06
1.59938e-05
-5.475e-06
1.45107e-05
-2.69022e-06
1.38604e-05
9.10254e-07
1.34869e-05
4.62738e-06
1.31608e-05
8.08283e-06
1.27231e-05
1.11127e-05
1.21059e-05
1.36635e-05
1.1272e-05
1.57383e-05
1.01904e-05
1.73767e-05
8.84549e-06
7.25629e-06
1.86346e-05
-4.06437e-06
2.14097e-05
-3.11494e-06
1.50443e-05
4.47649e-07
1.09481e-05
4.72696e-06
9.58108e-06
9.20852e-06
9.00534e-06
1.34537e-05
8.91561e-06
1.72287e-05
8.94809e-06
2.04557e-05
8.87899e-06
2.31346e-05
8.59299e-06
2.53018e-05
8.02323e-06
2.70198e-05
7.12751e-06
5.92423e-06
2.83519e-05
6.27855e-07
2.07817e-05
6.14022e-06
9.53191e-06
1.19964e-05
5.09185e-06
1.73223e-05
4.25515e-06
2.20004e-05
4.3273e-06
2.60207e-05
4.89522e-06
2.94226e-05
5.54626e-06
3.22517e-05
6.0499e-06
3.45637e-05
6.28099e-06
3.6418e-05
6.16894e-06
3.78904e-05
5.65505e-06
4.77273e-06
3.90419e-05
2.04735e-05
3.08074e-07
2.87846e-05
1.22074e-06
3.38472e-05
2.91404e-08
3.76978e-05
4.0453e-07
4.06622e-05
1.36282e-06
4.30943e-05
2.46306e-06
4.51336e-05
3.50692e-06
4.68219e-05
4.36166e-06
4.819e-05
4.91282e-06
4.92713e-05
5.08765e-06
5.01307e-05
4.7957e-06
5.08124e-05
4.09107e-06
-5.11411e-05
6.03364e-06
-5.51964e-05
4.05532e-06
-5.70884e-05
1.89194e-06
-5.71929e-05
1.04501e-07
-5.54719e-05
-1.72102e-06
-5.20334e-05
-3.43857e-06
-4.66128e-05
-5.4206e-06
-3.92477e-05
-7.3651e-06
-2.97428e-05
-9.5049e-06
-1.83372e-05
-1.14056e-05
-6.97771e-06
-1.13595e-05
-6.97772e-06
-4.66607e-05
7.71098e-06
-4.74987e-05
4.8933e-06
-4.78253e-05
2.2185e-06
-4.74305e-05
-2.90322e-07
-4.6358e-05
-2.7935e-06
-4.43293e-05
-5.46726e-06
-4.13384e-05
-8.41154e-06
-3.70057e-05
-1.16979e-05
-3.11683e-05
-1.53422e-05
-2.35176e-05
-1.90564e-05
-1.3108e-05
-2.17691e-05
-2.00857e-05
-3.66201e-05
8.27589e-06
-3.70806e-05
5.35377e-06
-3.73222e-05
2.46015e-06
-3.71527e-05
-4.59847e-07
-3.64175e-05
-3.52873e-06
-3.50463e-05
-6.83848e-06
-3.29345e-05
-1.05233e-05
-2.99506e-05
-1.46818e-05
-2.60075e-05
-1.92853e-05
-2.06256e-05
-2.44383e-05
-1.27861e-05
-2.96086e-05
-3.28719e-05
-2.72981e-05
8.3057e-06
-2.72733e-05
5.32895e-06
-2.71271e-05
2.31398e-06
-2.67855e-05
-8.01475e-07
-2.61868e-05
-4.12744e-06
-2.52566e-05
-7.76873e-06
-2.39012e-05
-1.18787e-05
-2.19917e-05
-1.65913e-05
-1.93117e-05
-2.19653e-05
-1.53693e-05
-2.83807e-05
-9.39999e-06
-3.55779e-05
-4.22719e-05
-1.74588e-05
8.07828e-06
-1.72936e-05
5.16379e-06
-1.71361e-05
2.15649e-06
-1.69294e-05
-1.00819e-06
-1.66287e-05
-4.4281e-06
-1.61826e-05
-8.21482e-06
-1.55318e-05
-1.25296e-05
-1.46113e-05
-1.75117e-05
-1.32162e-05
-2.33605e-05
-1.1123e-05
-3.0474e-05
-7.44001e-06
-3.92609e-05
-4.97119e-05
-8.01923e-06
7.68277e-06
-7.76275e-06
4.90729e-06
-7.60472e-06
1.99847e-06
-7.51013e-06
-1.10279e-06
-7.45447e-06
-4.48376e-06
-7.41487e-06
-8.25444e-06
-7.38548e-06
-1.2559e-05
-7.32656e-06
-1.75707e-05
-7.12171e-06
-2.35653e-05
-6.58454e-06
-3.10111e-05
-4.87604e-06
-4.09694e-05
-5.45879e-05
1.17466e-06
7.11986e-06
1.53564e-06
4.54631e-06
1.72256e-06
1.81154e-06
1.75135e-06
-1.13159e-06
1.62342e-06
-4.35585e-06
1.32705e-06
-7.95809e-06
8.35317e-07
-1.20673e-05
1.31889e-07
-1.68672e-05
-7.57205e-07
-2.26762e-05
-1.70786e-06
-3.00605e-05
-2.24799e-06
-4.04293e-05
-5.68359e-05
1.02806e-05
6.36507e-06
1.07806e-05
4.04636e-06
1.10459e-05
1.54627e-06
1.10787e-05
-1.1644e-06
1.08616e-05
-4.13878e-06
1.03537e-05
-7.4502e-06
9.48188e-06
-1.11955e-05
8.15364e-06
-1.5539e-05
6.27609e-06
-2.07987e-05
3.83491e-06
-2.76193e-05
1.22167e-06
-3.7816e-05
-5.56143e-05
1.95692e-05
5.43046e-06
2.02156e-05
3.4e-06
2.05922e-05
1.16964e-06
2.06927e-05
-1.26488e-06
2.04855e-05
-3.93163e-06
1.99058e-05
-6.87051e-06
1.88314e-05
-1.01211e-05
1.70837e-05
-1.37914e-05
1.44169e-05
-1.81319e-05
1.05775e-05
-2.378e-05
5.66872e-06
-3.29074e-05
-4.99456e-05
2.93683e-05
4.41408e-06
3.01035e-05
2.66476e-06
3.05787e-05
6.94442e-07
3.07833e-05
-1.46947e-06
3.06747e-05
-3.82303e-06
3.01689e-05
-6.36481e-06
2.91015e-05
-9.05376e-06
2.7216e-05
-1.19058e-05
2.4101e-05
-1.5017e-05
1.92514e-05
-1.89304e-05
1.18537e-05
-2.55096e-05
-3.8092e-05
3.99571e-05
3.49888e-06
4.06597e-05
1.96224e-06
4.11739e-05
1.80159e-07
4.14873e-05
-1.78283e-06
4.15476e-05
-3.88337e-06
4.12572e-05
-6.07441e-06
4.04243e-05
-8.22084e-06
3.87487e-05
-1.02303e-05
3.56835e-05
-1.19519e-05
3.04892e-05
-1.37361e-05
2.0639e-05
-1.56595e-05
-1.7453e-05
5.14242e-05
2.88705e-06
5.19631e-05
1.42329e-06
5.24553e-05
-3.11992e-07
5.28791e-05
-2.20662e-06
5.31673e-05
-4.17161e-06
5.32107e-05
-6.11777e-06
5.28152e-05
-7.82538e-06
5.17106e-05
-9.12557e-06
4.93737e-05
-9.61507e-06
4.4872e-05
-9.23428e-06
3.4553e-05
-5.34053e-06
1.70999e-05
5.11184e-06
-5.11176e-06
8.71693e-06
-3.60506e-06
1.14338e-05
-2.71686e-06
1.29343e-05
-1.50033e-06
1.31086e-05
-1.74299e-07
1.16744e-05
1.43433e-06
7.58892e-06
4.08539e-06
1.50813e-06
6.08088e-06
-1.09225e-05
1.24305e-05
-2.54203e-05
1.44978e-05
-3.65229e-05
1.11025e-05
8.58416e-06
-4.51071e-05
1.57295e-06
-6.68462e-06
3.95654e-06
-5.98863e-06
4.26042e-06
-3.02059e-06
2.68476e-06
7.5355e-08
-1.05326e-06
3.56386e-06
-8.36146e-06
8.74256e-06
-1.96299e-05
1.53538e-05
-3.18373e-05
1.82883e-05
-3.81207e-05
1.87139e-05
-4.06215e-05
1.69986e-05
-4.29908e-05
1.34719e-05
1.05777e-05
-4.49844e-05
1.36547e-06
-8.04996e-06
1.19893e-06
-5.822e-06
-8.43204e-07
-9.78391e-07
-5.63972e-06
4.87195e-06
-1.4009e-05
1.19332e-05
-2.36152e-05
1.83488e-05
-2.96954e-05
2.1434e-05
-3.29031e-05
2.14959e-05
-3.42464e-05
2.00572e-05
-3.47088e-05
1.74609e-05
-3.54076e-05
1.41707e-05
1.12272e-05
-3.60571e-05
-1.58734e-06
-6.46247e-06
-4.39577e-06
-3.01346e-06
-8.94048e-06
3.56642e-06
-1.53351e-05
1.12667e-05
-2.15526e-05
1.81506e-05
-2.54215e-05
2.22177e-05
-2.70028e-05
2.30153e-05
-2.74167e-05
2.19098e-05
-2.73521e-05
1.99925e-05
-2.7184e-05
1.72929e-05
-2.72278e-05
1.42144e-05
1.12695e-05
-2.72701e-05
-3.57774e-06
-2.88449e-06
-8.42597e-06
1.83498e-06
-1.34941e-05
8.63475e-06
-1.79402e-05
1.57127e-05
-2.06201e-05
2.08307e-05
-2.12736e-05
2.28712e-05
-2.08835e-05
2.26252e-05
-2.01558e-05
2.1182e-05
-1.92494e-05
1.90861e-05
-1.84958e-05
1.65393e-05
-1.80222e-05
1.37407e-05
1.09348e-05
-1.76875e-05
-4.8595e-06
1.97563e-06
-9.8536e-06
6.82937e-06
-1.37742e-05
1.25555e-05
-1.58951e-05
1.7834e-05
-1.61124e-05
2.10479e-05
-1.51261e-05
2.18851e-05
-1.37021e-05
2.12011e-05
-1.2227e-05
1.9707e-05
-1.08797e-05
1.77387e-05
-9.787e-06
1.54466e-05
-8.99124e-06
1.29449e-05
1.03592e-05
-8.4156e-06
-5.31959e-06
7.29549e-06
-9.54186e-06
1.10519e-05
-1.18826e-05
1.48964e-05
-1.20799e-05
1.80314e-05
-1.06886e-05
1.96567e-05
-8.61951e-06
1.98161e-05
-6.44697e-06
1.90287e-05
-4.4291e-06
1.76891e-05
-2.68467e-06
1.59943e-05
-1.27e-06
1.40319e-05
-1.89248e-07
1.18642e-05
9.55849e-06
6.11412e-07
-5.33197e-06
1.26277e-05
-8.44497e-06
1.4165e-05
-9.12254e-06
1.55742e-05
-7.73513e-06
1.66441e-05
-5.16615e-06
1.70878e-05
-2.22949e-06
1.68795e-05
6.18578e-07
1.61806e-05
3.16962e-06
1.51381e-05
5.339e-06
1.38249e-05
7.10381e-06
1.22671e-05
8.48266e-06
1.04853e-05
8.51524e-06
9.5259e-06
-4.71648e-06
1.73442e-05
-6.54331e-06
1.59919e-05
-5.47812e-06
1.45089e-05
-2.69334e-06
1.38594e-05
9.07584e-07
1.34869e-05
4.62539e-06
1.31617e-05
8.08152e-06
1.27245e-05
1.11119e-05
1.21077e-05
1.36632e-05
1.12737e-05
1.57383e-05
1.0192e-05
1.73768e-05
8.84675e-06
7.25723e-06
1.86348e-05
-4.06559e-06
2.14099e-05
-3.11684e-06
1.50431e-05
4.45183e-07
1.0947e-05
4.72432e-06
9.58023e-06
9.20613e-06
9.00511e-06
1.34518e-05
8.91604e-06
1.72273e-05
8.94903e-06
2.04548e-05
8.88022e-06
2.31342e-05
8.5943e-06
2.53017e-05
8.02445e-06
2.70199e-05
7.12855e-06
5.92503e-06
2.83521e-05
6.27548e-07
2.07823e-05
6.13906e-06
9.53164e-06
1.19947e-05
5.09131e-06
1.73203e-05
4.25463e-06
2.19982e-05
4.32711e-06
2.60188e-05
4.89547e-06
2.9421e-05
5.54688e-06
3.22504e-05
6.05075e-06
3.45628e-05
6.28193e-06
3.64174e-05
6.16983e-06
3.78902e-05
5.65581e-06
4.7733e-06
3.90419e-05
2.04731e-05
3.09187e-07
2.87836e-05
1.22109e-06
3.38457e-05
2.9172e-08
3.76958e-05
4.04473e-07
4.06601e-05
1.36288e-06
4.30922e-05
2.46333e-06
4.51317e-05
3.5074e-06
4.68202e-05
4.36225e-06
4.81887e-05
4.91343e-06
4.92703e-05
5.08819e-06
5.013e-05
4.79613e-06
5.08119e-05
4.09134e-06
-5.11417e-05
6.03458e-06
-5.51977e-05
4.05589e-06
-5.709e-05
1.8923e-06
-5.71947e-05
1.04684e-07
-5.54737e-05
-1.72098e-06
-5.20351e-05
-3.43863e-06
-4.66144e-05
-5.42074e-06
-3.92491e-05
-7.3653e-06
-2.9744e-05
-9.50517e-06
-1.83381e-05
-1.14059e-05
-6.9782e-06
-1.13599e-05
-6.97822e-06
-4.66622e-05
7.71228e-06
-4.75003e-05
4.89405e-06
-4.7827e-05
2.21896e-06
-4.74322e-05
-2.90125e-07
-4.63597e-05
-2.79351e-06
-4.43309e-05
-5.46744e-06
-4.13398e-05
-8.41185e-06
-3.70068e-05
-1.16983e-05
-3.11693e-05
-1.53428e-05
-2.35182e-05
-1.9057e-05
-1.31083e-05
-2.17698e-05
-2.00866e-05
-3.66218e-05
8.27697e-06
-3.70823e-05
5.35448e-06
-3.73239e-05
2.46055e-06
-3.71543e-05
-4.59732e-07
-3.64189e-05
-3.52886e-06
-3.50476e-05
-6.83882e-06
-3.29356e-05
-1.05238e-05
-2.99515e-05
-1.46824e-05
-2.60082e-05
-1.92861e-05
-2.0626e-05
-2.44392e-05
-1.27863e-05
-2.96095e-05
-3.28729e-05
-2.72998e-05
8.30665e-06
-2.72749e-05
5.32955e-06
-2.71286e-05
2.31424e-06
-2.67868e-05
-8.01495e-07
-2.6188e-05
-4.12771e-06
-2.52576e-05
-7.76921e-06
-2.3902e-05
-1.18794e-05
-2.19924e-05
-1.6592e-05
-1.93122e-05
-2.19662e-05
-1.53697e-05
-2.83817e-05
-9.4002e-06
-3.5579e-05
-4.22731e-05
-1.746e-05
8.07913e-06
-1.72947e-05
5.16426e-06
-1.71372e-05
2.15666e-06
-1.69304e-05
-1.00832e-06
-1.66296e-05
-4.42846e-06
-1.61834e-05
-8.21541e-06
-1.55324e-05
-1.25304e-05
-1.46118e-05
-1.75126e-05
-1.32165e-05
-2.33615e-05
-1.11232e-05
-3.04751e-05
-7.44008e-06
-3.92621e-05
-4.97132e-05
-8.02002e-06
7.68352e-06
-7.76346e-06
4.90771e-06
-7.6054e-06
1.99856e-06
-7.51074e-06
-1.10296e-06
-7.45505e-06
-4.48419e-06
-7.41537e-06
-8.25508e-06
-7.38593e-06
-1.25599e-05
-7.3269e-06
-1.75717e-05
-7.12199e-06
-2.35665e-05
-6.58468e-06
-3.10124e-05
-4.87612e-06
-4.09707e-05
-5.45893e-05
1.17435e-06
7.12058e-06
1.53535e-06
4.54669e-06
1.72228e-06
1.81162e-06
1.75107e-06
-1.13178e-06
1.62316e-06
-4.35629e-06
1.32681e-06
-7.95876e-06
8.3511e-07
-1.20682e-05
1.31715e-07
-1.68683e-05
-7.573e-07
-2.26775e-05
-1.70791e-06
-3.00618e-05
-2.24797e-06
-4.04306e-05
-5.68373e-05
1.02807e-05
6.36576e-06
1.07806e-05
4.04673e-06
1.10459e-05
1.54635e-06
1.10787e-05
-1.16459e-06
1.08616e-05
-4.13922e-06
1.03537e-05
-7.45087e-06
9.48188e-06
-1.11964e-05
8.15364e-06
-1.55401e-05
6.2761e-06
-2.08e-05
3.83497e-06
-2.76207e-05
1.22172e-06
-3.78174e-05
-5.56156e-05
1.95695e-05
5.4311e-06
2.02159e-05
3.40035e-06
2.05925e-05
1.16972e-06
2.06929e-05
-1.26506e-06
2.04857e-05
-3.93205e-06
1.9906e-05
-6.87116e-06
1.88315e-05
-1.0122e-05
1.70838e-05
-1.37925e-05
1.4417e-05
-1.81332e-05
1.05776e-05
-2.37813e-05
5.66882e-06
-3.29087e-05
-4.99468e-05
2.93685e-05
4.41462e-06
3.01038e-05
2.66505e-06
3.05791e-05
6.94484e-07
3.07836e-05
-1.46967e-06
3.0675e-05
-3.82345e-06
3.01693e-05
-6.36543e-06
2.91018e-05
-9.0546e-06
2.72162e-05
-1.19069e-05
2.41012e-05
-1.50182e-05
1.92516e-05
-1.89318e-05
1.18538e-05
-2.55109e-05
-3.8093e-05
3.99573e-05
3.49925e-06
4.06599e-05
1.96241e-06
4.11743e-05
1.80113e-07
4.14877e-05
-1.78308e-06
4.1548e-05
-3.88381e-06
4.12576e-05
-6.07504e-06
4.04247e-05
-8.22166e-06
3.8749e-05
-1.02313e-05
3.56838e-05
-1.1953e-05
3.04894e-05
-1.37373e-05
2.06391e-05
-1.56607e-05
-1.7454e-05
5.1424e-05
2.88718e-06
5.19632e-05
1.42326e-06
5.24555e-05
-3.1219e-07
5.28794e-05
-2.20699e-06
5.31677e-05
-4.17213e-06
5.32111e-05
-6.11844e-06
5.28156e-05
-7.8262e-06
5.17109e-05
-9.12655e-06
4.9374e-05
-9.61617e-06
4.48722e-05
-9.23547e-06
3.45531e-05
-5.34165e-06
1.7099e-05
6.55539e-05
4.03607e-06
-6.92815e-05
6.49131e-05
1.861e-06
6.36145e-05
1.32669e-06
6.28997e-05
1.11822e-06
6.26795e-05
1.58212e-06
6.27486e-05
2.39366e-06
6.29357e-05
3.31992e-06
6.31222e-05
4.17571e-06
6.3246e-05
4.78991e-06
6.32926e-05
5.04222e-06
6.33141e-05
4.77534e-06
4.05873e-06
6.33476e-05
8.40523e-05
3.1291e-06
-8.31454e-05
8.375e-05
2.16325e-06
8.31113e-05
1.96535e-06
8.22748e-05
1.95467e-06
8.14475e-05
2.40938e-06
8.06461e-05
3.19503e-06
7.98409e-05
4.12516e-06
7.90034e-05
5.01312e-06
7.81351e-05
5.65827e-06
7.7276e-05
5.90128e-06
7.6531e-05
5.52033e-06
4.59695e-06
7.59928e-05
9.69691e-05
2.09433e-06
-9.59343e-05
9.73113e-05
1.82098e-06
9.72791e-05
1.99744e-06
9.68756e-05
2.35816e-06
9.61858e-05
3.09911e-06
9.52495e-05
4.13137e-06
9.40955e-05
5.27913e-06
9.27699e-05
6.3387e-06
9.13545e-05
7.07364e-06
8.9984e-05
7.27178e-06
8.88468e-05
6.65753e-06
5.27283e-06
8.81709e-05
0.000108735
-0.000108092
1.45081e-06
0.000109027
1.52951e-06
0.000108981
2.04347e-06
0.000108555
2.78382e-06
0.000107761
3.89263e-06
0.000106639
5.25385e-06
0.000105252
6.66659e-06
0.000103705
7.88493e-06
0.000102159
8.62031e-06
0.000100844
8.58589e-06
0.000100033
7.4694e-06
0.000100164
5.14123e-06
6.3558e-05
2.6778e-06
6.38953e-05
1.08693e-06
6.43823e-05
-7.98288e-07
6.49685e-05
-2.79218e-06
6.55556e-05
-4.75836e-06
6.60082e-05
-6.57033e-06
6.61482e-05
-7.96544e-06
6.57733e-05
-8.75118e-06
6.46637e-05
-8.5061e-06
6.25727e-05
-7.14416e-06
6.09454e-05
-3.71436e-06
8.7633e-06
6.92809e-05
7.59504e-05
2.72018e-06
7.62563e-05
7.81094e-07
7.6909e-05
-1.45101e-06
7.77929e-05
-3.67604e-06
7.87633e-05
-5.72874e-06
7.96391e-05
-7.44608e-06
8.02364e-05
-8.56274e-06
8.03679e-05
-8.88264e-06
7.99762e-05
-8.11443e-06
7.89559e-05
-6.12383e-06
7.86906e-05
-3.44903e-06
4.3087e-06
8.31452e-05
8.83888e-05
2.50227e-06
8.90838e-05
8.61452e-08
9.0198e-05
-2.56516e-06
9.15247e-05
-5.00275e-06
9.28798e-05
-7.08375e-06
9.40503e-05
-8.61662e-06
9.48648e-05
-9.37715e-06
9.51524e-05
-9.17027e-06
9.4936e-05
-7.89795e-06
9.42277e-05
-5.41555e-06
9.37604e-05
-2.98175e-06
2.13472e-06
9.59344e-05
0.000101537
1.12994e-06
0.000103066
-1.44323e-06
0.000104761
-4.26024e-06
0.000106403
-6.64425e-06
0.000107835
-8.51642e-06
0.000108889
-9.67004e-06
0.000109458
-9.94643e-06
0.000109454
-9.16668e-06
0.000108966
-7.41002e-06
0.000108175
-4.62431e-06
0.000107332
-2.13815e-06
0.000108092
1.37417e-06
6.55533e-05
4.03629e-06
6.49124e-05
1.86133e-06
6.36138e-05
1.32699e-06
6.2899e-05
1.11848e-06
6.26789e-05
1.58232e-06
6.27481e-05
2.39378e-06
6.29354e-05
3.31995e-06
6.31221e-05
4.17563e-06
6.32461e-05
4.78972e-06
6.32929e-05
5.04191e-06
6.33146e-05
4.77494e-06
4.05827e-06
6.33482e-05
8.40519e-05
3.12949e-06
8.37495e-05
2.16372e-06
8.31107e-05
1.96575e-06
8.22742e-05
1.95495e-06
8.1447e-05
2.40952e-06
8.06457e-05
3.19503e-06
7.98406e-05
4.12503e-06
7.90034e-05
5.01286e-06
7.81352e-05
5.6579e-06
7.72763e-05
5.90081e-06
7.65314e-05
5.5198e-06
4.59639e-06
7.59933e-05
9.69689e-05
2.09494e-06
9.7311e-05
1.82162e-06
9.72788e-05
1.9979e-06
9.68753e-05
2.35844e-06
9.61856e-05
3.0992e-06
9.52493e-05
4.13127e-06
9.40955e-05
5.27887e-06
9.277e-05
6.33831e-06
9.13547e-05
7.07314e-06
8.99843e-05
7.2712e-06
8.88472e-05
6.65691e-06
5.2722e-06
8.81714e-05
0.000108735
1.45167e-06
0.000109027
1.53025e-06
0.000108981
2.04395e-06
0.000108555
2.78406e-06
0.000107762
3.89265e-06
0.000106639
5.25367e-06
0.000105252
6.66625e-06
0.000103706
7.88446e-06
0.000102159
8.61975e-06
0.000100845
8.58525e-06
0.000100033
7.46873e-06
0.000100165
5.14059e-06
6.35586e-05
2.67732e-06
6.3896e-05
1.08646e-06
6.4383e-05
-7.9874e-07
6.49691e-05
-2.79261e-06
6.55562e-05
-4.75878e-06
6.60089e-05
-6.57074e-06
6.61487e-05
-7.96586e-06
6.57739e-05
-8.75162e-06
6.46642e-05
-8.50658e-06
6.25732e-05
-7.14471e-06
6.0946e-05
-3.71491e-06
8.76273e-06
6.92816e-05
7.5951e-05
2.71965e-06
7.62569e-05
7.80624e-07
7.69096e-05
-1.45144e-06
7.77935e-05
-3.67644e-06
7.87638e-05
-5.72912e-06
7.96396e-05
-7.44646e-06
8.02368e-05
-8.56313e-06
8.03683e-05
-8.88307e-06
7.99767e-05
-8.11491e-06
7.89564e-05
-6.12443e-06
7.86912e-05
-3.44965e-06
4.30805e-06
8.31458e-05
8.83894e-05
2.50173e-06
8.90844e-05
8.57169e-08
9.01985e-05
-2.56552e-06
9.15252e-05
-5.00308e-06
9.28801e-05
-7.08408e-06
9.40507e-05
-8.61696e-06
9.48651e-05
-9.37754e-06
9.51528e-05
-9.17072e-06
9.49363e-05
-7.89848e-06
9.42282e-05
-5.41622e-06
9.3761e-05
-2.98248e-06
2.13397e-06
9.59351e-05
0.000101537
1.12948e-06
0.000103066
-1.44356e-06
0.000104761
-4.26051e-06
0.000106403
-6.64452e-06
0.000107835
-8.51672e-06
0.000108889
-9.67038e-06
0.000109458
-9.94685e-06
0.000109455
-9.16718e-06
0.000108967
-7.41063e-06
0.000108176
-4.62508e-06
0.000107332
-2.139e-06
0.000108093
1.37332e-06
6.55539e-05
4.03566e-06
6.49134e-05
1.86123e-06
6.36153e-05
1.32721e-06
6.2901e-05
1.11876e-06
6.26813e-05
1.58248e-06
6.27506e-05
2.39372e-06
6.29379e-05
3.31962e-06
6.31244e-05
4.1751e-06
6.32481e-05
4.78909e-06
6.32945e-05
5.04128e-06
6.33158e-05
4.77436e-06
4.0578e-06
6.33491e-05
8.40526e-05
3.12883e-06
8.37504e-05
2.16341e-06
8.31119e-05
1.96564e-06
8.22757e-05
1.95488e-06
8.14488e-05
2.40938e-06
8.06477e-05
3.19476e-06
7.98427e-05
4.12462e-06
7.90053e-05
5.0124e-06
7.8137e-05
5.65746e-06
7.72778e-05
5.90045e-06
7.65326e-05
5.51953e-06
4.59623e-06
7.59942e-05
9.69696e-05
2.09424e-06
9.73118e-05
1.82117e-06
9.72798e-05
1.99762e-06
9.68764e-05
2.35818e-06
9.61869e-05
3.09887e-06
9.52508e-05
4.13086e-06
9.4097e-05
5.27841e-06
9.27714e-05
6.33789e-06
9.1356e-05
7.07286e-06
8.99854e-05
7.27109e-06
8.8848e-05
6.65693e-06
5.27231e-06
8.81719e-05
0.000108736
1.45094e-06
0.000109027
1.52976e-06
0.000108981
2.04359e-06
0.000108556
2.78371e-06
0.000107762
3.89224e-06
0.00010664
5.2532e-06
0.000105253
6.6658e-06
0.000103706
7.88416e-06
0.00010216
8.61969e-06
0.000100845
8.58542e-06
0.000100033
7.46904e-06
0.000100165
5.14087e-06
6.35593e-05
2.67692e-06
6.38964e-05
1.08617e-06
6.43833e-05
-7.98895e-07
6.49693e-05
-2.7926e-06
6.55563e-05
-4.75858e-06
6.60089e-05
-6.57031e-06
6.61487e-05
-7.96517e-06
6.57737e-05
-8.7506e-06
6.46639e-05
-8.50526e-06
6.25729e-05
-7.14323e-06
6.09456e-05
-3.71329e-06
8.76445e-06
6.92812e-05
7.59517e-05
2.71948e-06
7.62573e-05
7.80493e-07
7.69099e-05
-1.45147e-06
7.77937e-05
-3.67632e-06
7.87639e-05
-5.7288e-06
7.96395e-05
-7.4459e-06
8.02366e-05
-8.56227e-06
8.03679e-05
-8.88188e-06
7.99761e-05
-8.11343e-06
7.89557e-05
-6.12282e-06
7.86904e-05
-3.44795e-06
4.30979e-06
8.3145e-05
8.83897e-05
2.5017e-06
8.90846e-05
8.56663e-08
9.01986e-05
-2.56547e-06
9.15252e-05
-5.00286e-06
9.288e-05
-7.08361e-06
9.40503e-05
-8.61621e-06
9.48645e-05
-9.37644e-06
9.51519e-05
-9.16929e-06
9.49353e-05
-7.89678e-06
9.4227e-05
-5.41446e-06
9.37597e-05
-2.98071e-06
2.13572e-06
9.59338e-05
0.000101537
1.12942e-06
0.000103066
-1.44359e-06
0.000104761
-4.26038e-06
0.000106402
-6.64414e-06
0.000107835
-8.51604e-06
0.000108888
-9.66938e-06
0.000109457
-9.94549e-06
0.000109453
-9.16552e-06
0.000108965
-7.40877e-06
0.000108174
-4.62321e-06
0.000107331
-2.13721e-06
0.000108091
1.37504e-06
6.55533e-05
4.03703e-06
6.49123e-05
1.86209e-06
6.36136e-05
1.32773e-06
6.28989e-05
1.11914e-06
6.2679e-05
1.58283e-06
6.27482e-05
2.3941e-06
6.29355e-05
3.32005e-06
6.31222e-05
4.17551e-06
6.32462e-05
4.78942e-06
6.3293e-05
5.04147e-06
6.33147e-05
4.77441e-06
4.05768e-06
6.33484e-05
8.40517e-05
3.13038e-06
8.37491e-05
2.16459e-06
8.31103e-05
1.96656e-06
8.22738e-05
1.95564e-06
8.14465e-05
2.41004e-06
8.06452e-05
3.19535e-06
7.98402e-05
4.12511e-06
7.90029e-05
5.01271e-06
7.81348e-05
5.65754e-06
7.7276e-05
5.90028e-06
7.65313e-05
5.51915e-06
4.59566e-06
7.59933e-05
9.69683e-05
2.09585e-06
9.73104e-05
1.82253e-06
9.72781e-05
1.99876e-06
9.68745e-05
2.35919e-06
9.61848e-05
3.09977e-06
9.52485e-05
4.13162e-06
9.40946e-05
5.27895e-06
9.27692e-05
6.3381e-06
9.13541e-05
7.07267e-06
8.99838e-05
7.27051e-06
8.88469e-05
6.65606e-06
5.27124e-06
8.81713e-05
0.000108735
1.45254e-06
0.000109026
1.53116e-06
0.00010898
2.04482e-06
0.000108554
2.78482e-06
0.000107761
3.89323e-06
0.000106638
5.25399e-06
0.000105251
6.66626e-06
0.000103705
7.88412e-06
0.000102158
8.61909e-06
0.000100845
8.58433e-06
0.000100033
7.46764e-06
0.000100165
5.13943e-06
6.35589e-05
2.67671e-06
6.38963e-05
1.08587e-06
6.43834e-05
-7.99298e-07
6.49695e-05
-2.79311e-06
6.55566e-05
-4.75919e-06
6.60092e-05
-6.57104e-06
6.6149e-05
-7.966e-06
6.57741e-05
-8.75156e-06
6.46642e-05
-8.50633e-06
6.25731e-05
-7.14433e-06
6.09458e-05
-3.71437e-06
8.76343e-06
7.59512e-05
2.71889e-06
7.62572e-05
7.79905e-07
7.691e-05
-1.45209e-06
7.77939e-05
-3.67697e-06
7.87642e-05
-5.72951e-06
7.96398e-05
-7.44667e-06
8.0237e-05
-8.56313e-06
8.03683e-05
-8.88285e-06
7.99764e-05
-8.11446e-06
7.8956e-05
-6.12388e-06
7.86907e-05
-3.449e-06
4.3087e-06
8.83895e-05
2.50076e-06
8.90846e-05
8.48688e-08
9.01988e-05
-2.56622e-06
9.15255e-05
-5.00359e-06
9.28803e-05
-7.08437e-06
9.40507e-05
-8.61702e-06
9.48649e-05
-9.37734e-06
9.51524e-05
-9.17027e-06
9.49358e-05
-7.89782e-06
9.42274e-05
-5.41548e-06
9.37601e-05
-2.98173e-06
2.13452e-06
0.000101537
1.1284e-06
0.000103067
-1.44442e-06
0.000104762
-4.26113e-06
0.000106403
-6.64488e-06
0.000107835
-8.51682e-06
0.000108888
-9.67021e-06
0.000109458
-9.94641e-06
0.000109454
-9.16652e-06
0.000108966
-7.40979e-06
0.000108175
-4.62421e-06
0.000107331
-2.13824e-06
1.37368e-06
-4.02204e-05
1.32904e-06
4.03421e-05
-4.05771e-05
1.88617e-06
-4.13242e-05
2.79048e-06
-4.24646e-05
3.92414e-06
-4.39132e-05
5.3412e-06
-4.55264e-05
6.86703e-06
-4.71157e-05
8.2558e-06
-4.84478e-05
9.21706e-06
-4.92617e-05
9.43412e-06
-4.92906e-05
8.61484e-06
-4.83161e-05
6.49486e-06
2.98505e-06
-4.616e-05
-3.58783e-05
1.71303e-06
3.54943e-05
-3.67012e-05
2.70896e-06
-3.78861e-05
3.97539e-06
-3.93886e-05
5.42654e-06
-4.10638e-05
7.01638e-06
-4.27113e-05
8.51454e-06
-4.40906e-05
9.63508e-06
-4.494e-05
1.00665e-05
-4.50296e-05
9.52368e-06
-4.4217e-05
7.80226e-06
-4.24473e-05
4.72502e-06
2.09196e-07
-3.96713e-05
-3.17457e-05
2.40166e-06
3.10571e-05
-3.28067e-05
3.76993e-06
-3.41654e-05
5.33398e-06
-3.57397e-05
7.00079e-06
-3.73587e-05
8.6353e-06
-3.88009e-05
9.95676e-06
-3.98183e-05
1.06524e-05
-4.01747e-05
1.04229e-05
-3.97092e-05
9.05817e-06
-3.8418e-05
6.51097e-06
-3.64605e-05
2.76756e-06
-2.39422e-06
-3.38572e-05
-2.76789e-05
2.68763e-05
3.20418e-06
-2.87735e-05
4.86454e-06
-3.00851e-05
6.64557e-06
-3.1511e-05
8.42667e-06
-3.28748e-05
9.99904e-06
-3.39548e-05
1.10368e-05
-3.45064e-05
1.12041e-05
-3.43033e-05
1.02197e-05
-3.32003e-05
7.95519e-06
-3.12539e-05
4.56454e-06
-2.88004e-05
3.14006e-07
-2.7968e-05
-3.22653e-06
-4.31059e-05
-1.92406e-06
-4.11716e-05
-3.3775e-06
-3.95719e-05
-5.85994e-06
-3.83592e-05
-7.85688e-06
-3.76201e-05
-9.25546e-06
-3.73943e-05
-9.89581e-06
-3.76707e-05
-9.67001e-06
-3.83552e-05
-8.48222e-06
-3.92875e-05
-6.4777e-06
-4.01073e-05
-3.80449e-06
-4.0731e-05
-1.51449e-06
9.85147e-07
-4.0342e-05
-3.58576e-05
-5.73778e-06
-3.39749e-05
-5.26018e-06
-3.27549e-05
-7.07997e-06
-3.19762e-05
-8.63554e-06
-3.1689e-05
-9.5427e-06
-3.18748e-05
-9.71003e-06
-3.24656e-05
-9.07913e-06
-3.33169e-05
-7.63099e-06
-3.42426e-05
-5.55193e-06
-3.49673e-05
-3.07983e-06
-3.54743e-05
-1.00745e-06
1.00493e-06
-3.54941e-05
-2.9526e-05
-1.00689e-05
-2.80034e-05
-6.78282e-06
-2.72644e-05
-7.81893e-06
-2.68776e-05
-9.02237e-06
-2.68816e-05
-9.53867e-06
-2.72577e-05
-9.3339e-06
-2.79309e-05
-8.40596e-06
-2.87613e-05
-6.80058e-06
-2.95888e-05
-4.72442e-06
-3.02336e-05
-2.43499e-06
-3.07375e-05
-5.03581e-07
1.32421e-06
-3.10568e-05
-2.31372e-05
-1.48996e-05
-2.25673e-05
-7.3527e-06
-2.24838e-05
-7.90251e-06
-2.24969e-05
-9.00921e-06
-2.27137e-05
-9.32193e-06
-2.31737e-05
-8.87393e-06
-2.38308e-05
-7.74881e-06
-2.45774e-05
-6.05398e-06
-2.52945e-05
-4.00732e-06
-2.5876e-05
-1.85348e-06
-2.63914e-05
1.17965e-08
-2.6876e-05
1.80878e-06
-4.02203e-05
1.33004e-06
-4.0577e-05
1.88686e-06
-4.13239e-05
2.79087e-06
-4.24642e-05
3.92428e-06
-4.39127e-05
5.34115e-06
-4.55259e-05
6.86681e-06
-4.71152e-05
8.25545e-06
-4.84473e-05
9.2166e-06
-4.92612e-05
9.43357e-06
-4.92902e-05
8.61423e-06
-4.83157e-05
6.49425e-06
2.98454e-06
-4.61598e-05
-3.58781e-05
1.71405e-06
-3.67008e-05
2.7095e-06
-3.78856e-05
3.97564e-06
-3.93879e-05
5.42658e-06
-4.10631e-05
7.01628e-06
-4.27107e-05
8.51432e-06
-4.409e-05
9.63478e-06
-4.49395e-05
1.00661e-05
-4.50292e-05
9.52322e-06
-4.42167e-05
7.80173e-06
-4.2447e-05
4.72448e-06
2.08806e-07
-3.96712e-05
-3.17454e-05
2.40265e-06
-3.28062e-05
3.77031e-06
-3.41647e-05
5.3341e-06
-3.57389e-05
7.00076e-06
-3.73579e-05
8.6352e-06
-3.88002e-05
9.95662e-06
-3.98177e-05
1.06523e-05
-4.01743e-05
1.04226e-05
-3.9709e-05
9.05783e-06
-3.84178e-05
6.51051e-06
-3.64604e-05
2.76705e-06
-2.39458e-06
-3.38571e-05
-2.76785e-05
3.20509e-06
-2.87729e-05
4.86475e-06
-3.00844e-05
6.64555e-06
-3.15102e-05
8.42659e-06
-3.2874e-05
9.99897e-06
-3.39542e-05
1.10367e-05
-3.45059e-05
1.1204e-05
-3.4303e-05
1.02196e-05
-3.32001e-05
7.95499e-06
-3.12538e-05
4.56415e-06
-2.88003e-05
3.13474e-07
-2.79678e-05
-3.22702e-06
-4.31058e-05
-1.92433e-06
-4.11716e-05
-3.37775e-06
-3.95718e-05
-5.86019e-06
-3.83591e-05
-7.85719e-06
-3.762e-05
-9.25583e-06
-3.73941e-05
-9.89626e-06
-3.76704e-05
-9.67053e-06
-3.83547e-05
-8.48284e-06
-3.92869e-05
-6.47841e-06
-4.01067e-05
-3.80532e-06
-4.07303e-05
-1.51538e-06
9.84305e-07
-4.03413e-05
-3.58576e-05
-5.73788e-06
-3.39749e-05
-5.26038e-06
-3.27549e-05
-7.08026e-06
-3.19761e-05
-8.63593e-06
-3.16888e-05
-9.54319e-06
-3.18744e-05
-9.7106e-06
-3.24652e-05
-9.07977e-06
-3.33163e-05
-7.6317e-06
-3.4242e-05
-5.55271e-06
-3.49666e-05
-3.08067e-06
-3.54737e-05
-1.0083e-06
1.00415e-06
-3.54936e-05
-2.9526e-05
-1.00688e-05
-2.80034e-05
-6.783e-06
-2.72644e-05
-7.81928e-06
-2.68774e-05
-9.02287e-06
-2.68813e-05
-9.53928e-06
-2.72573e-05
-9.33459e-06
-2.79304e-05
-8.4067e-06
-2.87607e-05
-6.80135e-06
-2.95882e-05
-4.72521e-06
-3.02331e-05
-2.4358e-06
-3.0737e-05
-5.04364e-07
1.32352e-06
-3.10564e-05
-2.31372e-05
-1.48994e-05
-2.25673e-05
-7.3529e-06
-2.24837e-05
-7.90293e-06
-2.24968e-05
-9.0098e-06
-2.27134e-05
-9.32265e-06
-2.31733e-05
-8.87472e-06
-2.38304e-05
-7.74961e-06
-2.45769e-05
-6.05478e-06
-2.5294e-05
-4.0081e-06
-2.58756e-05
-1.85423e-06
-2.63911e-05
1.11152e-08
-2.68758e-05
1.80821e-06
-4.02197e-05
1.32933e-06
-4.05764e-05
1.88635e-06
-4.13233e-05
2.79048e-06
-4.24636e-05
3.92392e-06
-4.39122e-05
5.34078e-06
-4.55255e-05
6.86647e-06
-4.7115e-05
8.25523e-06
-4.84475e-05
9.21661e-06
-4.92617e-05
9.43387e-06
-4.9291e-05
8.61471e-06
-4.83167e-05
6.49473e-06
2.9848e-06
-4.61607e-05
-3.58777e-05
1.71342e-06
-3.67004e-05
2.70903e-06
-3.78853e-05
3.97529e-06
-3.93877e-05
5.4263e-06
-4.10631e-05
7.01608e-06
-4.27109e-05
8.51425e-06
-4.40906e-05
9.6349e-06
-4.49405e-05
1.00665e-05
-4.50305e-05
9.52386e-06
-4.42182e-05
7.80246e-06
-4.24487e-05
4.7251e-06
2.09009e-07
-3.96728e-05
-3.17451e-05
2.4021e-06
-3.28061e-05
3.76992e-06
-3.41647e-05
5.33385e-06
-3.57391e-05
7.00065e-06
-3.73583e-05
8.63524e-06
-3.88009e-05
9.95686e-06
-3.98188e-05
1.06527e-05
-4.01757e-05
1.04234e-05
-3.97107e-05
9.05877e-06
-3.84197e-05
6.51147e-06
-3.64624e-05
2.7678e-06
-2.3944e-06
-3.38591e-05
-2.76784e-05
3.20467e-06
-2.8773e-05
4.86449e-06
-3.00846e-05
6.64546e-06
-3.15107e-05
8.42667e-06
-3.28747e-05
9.99927e-06
-3.39552e-05
1.10373e-05
-3.45073e-05
1.12048e-05
-3.43046e-05
1.02207e-05
-3.32019e-05
7.95613e-06
-3.12557e-05
4.56524e-06
-2.88023e-05
3.14326e-07
-2.797e-05
-3.22657e-06
-4.31066e-05
-1.92458e-06
-4.11725e-05
-3.3777e-06
-3.95729e-05
-5.85988e-06
-3.83604e-05
-7.8566e-06
-3.76215e-05
-9.25495e-06
-3.73958e-05
-9.89508e-06
-3.76722e-05
-9.66905e-06
-3.83566e-05
-8.4811e-06
-3.92888e-05
-6.47654e-06
-4.01085e-05
-3.80349e-06
-4.07321e-05
-1.51365e-06
9.85941e-07
-4.0343e-05
-3.58589e-05
-5.7384e-06
-3.39763e-05
-5.26028e-06
-3.27564e-05
-7.07977e-06
-3.19779e-05
-8.63517e-06
-3.16907e-05
-9.54216e-06
-3.18764e-05
-9.70933e-06
-3.24672e-05
-9.07826e-06
-3.33183e-05
-7.62999e-06
-3.42439e-05
-5.55093e-06
-3.49684e-05
-3.07895e-06
-3.54754e-05
-1.00671e-06
1.00563e-06
-3.54951e-05
-2.95277e-05
-1.00698e-05
-2.8005e-05
-6.78287e-06
-2.72662e-05
-7.81863e-06
-2.68794e-05
-9.02198e-06
-2.68833e-05
-9.53818e-06
-2.72594e-05
-9.3333e-06
-2.79324e-05
-8.40522e-06
-2.87626e-05
-6.79974e-06
-2.959e-05
-4.72358e-06
-3.02347e-05
-2.43426e-06
-3.07384e-05
-5.02955e-07
1.32478e-06
-3.10576e-05
-2.31388e-05
-1.4901e-05
-2.2569e-05
-7.35268e-06
-2.24855e-05
-7.90215e-06
-2.24987e-05
-9.00883e-06
-2.27153e-05
-9.32152e-06
-2.31752e-05
-8.87345e-06
-2.38322e-05
-7.74823e-06
-2.45786e-05
-6.05332e-06
-2.52955e-05
-4.00666e-06
-2.58769e-05
-1.8529e-06
-2.63921e-05
1.22887e-08
-2.68766e-05
1.8092e-06
-4.02213e-05
1.33085e-06
-4.05779e-05
1.88768e-06
-4.13247e-05
2.79164e-06
-4.24649e-05
3.92494e-06
-4.39133e-05
5.34159e-06
-4.55263e-05
6.86696e-06
-4.71154e-05
8.25528e-06
-4.84474e-05
9.21608e-06
-4.9261e-05
9.43272e-06
-4.92899e-05
8.61317e-06
-4.83154e-05
6.4931e-06
2.98342e-06
-4.61594e-05
-3.5879e-05
1.71474e-06
-3.67015e-05
2.71016e-06
-3.78861e-05
3.97622e-06
-3.93882e-05
5.42703e-06
-4.10632e-05
7.01651e-06
-4.27105e-05
8.51426e-06
-4.40897e-05
9.63439e-06
-4.4939e-05
1.00654e-05
-4.50286e-05
9.5223e-06
-4.42161e-05
7.80068e-06
-4.24465e-05
4.72342e-06
2.07887e-07
-3.96709e-05
-3.1746e-05
2.40317e-06
-3.28066e-05
3.77075e-06
-3.41649e-05
5.33445e-06
-3.57389e-05
7.00097e-06
-3.73576e-05
8.63518e-06
-3.87997e-05
9.95632e-06
-3.9817e-05
1.06517e-05
-4.01735e-05
1.04218e-05
-3.97081e-05
9.05692e-06
-3.84171e-05
6.50958e-06
-3.64599e-05
2.76621e-06
-2.39521e-06
-3.38569e-05
-2.76788e-05
3.20543e-06
-2.87731e-05
4.86497e-06
-3.00843e-05
6.64564e-06
-3.15099e-05
8.42653e-06
-3.28734e-05
9.9987e-06
-3.39533e-05
1.10362e-05
-3.4505e-05
1.12033e-05
-3.4302e-05
1.02188e-05
-3.31992e-05
7.95415e-06
-3.1253e-05
4.56342e-06
-2.87998e-05
3.12934e-07
-2.79677e-05
-3.22728e-06
-4.31057e-05
-1.92523e-06
-4.11716e-05
-3.37837e-06
-3.95722e-05
-5.86055e-06
-3.83597e-05
-7.85729e-06
-3.76208e-05
-9.25569e-06
-3.73951e-05
-9.89588e-06
-3.76716e-05
-9.66993e-06
-3.8356e-05
-8.48206e-06
-3.92883e-05
-6.47753e-06
-4.0108e-05
-3.8045e-06
-4.07314e-05
-1.51478e-06
9.84388e-07
-3.58576e-05
-5.73849e-06
-3.39752e-05
-5.26068e-06
-3.27555e-05
-7.08031e-06
-3.1977e-05
-8.63576e-06
-3.16899e-05
-9.54281e-06
-3.18757e-05
-9.71004e-06
-3.24666e-05
-9.07905e-06
-3.33178e-05
-7.63088e-06
-3.42434e-05
-5.55188e-06
-3.49679e-05
-3.07998e-06
-3.54747e-05
-1.00792e-06
1.00396e-06
-2.95262e-05
-1.00691e-05
-2.80039e-05
-6.78296e-06
-2.72651e-05
-7.81902e-06
-2.68785e-05
-9.02244e-06
-2.68826e-05
-9.5387e-06
-2.72587e-05
-9.33388e-06
-2.79318e-05
-8.40591e-06
-2.87622e-05
-6.80055e-06
-2.95895e-05
-4.72449e-06
-3.02342e-05
-2.43529e-06
-3.07379e-05
-5.04219e-07
1.3231e-06
-2.31374e-05
-1.48994e-05
-2.25679e-05
-7.35252e-06
-2.24845e-05
-7.9024e-06
-2.24978e-05
-9.00916e-06
-2.27146e-05
-9.3219e-06
-2.31746e-05
-8.87391e-06
-2.38317e-05
-7.7488e-06
-2.45782e-05
-6.05404e-06
-2.52952e-05
-4.00751e-06
-2.58766e-05
-1.85391e-06
-2.63918e-05
1.1037e-08
1.80758e-06
-2.36414e-05
3.97246e-06
2.28731e-05
-2.46132e-05
5.83635e-06
-2.57142e-05
7.74653e-06
-2.68345e-05
9.54694e-06
-2.78021e-05
1.09666e-05
-2.83982e-05
1.16329e-05
-2.83668e-05
1.11727e-05
-2.74219e-05
9.2748e-06
-2.52366e-05
5.76982e-06
-2.13493e-05
6.77278e-07
-1.45678e-05
-6.46746e-06
-1.77943e-05
-1.96654e-05
4.60266e-06
1.90352e-05
-2.04099e-05
6.5808e-06
-2.11968e-05
8.53347e-06
-2.19195e-05
1.02696e-05
-2.24191e-05
1.14661e-05
-2.24884e-05
1.17022e-05
-2.18675e-05
1.05517e-05
-2.02325e-05
7.63978e-06
-1.71678e-05
2.70522e-06
-1.20556e-05
-4.43491e-06
-5.12903e-06
-1.3394e-05
-2.29233e-05
-1.58133e-05
5.03196e-06
1.53839e-05
-1.62734e-05
7.04088e-06
-1.66987e-05
8.9588e-06
-1.69954e-05
1.05663e-05
-1.703e-05
1.15007e-05
-1.66302e-05
1.13024e-05
-1.55781e-05
9.49972e-06
-1.3616e-05
5.67766e-06
-1.05313e-05
-3.79482e-07
-6.37922e-06
-8.58693e-06
-2.14027e-06
-1.76328e-05
-2.50635e-05
-1.21525e-05
5.23061e-06
1.19539e-05
-1.23092e-05
7.1975e-06
-1.23688e-05
9.01841e-06
-1.22594e-05
1.04569e-05
-1.18864e-05
1.11277e-05
-1.11373e-05
1.05533e-05
-9.88236e-06
8.24484e-06
-8.00637e-06
3.8017e-06
-5.5715e-06
-2.81431e-06
-2.98177e-06
-1.11766e-05
-8.75461e-07
-1.97391e-05
-2.59389e-05
-8.7435e-06
5.19241e-06
8.78169e-06
-8.60314e-06
7.05713e-06
-8.32004e-06
8.7353e-06
-7.85052e-06
9.98737e-06
-7.14868e-06
1.04259e-05
-6.17626e-06
9.58087e-06
-4.90884e-06
6.97745e-06
-3.36988e-06
2.26277e-06
-1.77236e-06
-4.4118e-06
-4.61098e-07
-1.24878e-05
3.6107e-07
-2.05612e-05
-2.55777e-05
-5.63287e-06
4.92738e-06
5.89788e-06
-5.21679e-06
6.64104e-06
-4.62633e-06
8.14484e-06
-3.84959e-06
9.21063e-06
-2.89172e-06
9.46806e-06
-1.79024e-06
8.4794e-06
-6.15906e-07
5.80313e-06
5.15693e-07
1.1312e-06
1.34232e-06
-5.23841e-06
1.65256e-06
-1.2798e-05
1.41407e-06
-2.03226e-05
-2.41636e-05
-2.85073e-06
4.45602e-06
3.32208e-06
-2.18754e-06
5.97783e-06
-1.32761e-06
7.28492e-06
-2.90994e-07
8.17402e-06
8.69736e-07
8.30737e-06
2.04925e-06
7.2999e-06
3.1028e-06
4.74964e-06
3.86549e-06
3.6852e-07
4.0573e-06
-5.43018e-06
3.55024e-06
-1.22909e-05
2.4104e-06
-1.91827e-05
-2.17531e-05
-4.09637e-07
3.80486e-06
1.06079e-06
4.69733e-07
5.09846e-06
1.56413e-06
6.19053e-06
2.82376e-06
6.91441e-06
4.15698e-06
6.97415e-06
5.40222e-06
6.0547e-06
6.35776e-06
3.7941e-06
6.83304e-06
-1.06727e-07
6.51801e-06
-5.11514e-06
5.29624e-06
-1.10692e-05
3.26779e-06
-1.71542e-05
-1.84853e-05
1.69685e-06
3.00297e-06
-8.94967e-07
2.76259e-06
4.03268e-06
4.06195e-06
4.89122e-06
5.52023e-06
5.45604e-06
7.01581e-06
5.4787e-06
8.33997e-06
4.73041e-06
9.2454e-06
2.88884e-06
9.52395e-06
-3.85355e-07
8.80195e-06
-4.39303e-06
6.92091e-06
-9.18804e-06
4.00314e-06
-1.42365e-05
-1.44821e-05
3.49997e-06
2.0791e-06
-2.57614e-06
4.72608e-06
2.80655e-06
6.20782e-06
3.40947e-06
7.85293e-06
3.81091e-06
9.51598e-06
3.81566e-06
1.09468e-05
3.29958e-06
1.18536e-05
1.98207e-06
1.20159e-05
-5.47627e-07
1.09498e-05
-3.32686e-06
8.42723e-06
-6.66538e-06
4.58152e-06
-1.03908e-05
-9.90057e-06
5.08623e-06
1.06139e-06
-4.06861e-06
6.4493e-06
1.44342e-06
8.09676e-06
1.76197e-06
9.92631e-06
1.98131e-06
1.17661e-05
1.97586e-06
1.33432e-05
1.72249e-06
1.42897e-05
1.03565e-06
1.43645e-05
-6.2238e-07
1.29361e-05
-1.8983e-06
9.77753e-06
-3.50677e-06
5.05476e-06
-5.66797e-06
-4.84583e-06
6.62051e-06
-5.55916e-06
8.06393e-06
9.82589e-06
1.18072e-05
1.37831e-05
1.55056e-05
1.65412e-05
1.59189e-05
1.40206e-05
1.05138e-05
4.84583e-06
-1.47067e-05
-1.93048e-07
-1.73736e-05
-4.6858e-06
-1.81556e-05
-7.12057e-06
-1.85872e-05
-8.57762e-06
-1.89757e-05
-8.93343e-06
-1.94705e-05
-8.37914e-06
-2.00753e-05
-7.14399e-06
-2.0723e-05
-5.40632e-06
-2.13344e-05
-3.39596e-06
-2.1852e-05
-1.3358e-06
-2.23477e-05
5.07403e-07
2.33385e-06
-2.28727e-05
-9.50813e-06
9.31502e-06
-1.30774e-05
-1.11655e-06
-1.43543e-05
-5.84367e-06
-1.5064e-05
-7.86799e-06
-1.55746e-05
-8.42288e-06
-1.60779e-05
-7.87583e-06
-1.66214e-05
-6.60051e-06
-1.71726e-05
-4.8551e-06
-1.76845e-05
-2.88413e-06
-1.81287e-05
-8.91607e-07
-1.85648e-05
9.43484e-07
2.80391e-06
-1.90348e-05
-6.53673e-06
1.58517e-05
-9.61506e-06
1.96173e-06
-1.10462e-05
-4.4126e-06
-1.18803e-05
-7.03384e-06
-1.24583e-05
-7.84493e-06
-1.29574e-05
-7.37671e-06
-1.34446e-05
-6.11333e-06
-1.39105e-05
-4.38921e-06
-1.43297e-05
-2.46499e-06
-1.46892e-05
-5.32098e-07
-1.50321e-05
1.28638e-06
3.15541e-06
-1.53836e-05
-4.3628e-06
2.02144e-05
-6.76031e-06
4.35921e-06
-8.13111e-06
-3.04183e-06
-8.98091e-06
-6.18408e-06
-9.58669e-06
-7.2392e-06
-1.00826e-05
-6.88078e-06
-1.05278e-05
-5.66821e-06
-1.0925e-05
-3.99204e-06
-1.12612e-05
-2.12874e-06
-1.15296e-05
-2.63762e-07
-1.17571e-05
1.51387e-06
3.35187e-06
-1.19535e-05
-2.54162e-06
2.27561e-05
-4.27153e-06
6.08911e-06
-5.49268e-06
-1.8207e-06
-6.30577e-06
-5.37102e-06
-6.92493e-06
-6.62007e-06
-7.4319e-06
-6.37382e-06
-7.85636e-06
-5.24377e-06
-8.20532e-06
-3.64309e-06
-8.47239e-06
-1.86168e-06
-8.65123e-06
-8.49388e-08
-8.7548e-06
1.61743e-06
3.37842e-06
-8.78136e-06
-9.00519e-07
2.36566e-05
-1.993e-06
7.18157e-06
-3.0273e-06
-7.86439e-07
-3.8006e-06
-4.59777e-06
-4.44656e-06
-5.97414e-06
-4.98618e-06
-5.83423e-06
-5.41698e-06
-4.81298e-06
-5.74162e-06
-3.31846e-06
-5.95714e-06
-1.64618e-06
-6.05589e-06
1.37992e-08
-6.0392e-06
1.60073e-06
3.2368e-06
-5.89759e-06
6.57239e-07
2.29994e-05
1.72508e-07
7.66633e-06
-6.62109e-07
4.81397e-08
-1.41771e-06
-3.84217e-06
-2.12165e-06
-5.27025e-06
-2.72639e-06
-5.2295e-06
-3.19577e-06
-4.34365e-06
-3.52326e-06
-2.99099e-06
-3.70832e-06
-1.46114e-06
-3.74227e-06
4.77424e-08
-3.61812e-06
1.47656e-06
2.94052e-06
-3.32185e-06
2.15516e-06
2.08443e-05
2.27148e-06
7.54995e-06
1.6499e-06
6.6971e-07
8.82068e-07
-3.0744e-06
7.98039e-08
-4.46802e-06
-6.31336e-07
-4.51841e-06
-1.17577e-06
-3.79923e-06
-1.53632e-06
-2.63046e-06
-1.71484e-06
-1.28263e-06
-1.70325e-06
3.6133e-08
-1.49035e-06
1.26364e-06
2.51078e-06
-1.06062e-06
3.57209e-06
1.72719e-05
4.31987e-06
6.80232e-06
3.93497e-06
1.05438e-06
3.12836e-06
-2.26765e-06
2.18825e-06
-3.52804e-06
1.32697e-06
-3.65707e-06
6.68006e-07
-3.14036e-06
2.41041e-07
-2.20346e-06
4.28799e-08
-1.08453e-06
7.85892e-08
4.48082e-10
3.57903e-07
9.84311e-07
1.97359e-06
8.95074e-07
4.96021e-06
1.23115e-05
6.30202e-06
5.46038e-06
6.202e-06
1.1543e-06
5.3551e-06
-1.42076e-06
4.25346e-06
-2.42647e-06
3.20435e-06
-2.60797e-06
2.38703e-06
-2.32308e-06
1.85227e-06
-1.66872e-06
1.60316e-06
-8.3544e-07
1.64035e-06
-3.67379e-08
1.96094e-06
6.63712e-07
1.35833e-06
2.57618e-06
6.02105e-06
6.29014e-06
8.17519e-06
3.30605e-06
8.45317e-06
8.76075e-07
7.63238e-06
-6.00007e-07
6.3947e-06
-1.18891e-06
5.14182e-06
-1.35513e-06
4.11097e-06
-1.29232e-06
3.40351e-06
-9.61296e-07
3.05636e-06
-4.88365e-07
3.06673e-06
-4.70971e-08
3.40344e-06
3.26994e-07
6.93156e-07
4.06858e-06
6.2901e-06
9.5961e-06
1.04722e-05
9.87214e-06
8.68322e-06
7.32807e-06
6.03574e-06
5.07443e-06
4.58607e-06
4.53897e-06
4.86595e-06
5.5591e-06
-2.36409e-05
3.97328e-06
-2.46126e-05
5.83643e-06
-2.57135e-05
7.74642e-06
-2.68338e-05
9.54683e-06
-2.78014e-05
1.09666e-05
-2.83976e-05
1.1633e-05
-2.83664e-05
1.11728e-05
-2.74217e-05
9.27491e-06
-2.52365e-05
5.7698e-06
-2.13494e-05
6.77017e-07
-1.4568e-05
-6.46799e-06
-1.77951e-05
-1.9665e-05
4.6034e-06
-2.04093e-05
6.58076e-06
-2.11962e-05
8.53327e-06
-2.19189e-05
1.02695e-05
-2.24185e-05
1.14662e-05
-2.24879e-05
1.17024e-05
-2.18672e-05
1.0552e-05
-2.02323e-05
7.64008e-06
-1.71679e-05
2.70538e-06
-1.20558e-05
-4.43502e-06
-5.1293e-06
-1.33945e-05
-2.29244e-05
-1.58129e-05
5.03265e-06
-1.62729e-05
7.04077e-06
-1.66982e-05
8.95856e-06
-1.69949e-05
1.05662e-05
-1.70295e-05
1.15008e-05
-1.66297e-05
1.13027e-05
-1.55779e-05
9.50017e-06
-1.36159e-05
5.67813e-06
-1.05314e-05
-3.79158e-07
-6.37943e-06
-8.58696e-06
-2.14047e-06
-1.76335e-05
-2.50648e-05
-1.21522e-05
5.23126e-06
-1.23088e-05
7.19737e-06
-1.23684e-05
9.01815e-06
-1.22589e-05
1.04568e-05
-1.1886e-05
1.11279e-05
-1.11369e-05
1.05536e-05
-9.88215e-06
8.2454e-06
-8.0063e-06
3.8023e-06
-5.57155e-06
-2.81389e-06
-2.98186e-06
-1.11766e-05
-8.75525e-07
-1.97398e-05
-2.59403e-05
-8.74316e-06
5.19305e-06
-8.60279e-06
7.057e-06
-8.31969e-06
8.73505e-06
-7.85017e-06
9.98725e-06
-7.14836e-06
1.04261e-05
-6.176e-06
9.5813e-06
-4.90866e-06
6.97808e-06
-3.36978e-06
2.26344e-06
-1.77231e-06
-4.41135e-06
-4.61041e-07
-1.24879e-05
3.61148e-07
-2.0562e-05
-2.55791e-05
-5.63257e-06
4.92802e-06
-5.21651e-06
6.64094e-06
-4.62607e-06
8.14462e-06
-3.84934e-06
9.21053e-06
-2.89149e-06
9.46823e-06
-1.79003e-06
8.47985e-06
-6.15731e-07
5.8038e-06
5.15845e-07
1.13188e-06
1.34247e-06
-5.23796e-06
1.65273e-06
-1.27981e-05
1.41424e-06
-2.03235e-05
-2.41649e-05
-2.85049e-06
4.45665e-06
-2.18732e-06
5.97776e-06
-1.32742e-06
7.28472e-06
-2.90814e-07
8.17393e-06
8.69911e-07
8.30754e-06
2.04943e-06
7.30034e-06
3.10299e-06
4.75028e-06
3.8657e-06
3.69175e-07
4.05754e-06
-5.42978e-06
3.55051e-06
-1.22911e-05
2.41063e-06
-1.91836e-05
-2.17542e-05
-4.09441e-07
3.80546e-06
4.69903e-07
5.09841e-06
1.56426e-06
6.19036e-06
2.82388e-06
6.91433e-06
4.15712e-06
6.97431e-06
5.40239e-06
6.0551e-06
6.35798e-06
3.79469e-06
6.83332e-06
-1.06142e-07
6.51834e-06
-5.1148e-06
5.29658e-06
-1.10693e-05
3.26805e-06
-1.7155e-05
-1.84862e-05
1.69702e-06
3.0035e-06
2.76274e-06
4.03269e-06
4.06205e-06
4.89107e-06
5.52032e-06
5.45598e-06
7.01591e-06
5.47882e-06
8.34014e-06
4.73075e-06
9.24564e-06
2.88933e-06
9.52429e-06
-3.84854e-07
8.80234e-06
-4.39279e-06
6.9213e-06
-9.18822e-06
4.00341e-06
-1.42372e-05
-1.44827e-05
3.50012e-06
2.07954e-06
4.72623e-06
2.80658e-06
6.20791e-06
3.40934e-06
7.85299e-06
3.81086e-06
9.51607e-06
3.81574e-06
1.0947e-05
3.29983e-06
1.18539e-05
1.98242e-06
1.20163e-05
-5.47258e-07
1.09503e-05
-3.32671e-06
8.42768e-06
-6.66555e-06
4.58179e-06
-1.03913e-05
-9.90097e-06
5.0864e-06
1.06169e-06
6.44949e-06
1.44347e-06
8.09687e-06
1.76187e-06
9.92638e-06
1.98125e-06
1.17662e-05
1.97587e-06
1.33434e-05
1.72261e-06
1.42901e-05
1.03582e-06
1.4365e-05
-6.2219e-07
1.29366e-05
-1.89826e-06
9.77802e-06
-3.50688e-06
5.055e-06
-5.66827e-06
-4.84604e-06
6.62079e-06
8.06424e-06
9.82608e-06
1.18073e-05
1.37832e-05
1.55058e-05
1.65416e-05
1.59194e-05
1.40212e-05
1.05143e-05
4.84604e-06
-1.47067e-05
-1.9279e-07
-1.73736e-05
-4.6861e-06
-1.81555e-05
-7.12107e-06
-1.8587e-05
-8.5783e-06
-1.89754e-05
-8.93423e-06
-1.94702e-05
-8.37999e-06
-2.00749e-05
-7.14484e-06
-2.07226e-05
-5.40713e-06
-2.1334e-05
-3.3967e-06
-2.18517e-05
-1.33647e-06
-2.23475e-05
5.06833e-07
2.33342e-06
-2.28727e-05
-9.50812e-06
9.31522e-06
-1.30774e-05
-1.11689e-06
-1.43542e-05
-5.84423e-06
-1.50638e-05
-7.86872e-06
-1.55744e-05
-8.42373e-06
-1.60776e-05
-7.87672e-06
-1.66211e-05
-6.60138e-06
-1.71724e-05
-4.85588e-06
-1.76843e-05
-2.88481e-06
-1.81285e-05
-8.92182e-07
-1.85647e-05
9.43033e-07
2.8036e-06
-1.90349e-05
-6.5367e-06
1.58518e-05
-9.615e-06
1.96136e-06
-1.10461e-05
-4.41319e-06
-1.18802e-05
-7.0346e-06
-1.24582e-05
-7.8458e-06
-1.29573e-05
-7.37761e-06
-1.34445e-05
-6.11418e-06
-1.39104e-05
-4.38995e-06
-1.43296e-05
-2.4656e-06
-1.46892e-05
-5.32578e-07
-1.50322e-05
1.28604e-06
3.15522e-06
-1.53839e-05
-4.36276e-06
2.02144e-05
-6.76026e-06
4.35883e-06
-8.13106e-06
-3.04243e-06
-8.98086e-06
-6.18484e-06
-9.58663e-06
-7.24005e-06
-1.00826e-05
-6.88166e-06
-1.05278e-05
-5.66904e-06
-1.0925e-05
-3.99273e-06
-1.12613e-05
-2.12928e-06
-1.15298e-05
-2.64147e-07
-1.17574e-05
1.51364e-06
3.35179e-06
-1.19539e-05
-2.5416e-06
2.27561e-05
-4.27152e-06
6.08874e-06
-5.49269e-06
-1.82127e-06
-6.3058e-06
-5.37175e-06
-6.92499e-06
-6.62089e-06
-7.432e-06
-6.37466e-06
-7.8565e-06
-5.24455e-06
-8.20552e-06
-3.64372e-06
-8.47267e-06
-1.86214e-06
-8.65159e-06
-8.52361e-08
-8.75525e-06
1.61729e-06
3.37844e-06
-8.7819e-06
-9.00521e-07
2.36565e-05
-1.99303e-06
7.18122e-06
-3.02736e-06
-7.86965e-07
-3.80072e-06
-4.59842e-06
-4.44674e-06
-5.9749e-06
-4.98641e-06
-5.83502e-06
-5.41727e-06
-4.8137e-06
-5.74198e-06
-3.31903e-06
-5.95757e-06
-1.64656e-06
-6.0564e-06
1.3582e-08
-6.03979e-06
1.60068e-06
3.23689e-06
-5.89825e-06
6.57213e-07
2.29994e-05
1.72436e-07
7.66603e-06
-6.62242e-07
4.76748e-08
-1.41792e-06
-3.84274e-06
-2.12194e-06
-5.27091e-06
-2.72676e-06
-5.23021e-06
-3.1962e-06
-4.34429e-06
-3.52376e-06
-2.99148e-06
-3.7089e-06
-1.46145e-06
-3.74293e-06
4.7595e-08
-3.61883e-06
1.47657e-06
2.94066e-06
-3.32261e-06
2.15511e-06
2.08443e-05
2.27136e-06
7.54971e-06
1.64971e-06
6.69326e-07
8.81774e-07
-3.07488e-06
7.94105e-08
-4.46858e-06
-6.31818e-07
-4.51902e-06
-1.17633e-06
-3.79979e-06
-1.53696e-06
-2.63087e-06
-1.71555e-06
-1.28287e-06
-1.70402e-06
3.60464e-08
-1.49116e-06
1.26369e-06
2.51095e-06
-1.06146e-06
3.57204e-06
1.72719e-05
4.31972e-06
6.80217e-06
3.93472e-06
1.05408e-06
3.128e-06
-2.268e-06
2.18777e-06
-3.52848e-06
1.32639e-06
-3.65756e-06
6.67337e-07
-3.14083e-06
2.40288e-07
-2.20379e-06
4.20557e-08
-1.08469e-06
7.77118e-08
4.05845e-10
3.57006e-07
9.84391e-07
1.97377e-06
8.94172e-07
4.96015e-06
1.23115e-05
6.30185e-06
5.46032e-06
6.20172e-06
1.15408e-06
5.35469e-06
-1.42097e-06
4.25292e-06
-2.42678e-06
3.20369e-06
-2.60834e-06
2.38627e-06
-2.32344e-06
1.85142e-06
-1.66896e-06
1.60223e-06
-8.35536e-07
1.63938e-06
-3.67484e-08
1.95998e-06
6.63799e-07
1.35848e-06
2.57523e-06
6.02098e-06
6.29006e-06
8.175e-06
3.30605e-06
8.45289e-06
8.75905e-07
7.63196e-06
-6.00089e-07
6.39414e-06
-1.18907e-06
5.14112e-06
-1.35533e-06
4.11013e-06
-1.29254e-06
3.40256e-06
-9.61425e-07
3.05536e-06
-4.88406e-07
3.0657e-06
-4.71012e-08
3.40244e-06
3.27059e-07
6.93235e-07
4.0676e-06
6.29001e-06
9.596e-06
1.04719e-05
9.87178e-06
8.68271e-06
7.32736e-06
6.03482e-06
5.07338e-06
4.58497e-06
4.53787e-06
4.86491e-06
5.55812e-06
-2.3641e-05
3.973e-06
-2.46129e-05
5.83631e-06
-2.5714e-05
7.7465e-06
-2.68344e-05
9.54713e-06
-2.78023e-05
1.09671e-05
-2.83988e-05
1.16338e-05
-2.83678e-05
1.11738e-05
-2.74233e-05
9.27608e-06
-2.52381e-05
5.77095e-06
-2.13508e-05
6.77926e-07
-1.45689e-05
-6.46755e-06
-1.77954e-05
-1.96652e-05
4.60325e-06
-2.04097e-05
6.5808e-06
-2.11968e-05
8.53353e-06
-2.19197e-05
1.027e-05
-2.24195e-05
1.14669e-05
-2.24891e-05
1.17034e-05
-2.18685e-05
1.05532e-05
-2.02336e-05
7.64126e-06
-1.7169e-05
2.70637e-06
-1.20565e-05
-4.43451e-06
-5.12947e-06
-1.33945e-05
-2.29248e-05
-1.58133e-05
5.03263e-06
-1.62734e-05
7.04094e-06
-1.66989e-05
8.95895e-06
-1.69957e-05
1.05668e-05
-1.70305e-05
1.15017e-05
-1.66308e-05
1.13038e-05
-1.5579e-05
9.50136e-06
-1.36169e-05
5.6792e-06
-1.05321e-05
-3.78406e-07
-6.3798e-06
-8.58677e-06
-2.14053e-06
-1.76337e-05
-2.50653e-05
-1.21527e-05
5.23135e-06
-1.23094e-05
7.19763e-06
-1.23691e-05
9.01864e-06
-1.22597e-05
1.04575e-05
-1.18869e-05
1.11288e-05
-1.11379e-05
1.05547e-05
-9.88303e-06
8.24655e-06
-8.00702e-06
3.80322e-06
-5.57203e-06
-2.81335e-06
-2.98211e-06
-1.11766e-05
-8.75609e-07
-1.97402e-05
-2.59408e-05
-8.74378e-06
5.19321e-06
-8.60349e-06
7.05733e-06
-8.32045e-06
8.73559e-06
-7.85096e-06
9.988e-06
-7.14917e-06
1.0427e-05
-6.17675e-06
9.58233e-06
-4.90933e-06
6.97915e-06
-3.37028e-06
2.26419e-06
-1.77264e-06
-4.41096e-06
-4.61234e-07
-1.2488e-05
3.61042e-07
-2.05624e-05
-2.55796e-05
-5.63329e-06
4.92824e-06
-5.21726e-06
6.6413e-06
-4.62684e-06
8.14517e-06
-3.85009e-06
9.21124e-06
-2.8922e-06
9.46917e-06
-1.79064e-06
8.48078e-06
-6.16231e-07
5.80476e-06
5.15504e-07
1.13247e-06
1.34225e-06
-5.23768e-06
1.65258e-06
-1.27983e-05
1.41415e-06
-2.03239e-05
-2.41654e-05
-2.85128e-06
4.4569e-06
-2.18811e-06
5.97813e-06
-1.32819e-06
7.28525e-06
-2.91514e-07
8.17459e-06
8.69283e-07
8.30837e-06
2.04895e-06
7.30116e-06
3.10262e-06
4.7511e-06
3.86549e-06
3.69646e-07
4.05741e-06
-5.42957e-06
3.55041e-06
-1.22912e-05
2.41056e-06
-1.9184e-05
-2.17548e-05
-4.10289e-07
3.80573e-06
4.69082e-07
5.09875e-06
1.5635e-06
6.19084e-06
2.82323e-06
6.91486e-06
4.15657e-06
6.97506e-06
5.40201e-06
6.05571e-06
6.35772e-06
3.79542e-06
6.8332e-06
-1.05835e-07
6.51828e-06
-5.11462e-06
5.29653e-06
-1.10695e-05
3.26801e-06
-1.71554e-05
-1.84867e-05
1.69612e-06
3.00373e-06
2.76191e-06
4.033e-06
4.06128e-06
4.89139e-06
5.51972e-06
5.45652e-06
7.0154e-06
5.47926e-06
8.33988e-06
4.73139e-06
9.24545e-06
2.88973e-06
9.52428e-06
-3.84518e-07
8.80236e-06
-4.39272e-06
6.9213e-06
-9.18836e-06
4.00344e-06
-1.42374e-05
-1.44833e-05
3.49921e-06
2.07972e-06
4.72538e-06
2.8068e-06
6.20717e-06
3.40956e-06
7.85243e-06
3.81125e-06
9.51564e-06
3.81603e-06
1.09468e-05
3.30029e-06
1.18538e-05
1.98268e-06
1.20164e-05
-5.47028e-07
1.09504e-05
-3.32669e-06
8.42775e-06
-6.66565e-06
4.58184e-06
-1.03915e-05
-9.90138e-06
5.08547e-06
1.06175e-06
6.44864e-06
1.44357e-06
8.09615e-06
1.76197e-06
9.92586e-06
1.98152e-06
1.17659e-05
1.97597e-06
1.33433e-05
1.72292e-06
1.429e-05
1.03592e-06
1.43652e-05
-6.22018e-07
1.29368e-05
-1.89828e-06
9.77816e-06
-3.50694e-06
5.0551e-06
-5.66836e-06
-4.84617e-06
6.61986e-06
8.06341e-06
9.82538e-06
1.18069e-05
1.37829e-05
1.55058e-05
1.65417e-05
1.59197e-05
1.40214e-05
1.05145e-05
4.84617e-06
-1.47079e-05
-1.93141e-07
-1.73752e-05
-4.6855e-06
-1.81572e-05
-7.12015e-06
-1.85888e-05
-8.57727e-06
-1.89772e-05
-8.93311e-06
-1.94718e-05
-8.3788e-06
-2.00765e-05
-7.14357e-06
-2.0724e-05
-5.40583e-06
-2.13352e-05
-3.39546e-06
-2.18527e-05
-1.33537e-06
-2.23482e-05
5.07749e-07
2.33411e-06
-2.28731e-05
-9.50909e-06
9.31589e-06
-1.30787e-05
-1.11592e-06
-1.43557e-05
-5.8432e-06
-1.50653e-05
-7.86767e-06
-1.55758e-05
-8.42266e-06
-1.6079e-05
-7.87562e-06
-1.66223e-05
-6.60025e-06
-1.71734e-05
-4.85477e-06
-1.76851e-05
-2.88379e-06
-1.81291e-05
-8.91326e-07
-1.85651e-05
9.43681e-07
2.80401e-06
-1.9035e-05
-6.53746e-06
1.58533e-05
-9.61607e-06
1.96264e-06
-1.10472e-05
-4.41207e-06
-1.18814e-05
-7.03355e-06
-1.24593e-05
-7.84479e-06
-1.29583e-05
-7.37663e-06
-1.34453e-05
-6.1132e-06
-1.39111e-05
-4.38902e-06
-1.43301e-05
-2.46479e-06
-1.46895e-05
-5.31951e-07
-1.50322e-05
1.28644e-06
3.15536e-06
-1.53836e-05
-4.36332e-06
2.02165e-05
-6.76104e-06
4.36033e-06
-8.13189e-06
-3.04126e-06
-8.98165e-06
-6.18383e-06
-9.58735e-06
-7.23913e-06
-1.00832e-05
-6.88079e-06
-1.05282e-05
-5.66821e-06
-1.09253e-05
-3.99197e-06
-1.12614e-05
-2.12866e-06
-1.15296e-05
-2.63722e-07
-1.1757e-05
1.51383e-06
3.3517e-06
-1.19534e-05
-2.54194e-06
2.27586e-05
-4.27198e-06
6.09037e-06
-5.49316e-06
-1.8201e-06
-6.30621e-06
-5.37081e-06
-6.9253e-06
-6.62007e-06
-7.4322e-06
-6.37391e-06
-7.85656e-06
-5.24386e-06
-8.20543e-06
-3.64313e-06
-8.4724e-06
-1.8617e-06
-8.65115e-06
-8.49835e-08
-8.75464e-06
1.61731e-06
3.37818e-06
-8.78112e-06
-9.00638e-07
2.36591e-05
-1.99317e-06
7.18287e-06
-3.02748e-06
-7.85824e-07
-3.80075e-06
-4.59758e-06
-4.44666e-06
-5.97419e-06
-4.98622e-06
-5.83438e-06
-5.41696e-06
-4.81314e-06
-5.74153e-06
-3.31857e-06
-5.95697e-06
-1.64627e-06
-6.05566e-06
1.36984e-08
-6.03892e-06
1.60056e-06
3.23652e-06
-5.89727e-06
6.57314e-07
2.30019e-05
1.72606e-07
7.66761e-06
-6.62003e-07
4.87499e-08
-1.41758e-06
-3.84202e-06
-2.12148e-06
-5.27033e-06
-2.7262e-06
-5.22969e-06
-3.19553e-06
-4.34384e-06
-3.52297e-06
-2.99114e-06
-3.70799e-06
-1.46127e-06
-3.74191e-06
4.76056e-08
-3.61773e-06
1.47637e-06
2.94023e-06
-3.32145e-06
2.15542e-06
2.08465e-05
2.27183e-06
7.55114e-06
1.65028e-06
6.70289e-07
8.82475e-07
-3.07428e-06
8.02299e-08
-4.46812e-06
-6.30907e-07
-4.51859e-06
-1.17533e-06
-3.79944e-06
-1.53586e-06
-2.63063e-06
-1.71436e-06
-1.28279e-06
-1.70276e-06
3.59912e-08
-1.48986e-06
1.26346e-06
2.51051e-06
-1.06015e-06
3.57253e-06
1.72737e-05
4.32045e-06
6.80334e-06
3.9356e-06
1.05494e-06
3.12902e-06
-2.26759e-06
2.18892e-06
-3.52813e-06
1.32761e-06
-3.65725e-06
6.68642e-07
-3.14054e-06
2.41663e-07
-2.20364e-06
4.35094e-08
-1.08467e-06
7.9202e-08
3.05784e-10
3.58491e-07
9.84155e-07
1.97337e-06
8.95616e-07
4.96083e-06
1.23127e-05
6.30281e-06
5.46122e-06
6.20285e-06
1.15479e-06
5.356e-06
-1.42074e-06
4.25435e-06
-2.42655e-06
3.20519e-06
-2.60812e-06
2.38784e-06
-2.32322e-06
1.85305e-06
-1.66887e-06
1.60392e-06
-8.35564e-07
1.64107e-06
-3.68563e-08
1.96163e-06
6.63595e-07
1.35818e-06
2.5768e-06
6.02165e-06
6.29068e-06
8.17618e-06
3.3065e-06
8.45423e-06
8.76502e-07
7.63352e-06
-6.00077e-07
6.3958e-06
-1.18896e-06
5.14285e-06
-1.35522e-06
4.11195e-06
-1.29239e-06
3.40443e-06
-9.61398e-07
3.05725e-06
-4.8844e-07
3.06756e-06
-4.71856e-08
3.40421e-06
3.26921e-07
6.93088e-07
4.06927e-06
6.29063e-06
9.59708e-06
1.04736e-05
9.87347e-06
8.6845e-06
7.32927e-06
6.03687e-06
5.07546e-06
4.58702e-06
4.53983e-06
4.86674e-06
5.55982e-06
-2.36411e-05
3.97342e-06
-2.46125e-05
5.83641e-06
-2.57132e-05
7.74627e-06
-2.68332e-05
9.54653e-06
-2.78006e-05
1.09661e-05
-2.83967e-05
1.16323e-05
-2.83654e-05
1.1172e-05
-2.74207e-05
9.2741e-06
-2.52356e-05
5.76909e-06
-2.13488e-05
6.76537e-07
-1.45676e-05
-6.4682e-06
-1.7795e-05
-1.96649e-05
4.60335e-06
-2.04091e-05
6.58054e-06
-2.11957e-05
8.5329e-06
-2.19182e-05
1.0269e-05
-2.24176e-05
1.14655e-05
-2.2487e-05
1.17016e-05
-2.18661e-05
1.05512e-05
-2.02314e-05
7.63933e-06
-1.71671e-05
2.70485e-06
-1.20553e-05
-4.43521e-06
-5.12912e-06
-1.33944e-05
-2.29241e-05
-1.58127e-05
5.03243e-06
-1.62725e-05
7.04037e-06
-1.66976e-05
8.95801e-06
-1.69942e-05
1.05655e-05
-1.70287e-05
1.15e-05
-1.66289e-05
1.13018e-05
-1.5577e-05
9.49934e-06
-1.36151e-05
5.67748e-06
-1.05308e-05
-3.79506e-07
-6.37905e-06
-8.58694e-06
-2.14029e-06
-1.76332e-05
-2.50643e-05
-1.21519e-05
5.23092e-06
-1.23084e-05
7.19683e-06
-1.23678e-05
9.01747e-06
-1.22583e-05
1.0456e-05
-1.18853e-05
1.1127e-05
-1.11362e-05
1.05527e-05
-9.88147e-06
8.24461e-06
-8.00572e-06
3.80175e-06
-5.57111e-06
-2.81409e-06
-2.98154e-06
-1.11765e-05
-8.75326e-07
-1.97394e-05
-2.59397e-05
-8.74284e-06
5.19262e-06
-8.60238e-06
7.05637e-06
-8.3192e-06
8.73429e-06
-7.84963e-06
9.98643e-06
-7.1478e-06
1.04252e-05
-6.17546e-06
9.58043e-06
-4.90819e-06
6.97735e-06
-3.3694e-06
2.26298e-06
-1.77202e-06
-4.41146e-06
-4.60818e-07
-1.24877e-05
3.61286e-07
-2.05614e-05
-2.55783e-05
-5.63221e-06
4.92755e-06
-5.21612e-06
6.64028e-06
-4.62565e-06
8.14383e-06
-3.84891e-06
9.2097e-06
-2.89109e-06
9.46738e-06
-1.78968e-06
8.47904e-06
-6.15454e-07
5.80314e-06
5.16049e-07
1.1315e-06
1.34262e-06
-5.23801e-06
1.65285e-06
-1.27979e-05
1.41432e-06
-2.03229e-05
-2.4164e-05
-2.8501e-06
4.45619e-06
-2.18695e-06
5.97712e-06
-1.32707e-06
7.28396e-06
-2.90506e-07
8.17314e-06
8.70154e-07
8.30676e-06
2.0496e-06
7.29961e-06
3.10308e-06
4.7497e-06
3.86573e-06
3.68857e-07
4.05754e-06
-5.42979e-06
3.55051e-06
-1.22908e-05
2.41063e-06
-1.9183e-05
-2.17533e-05
-4.09017e-07
3.80504e-06
4.70262e-07
5.09784e-06
1.56455e-06
6.18968e-06
2.82409e-06
6.91362e-06
4.15722e-06
6.97363e-06
5.4024e-06
6.05446e-06
6.3579e-06
3.7942e-06
6.83319e-06
-1.06406e-07
6.51819e-06
-5.1148e-06
5.29646e-06
-1.10691e-05
3.26798e-06
-1.71545e-05
-1.84853e-05
1.69748e-06
3.00317e-06
2.7631e-06
4.03221e-06
4.06229e-06
4.8905e-06
5.52044e-06
5.4554e-06
7.01591e-06
5.47826e-06
8.34002e-06
4.73024e-06
9.24542e-06
2.88892e-06
9.52401e-06
-3.85056e-07
8.80206e-06
-4.39278e-06
6.92107e-06
-9.188e-06
4.00328e-06
-1.42367e-05
-1.4482e-05
3.50064e-06
2.07932e-06
4.72661e-06
2.80624e-06
6.20814e-06
3.40892e-06
7.85306e-06
3.81044e-06
9.51598e-06
3.81534e-06
1.09467e-05
3.29947e-06
1.18536e-05
1.98213e-06
1.20159e-05
-5.47394e-07
1.09499e-05
-3.32669e-06
8.42734e-06
-6.66539e-06
4.5816e-06
-1.0391e-05
-9.90041e-06
5.08698e-06
1.06158e-06
6.44991e-06
1.44329e-06
8.0971e-06
1.76165e-06
9.92642e-06
1.98103e-06
1.17661e-05
1.97565e-06
1.33431e-05
1.72242e-06
1.42896e-05
1.03566e-06
1.43645e-05
-6.22241e-07
1.29361e-05
-1.89823e-06
9.77758e-06
-3.50679e-06
5.05474e-06
-5.66813e-06
-4.8457e-06
6.6214e-06
8.06468e-06
9.8263e-06
1.18073e-05
1.3783e-05
1.55054e-05
1.65411e-05
1.59188e-05
1.40206e-05
1.05138e-05
4.8457e-06
-1.47071e-05
-1.92399e-07
-1.73742e-05
-4.68545e-06
-1.81563e-05
-7.12033e-06
-1.8588e-05
-8.57749e-06
-1.89765e-05
-8.93336e-06
-1.94713e-05
-8.37911e-06
-2.00761e-05
-7.14402e-06
-2.07237e-05
-5.40645e-06
-2.13349e-05
-3.39624e-06
-2.18525e-05
-1.33632e-06
-2.2348e-05
5.0654e-07
2.33262e-06
-9.50846e-06
9.31596e-06
-1.30779e-05
-1.11603e-06
-1.43549e-05
-5.84335e-06
-1.50647e-05
-7.8678e-06
-1.55753e-05
-8.42278e-06
-1.60786e-05
-7.87581e-06
-1.6622e-05
-6.60058e-06
-1.71732e-05
-4.85528e-06
-1.7685e-05
-2.88448e-06
-1.81291e-05
-8.92197e-07
-1.85651e-05
9.42561e-07
2.80265e-06
-6.53701e-06
1.58529e-05
-9.61547e-06
1.96237e-06
-1.10466e-05
-4.41221e-06
-1.18808e-05
-7.03361e-06
-1.24588e-05
-7.84481e-06
-1.2958e-05
-7.37669e-06
-1.34451e-05
-6.11341e-06
-1.3911e-05
-4.38942e-06
-1.43301e-05
-2.46538e-06
-1.46896e-05
-5.32723e-07
-1.50324e-05
1.28543e-06
3.15416e-06
-4.363e-06
2.02157e-05
-6.7606e-06
4.35994e-06
-8.13145e-06
-3.04139e-06
-8.98126e-06
-6.18383e-06
-9.58704e-06
-7.23907e-06
-1.0083e-05
-6.88076e-06
-1.05281e-05
-5.66831e-06
-1.09253e-05
-3.99227e-06
-1.12615e-05
-2.12915e-06
-1.15299e-05
-2.64383e-07
-1.17574e-05
1.51295e-06
3.35065e-06
-2.54174e-06
2.27576e-05
-4.2717e-06
6.0899e-06
-5.49287e-06
-1.82023e-06
-6.30596e-06
-5.37077e-06
-6.92511e-06
-6.61993e-06
-7.43208e-06
-6.3738e-06
-7.85654e-06
-5.24387e-06
-8.20549e-06
-3.64332e-06
-8.47257e-06
-1.86208e-06
-8.65144e-06
-8.55255e-08
-8.75507e-06
1.61657e-06
3.37726e-06
-9.00555e-07
2.3658e-05
-1.99304e-06
7.18236e-06
-3.02734e-06
-7.85963e-07
-3.80063e-06
-4.59751e-06
-4.44658e-06
-5.97401e-06
-4.9862e-06
-5.83421e-06
-5.41701e-06
-4.81307e-06
-5.74166e-06
-3.31868e-06
-5.95721e-06
-1.64654e-06
-6.05602e-06
1.32748e-08
-6.03941e-06
1.59996e-06
3.2357e-06
6.57285e-07
2.30008e-05
1.72585e-07
7.66709e-06
-6.62016e-07
4.86029e-08
-1.41759e-06
-3.84194e-06
-2.12151e-06
-5.27013e-06
-2.72625e-06
-5.22948e-06
-3.19564e-06
-4.34371e-06
-3.52316e-06
-2.99117e-06
-3.70828e-06
-1.46145e-06
-3.74232e-06
4.7301e-08
-3.61827e-06
1.47589e-06
2.93951e-06
2.15528e-06
2.08455e-05
2.27167e-06
7.55064e-06
1.65012e-06
6.70138e-07
8.82331e-07
-3.07421e-06
8.00953e-08
-4.46792e-06
-6.31043e-07
-4.51837e-06
-1.17549e-06
-3.79928e-06
-1.53609e-06
-2.6306e-06
-1.71467e-06
-1.28288e-06
-1.70318e-06
3.57943e-08
-1.49041e-06
1.2631e-06
2.50988e-06
3.57229e-06
1.72729e-05
4.32016e-06
6.8029e-06
3.93531e-06
1.05476e-06
3.12876e-06
-2.26751e-06
2.18868e-06
-3.52796e-06
1.3274e-06
-3.65704e-06
6.68426e-07
-3.14037e-06
2.41407e-07
-2.20356e-06
4.31841e-08
-1.0847e-06
7.87767e-08
2.03652e-10
3.57945e-07
9.83923e-07
1.97284e-06
4.96048e-06
1.23122e-05
6.3024e-06
5.46082e-06
6.20244e-06
1.1546e-06
5.3556e-06
-1.42068e-06
4.25401e-06
-2.42643e-06
3.2049e-06
-2.60795e-06
2.38758e-06
-2.32307e-06
1.85278e-06
-1.66878e-06
1.60359e-06
-8.35547e-07
1.64067e-06
-3.68866e-08
1.96111e-06
6.6348e-07
1.35776e-06
6.02132e-06
6.2904e-06
8.17566e-06
3.30624e-06
8.45369e-06
8.76284e-07
7.63298e-06
-6.00016e-07
6.39534e-06
-1.18889e-06
5.14247e-06
-1.35511e-06
4.11163e-06
-1.29229e-06
3.40413e-06
-9.61321e-07
3.05693e-06
-4.88421e-07
3.06719e-06
-4.71823e-08
3.40374e-06
3.26888e-07
6.92793e-07
6.29035e-06
9.59654e-06
1.04728e-05
9.87278e-06
8.68388e-06
7.32876e-06
6.03646e-06
5.07512e-06
4.58669e-06
4.5395e-06
4.86637e-06
)
;

boundaryField
{
    rotor
    {
        type            calculated;
        value           uniform 0;
    }
    stator
    {
        type            calculated;
        value           uniform 0;
    }
    front
    {
        type            empty;
        value           nonuniform 0();
    }
    back
    {
        type            empty;
        value           nonuniform 0();
    }
}


// ************************************************************************* //
