/*--------------------------------*- C++ -*----------------------------------*\
| =========                 |                                                 |
| \\      /  F ield         | OpenFOAM: The Open Source CFD Toolbox           |
|  \\    /   O peration     | Version:  4.0                                   |
|   \\  /    A nd           | Web:      www.OpenFOAM.org                      |
|    \\/     M anipulation  |                                                 |
\*---------------------------------------------------------------------------*/
FoamFile
{
    version     2.0;
    format      ascii;
    class       volVectorField;
    location    "500";
    object      U;
}
// * * * * * * * * * * * * * * * * * * * * * * * * * * * * * * * * * * * * * //

dimensions      [0 1 -1 0 0 0 0];

internalField   nonuniform List<vector> 
3072
(
(0.296596 2.21574 0)
(0.315916 1.93431 0)
(0.40068 1.76689 1.42559e-19)
(0.508867 1.65578 6.88329e-19)
(0.632 1.58317 -1.14835e-18)
(0.754013 1.52951 6.26509e-19)
(0.87909 1.60327 3.6185e-19)
(1.18301 1.70989 1.31796e-18)
(2.0034 1.43166 -4.61646e-19)
(2.86282 1.60468 1.09012e-18)
(3.12789 2.00174 8.95279e-19)
(3.39539 2.12896 7.59922e-19)
(-0.371407 2.74063 -2.68754e-19)
(-0.216239 2.37799 -6.29815e-19)
(0.039098 2.33354 5.31897e-19)
(0.312944 2.33075 0)
(0.609726 2.38494 1.12905e-18)
(1.03434 2.39333 -1.50596e-18)
(1.86072 2.42924 0)
(2.61457 2.70684 0)
(2.97662 2.71682 0)
(3.12924 2.77672 8.01658e-19)
(3.16348 2.79763 -2.85342e-18)
(3.24531 2.7845 3.42746e-19)
(-0.347571 2.98976 1.76215e-19)
(-0.114985 2.69501 0)
(0.295158 2.72148 0)
(0.768889 2.74142 -3.79469e-18)
(1.40423 2.8123 1.41532e-18)
(2.14537 2.96211 -2.13563e-18)
(2.67186 2.99383 1.73573e-18)
(2.98985 2.98317 0)
(3.15296 2.86046 0)
(3.24991 2.75307 -1.09449e-18)
(3.28686 2.67066 -1.091e-18)
(3.35395 2.58491 3.82971e-18)
(-0.318209 3.31926 -1.29266e-18)
(0.0642137 3.11071 -2.09808e-18)
(0.625945 3.2056 1.9027e-18)
(1.27603 3.26953 -1.91127e-18)
(1.93566 3.33371 3.69057e-18)
(2.47279 3.32108 -3.56007e-18)
(2.79149 3.20376 -2.10263e-18)
(2.97277 3.07286 -6.62626e-18)
(3.08723 2.91273 -3.20981e-19)
(3.15162 2.78783 3.65398e-18)
(3.19172 2.68119 4.09522e-18)
(3.24477 2.57936 -3.23995e-18)
(-0.104691 3.53859 0)
(0.334633 3.48878 1.24492e-18)
(0.936976 3.59861 -2.93386e-18)
(1.57758 3.63788 3.27492e-18)
(2.1359 3.59704 6.18978e-19)
(2.51138 3.46194 2.07295e-18)
(2.72965 3.28665 2.33253e-18)
(2.86753 3.11281 2.42716e-18)
(2.95473 2.94221 -5.20919e-18)
(3.01608 2.79098 4.38254e-18)
(3.06623 2.6592 -5.91171e-18)
(3.12044 2.53799 7.79854e-18)
(0.104903 3.73757 -4.6578e-18)
(0.586542 3.78738 1.80734e-18)
(1.15298 3.87719 5.33955e-18)
(1.70847 3.85261 0)
(2.14371 3.72539 -7.10014e-18)
(2.42603 3.53777 7.82595e-18)
(2.60611 3.33431 0)
(2.72926 3.13702 -5.91296e-18)
(2.81842 2.9512 5.02005e-18)
(2.88748 2.78425 0)
(2.94694 2.63635 2.88331e-19)
(3.0054 2.50199 4.55469e-18)
(0.324744 3.90266 0)
(0.791402 4.04813 -4.18412e-18)
(1.28037 4.08509 3.89049e-18)
(1.72595 4.00144 0)
(2.0662 3.8243 -4.43973e-18)
(2.30119 3.60644 7.22435e-19)
(2.46584 3.38158 6.27327e-18)
(2.58805 3.16626 5.81883e-18)
(2.68334 2.96628 -5.12651e-18)
(2.7616 2.78505 5.09659e-18)
(2.83023 2.62243 -4.41064e-18)
(2.89489 2.47511 -1.23745e-17)
(0.533464 4.08721 0)
(0.937887 4.29845 3.32299e-18)
(1.32854 4.26488 -4.80084e-18)
(1.67644 4.13628 4.81584e-18)
(1.95307 3.92487 0)
(2.16238 3.6823 -6.30027e-18)
(2.32218 3.43739 6.27252e-18)
(2.44858 3.20401 1.2854e-19)
(2.55204 2.98771 -1.05729e-17)
(2.6395 2.79081 -4.97681e-18)
(2.71637 2.61319 -2.81175e-19)
(2.787 2.45256 8.99298e-18)
(0.705057 4.25724 0)
(1.0284 4.53069 -3.69951e-18)
(1.31474 4.41886 -5.20999e-18)
(1.58297 4.24657 -3.75057e-18)
(1.81436 4.00633 7.66486e-18)
(2.00748 3.74235 0)
(2.16712 3.47946 0)
(2.30043 3.22979 0)
(2.41336 2.99856 0)
(2.51046 2.78772 4.96925e-18)
(2.59565 2.59716 -5.02198e-18)
(2.67251 2.42494 4.81904e-18)
(0.837811 4.51139 0)
(1.02424 4.72018 2.62358e-18)
(1.21135 4.50242 -5.99722e-19)
(1.42803 4.27022 4.34329e-18)
(1.63146 4.00344 4.34536e-18)
(1.81674 3.72562 -6.99211e-18)
(1.98121 3.45512 0)
(2.12514 3.20037 -2.14317e-19)
(2.25057 2.96474 -1.75529e-17)
(2.35988 2.7494 0)
(2.45552 2.55408 1.10135e-17)
(2.54059 2.37696 -5.17503e-18)
(0.986269 4.56346 0)
(0.934359 4.68337 3.081e-18)
(1.01535 4.3746 9.01391e-18)
(1.19429 4.08424 -7.70113e-18)
(1.38519 3.81524 -1.0766e-17)
(1.57422 3.55273 1.70632e-17)
(1.75121 3.30253 -1.92834e-19)
(1.91153 3.06779 -6.72466e-18)
(2.05381 2.84918 5.52076e-18)
(2.17905 2.64733 -1.18012e-17)
(2.28833 2.46214 -1.64314e-17)
(2.38451 2.29218 1.66824e-17)
(0.402512 4.17847 -1.83077e-18)
(0.559329 4.09776 -1.21443e-17)
(0.683744 3.79658 2.33959e-18)
(0.875177 3.55326 0)
(1.08721 3.36342 0)
(1.29654 3.17561 3.56094e-19)
(1.4924 2.98985 1.83033e-17)
(1.67127 2.80881 1.13187e-17)
(1.8316 2.6337 0)
(1.97396 2.46691 1.07113e-17)
(2.09815 2.30958 0)
(2.207 2.16129 4.90705e-19)
(3.64757 2.2357 -2.03239e-20)
(3.87337 2.15784 -2.89393e-19)
(4.03545 2.09012 -3.78435e-19)
(4.12028 1.9359 -5.90537e-19)
(4.13939 1.7998 -2.98784e-19)
(4.0898 1.60636 0)
(3.96715 1.42884 0)
(3.7615 1.22597 8.10864e-19)
(3.48255 1.02786 -9.50799e-19)
(3.10005 0.786288 0)
(2.68096 0.376364 0)
(2.53494 -0.224159 -6.66703e-19)
(3.34638 2.75725 1.71764e-18)
(3.43617 2.7125 0)
(3.52982 2.63048 -8.87046e-19)
(3.62071 2.50913 5.2941e-19)
(3.69922 2.35177 3.05109e-19)
(3.73771 2.19208 2.68955e-18)
(3.7326 2.03588 -4.37681e-18)
(3.67532 1.89233 6.82134e-19)
(3.56498 1.78085 0)
(3.32434 1.67757 0)
(3.04912 1.53722 0)
(3.19037 1.02074 7.31689e-19)
(3.4204 2.4979 1.62539e-18)
(3.48966 2.40783 -4.39852e-18)
(3.55855 2.31401 1.23138e-18)
(3.6176 2.21606 2.97596e-18)
(3.65776 2.12052 -2.9979e-18)
(3.67381 2.02866 0)
(3.65965 1.95206 0)
(3.61632 1.90099 -2.38642e-19)
(3.55119 1.87864 1.09839e-18)
(3.41582 1.87079 0)
(3.19929 1.86025 0)
(3.41269 1.74079 -4.70977e-19)
(3.29691 2.48075 3.5836e-19)
(3.35019 2.38518 4.36866e-18)
(3.40232 2.29062 3.08435e-18)
(3.4502 2.19768 -3.06402e-18)
(3.48921 2.11091 0)
(3.51483 2.03597 1.76008e-18)
(3.52309 1.98083 0)
(3.51693 1.9551 2.51167e-18)
(3.4929 1.95918 -7.75818e-19)
(3.42578 2.01687 0)
(3.24888 2.10084 -5.53363e-19)
(3.5471 2.15035 6.6359e-19)
(3.17451 2.42466 -3.16436e-18)
(3.2292 2.3185 0)
(3.28308 2.21868 0)
(3.33374 2.12648 0)
(3.37853 2.04561 0)
(3.41589 1.98085 -3.18458e-18)
(3.44426 1.94077 -1.42348e-19)
(3.46293 1.93228 -1.41692e-18)
(3.47848 1.96463 0)
(3.4757 2.0536 -1.23885e-18)
(3.36115 2.19722 4.93707e-19)
(3.77395 2.3968 -1.69871e-19)
(3.06279 2.37861 -2.50431e-19)
(3.11995 2.26507 -7.43905e-18)
(3.17646 2.16088 3.49123e-18)
(3.23138 2.0671 3.57371e-21)
(3.2838 1.98665 2.27272e-19)
(3.33344 1.92393 4.92193e-18)
(3.38114 1.88514 -1.5629e-19)
(3.42891 1.87751 -5.44632e-18)
(3.47877 1.912 -2.18015e-18)
(3.53297 2.00595 1.0926e-18)
(3.47946 2.19593 -1.34506e-18)
(3.93824 2.51779 -5.438e-19)
(2.95708 2.3408 1.18123e-17)
(3.01806 2.21813 3.85964e-18)
(3.07835 2.10662 0)
(3.13825 2.00703 0)
(3.19833 1.92163 2.13903e-19)
(3.25984 1.85398 -3.56014e-18)
(3.32517 1.80926 5.54611e-18)
(3.39789 1.79432 -1.29997e-19)
(3.48149 1.82032 1.85773e-18)
(3.5822 1.90714 0)
(3.60372 2.09665 -2.41414e-19)
(4.09821 2.50531 -7.98124e-20)
(2.85352 2.30672 -4.31496e-18)
(2.91774 2.17397 -3.97049e-18)
(2.98103 2.05357 4.25403e-18)
(3.04472 1.94576 -3.96805e-18)
(3.11052 1.85204 5.49019e-22)
(3.18096 1.77489 7.79116e-18)
(3.26002 1.71807 -3.5538e-18)
(3.35339 1.68748 1.99472e-18)
(3.46693 1.69359 0)
(3.61259 1.75769 1.19552e-18)
(3.71084 1.93286 6.12196e-19)
(4.20376 2.38762 -9.21889e-19)
(2.74334 2.26891 4.67978e-18)
(2.81049 2.12687 -4.53454e-18)
(2.87595 1.99768 -4.23114e-18)
(2.94182 1.88091 -8.789e-18)
(3.01068 1.77721 8.42016e-18)
(3.08608 1.68799 -8.03226e-18)
(3.17347 1.61514 0)
(3.28096 1.56275 -1.88563e-18)
(3.41768 1.53905 0)
(3.6027 1.56483 0)
(3.78075 1.70408 0)
(4.26194 2.1295 4.39224e-19)
(2.61712 2.21607 5.02761e-18)
(2.68791 2.06868 -1.01166e-17)
(2.75535 1.93354 9.8609e-18)
(2.82198 1.8096 9.43942e-18)
(2.89083 1.69669 4.53996e-18)
(2.96648 1.59515 0)
(3.05562 1.50469 0)
(3.16825 1.42682 4.33839e-18)
(3.31738 1.36562 0)
(3.5322 1.3386 -1.20964e-18)
(3.7721 1.40302 7.90341e-19)
(4.2483 1.71971 -1.27362e-18)
(2.46879 2.13617 -1.09743e-17)
(2.54445 1.99083 1.01464e-17)
(2.61394 1.85553 -9.91926e-18)
(2.67998 1.72869 -2.48908e-17)
(2.74576 1.6098 -2.46402e-19)
(2.81623 1.49832 1.33902e-19)
(2.89959 1.39168 -4.71743e-18)
(3.00623 1.28809 -4.28554e-18)
(3.15301 1.18549 0)
(3.3774 1.09576 3.6083e-18)
(3.64973 1.031 8.89484e-19)
(4.11826 1.02337 -1.78556e-18)
(2.29978 2.02214 -4.88399e-19)
(2.38032 1.88787 0)
(2.45071 1.75978 0)
(2.51345 1.63596 4.75287e-18)
(2.57238 1.51604 1.448e-17)
(2.63223 1.39916 -4.71904e-18)
(2.70231 1.28117 -2.18105e-19)
(2.79109 1.15701 -2.38647e-18)
(2.91749 1.01721 -2.20837e-18)
(3.10909 0.863508 -2.22333e-18)
(3.38991 0.640293 0)
(3.71806 -0.0354689 2.32433e-18)
(2.21582 -0.296494 -2.24252e-23)
(1.93436 -0.315859 0)
(1.76691 -0.40064 -1.4256e-19)
(1.65579 -0.508837 0)
(1.58317 -0.631995 -5.83247e-19)
(1.52952 -0.753993 6.267e-19)
(1.60325 -0.879091 0)
(1.70987 -1.183 9.75813e-19)
(1.43166 -2.00336 -3.86809e-19)
(1.60465 -2.86284 -9.26785e-20)
(2.00174 -3.12795 -8.66282e-19)
(2.12897 -3.39544 -7.59863e-19)
(2.74068 0.371462 -3.45252e-19)
(2.37799 0.216267 -1.96563e-19)
(2.33355 -0.0390897 6.25501e-19)
(2.33075 -0.31296 0)
(2.38491 -0.609728 -1.1285e-18)
(2.39334 -1.0343 6.6566e-19)
(2.42922 -1.86064 0)
(2.70682 -2.61457 9.767e-19)
(2.71683 -2.97666 -2.38148e-18)
(2.77672 -3.1293 1.88926e-18)
(2.79763 -3.16355 1.5543e-18)
(2.78452 -3.24537 -3.94017e-18)
(2.98978 0.347642 -1.76175e-19)
(2.69501 0.115042 0)
(2.72147 -0.295111 -1.65795e-18)
(2.7414 -0.768817 0)
(2.81225 -1.40413 0)
(2.96206 -2.14531 -8.2861e-19)
(2.9938 -2.67188 3.99156e-18)
(2.98315 -2.98993 -2.73629e-18)
(2.86046 -3.15305 9.45408e-19)
(2.75307 -3.25002 0)
(2.67067 -3.28693 2.6696e-18)
(2.58493 -3.35401 -1.62938e-18)
(3.31927 0.318277 8.4082e-19)
(3.1107 -0.0641226 1.23601e-18)
(3.20558 -0.625851 1.39091e-18)
(3.26949 -1.27594 2.90361e-18)
(3.33367 -1.93562 -1.7037e-18)
(3.32107 -2.47283 -1.18691e-18)
(3.20376 -2.79157 0)
(3.07287 -2.97286 0)
(2.91274 -3.08732 2.14628e-18)
(2.78784 -3.1517 0)
(2.6812 -3.19178 5.11067e-19)
(2.57938 -3.24482 1.41161e-18)
(3.5386 0.104758 1.2632e-18)
(3.48877 -0.334546 -9.98374e-19)
(3.59861 -0.9369 -2.93407e-18)
(3.63788 -1.57754 0)
(3.59705 -2.13592 0)
(3.46196 -2.51146 2.94955e-18)
(3.28666 -2.72974 0)
(3.11282 -2.86763 -5.84581e-18)
(2.94221 -2.95481 -2.50092e-18)
(2.79098 -3.01614 4.38253e-18)
(2.6592 -3.06627 -5.91165e-18)
(2.538 -3.12048 3.69868e-18)
(3.7376 -0.104838 -2.6303e-18)
(3.78739 -0.586475 -1.54303e-18)
(3.87722 -1.15293 2.27598e-18)
(3.85264 -1.70846 3.99737e-19)
(3.72543 -2.14375 3.58337e-18)
(3.53779 -2.4261 -7.48909e-18)
(3.33432 -2.60618 6.87058e-18)
(3.13702 -2.72933 7.04713e-19)
(2.95119 -2.81848 0)
(2.78425 -2.88753 0)
(2.63635 -2.94698 8.87709e-18)
(2.502 -3.00542 6.12944e-20)
(3.90269 -0.324705 -2.8915e-20)
(4.04815 -0.791363 -2.31212e-18)
(4.08513 -1.28035 0)
(4.00148 -1.72595 -4.52729e-18)
(3.82433 -2.06623 4.73072e-18)
(3.60646 -2.30125 1.13054e-17)
(3.38159 -2.4659 6.94195e-18)
(3.16626 -2.58811 8.93959e-19)
(2.96627 -2.68339 -1.08156e-17)
(2.78504 -2.76163 4.73592e-18)
(2.62242 -2.83025 5.07327e-18)
(2.47511 -2.8949 2.74048e-19)
(4.08723 -0.533438 2.18688e-19)
(4.29847 -0.937864 3.32271e-18)
(4.26492 -1.32853 0)
(4.13632 -1.67644 -4.81559e-18)
(3.9249 -1.95309 -3.5174e-18)
(3.68232 -2.16242 6.43185e-19)
(3.43739 -2.32222 -1.18399e-17)
(3.20401 -2.44863 4.30766e-19)
(2.9877 -2.55207 -2.75663e-19)
(2.7908 -2.63952 5.23138e-18)
(2.61318 -2.71638 -4.22966e-18)
(2.45255 -2.787 2.24936e-19)
(4.25727 -0.705053 -3.38744e-18)
(4.53071 -1.02839 1.47961e-18)
(4.41889 -1.31473 -7.58255e-18)
(4.2466 -1.58297 3.75029e-18)
(4.00635 -1.81438 0)
(3.74236 -2.00751 0)
(3.47946 -2.16715 6.45623e-18)
(3.22978 -2.30046 1.18543e-17)
(2.99855 -2.41338 -5.43819e-18)
(2.78771 -2.51047 -4.96911e-18)
(2.59715 -2.59565 -4.77815e-18)
(2.42493 -2.6725 0)
(4.5114 -0.837816 7.11653e-20)
(4.72018 -1.02423 3.98946e-18)
(4.50243 -1.21134 9.03676e-18)
(4.27024 -1.42803 0)
(4.00346 -1.63148 7.57875e-18)
(3.72563 -1.81676 0)
(3.45512 -1.98123 3.35593e-19)
(3.20037 -2.12516 -5.65345e-18)
(2.96473 -2.25058 6.15077e-18)
(2.74939 -2.35988 0)
(2.55406 -2.45552 0)
(2.37695 -2.54058 -1.0679e-17)
(4.56346 -0.986273 -6.45659e-18)
(4.68336 -0.934353 3.08087e-18)
(4.3746 -1.01535 5.14618e-19)
(4.08425 -1.19429 -8.49618e-18)
(3.81526 -1.3852 -3.32768e-18)
(3.55274 -1.57424 -3.41102e-18)
(3.30253 -1.75122 -6.65366e-18)
(3.06778 -1.91155 -1.88194e-17)
(2.84916 -2.05381 -5.52044e-18)
(2.64731 -2.17905 -1.18005e-17)
(2.46212 -2.28832 1.14875e-17)
(2.29217 -2.38449 1.05898e-17)
(4.17847 -0.402523 3.50406e-18)
(4.09776 -0.559335 -1.39246e-18)
(3.79659 -0.683753 3.51734e-19)
(3.55327 -0.875189 7.26678e-18)
(3.36343 -1.08722 0)
(3.17562 -1.29656 -6.57605e-18)
(2.98986 -1.49242 5.89418e-18)
(2.80881 -1.67128 5.25682e-18)
(2.6337 -1.8316 -1.71387e-17)
(2.4669 -1.97395 1.07108e-17)
(2.30957 -2.09814 -1.05099e-17)
(2.16127 -2.20698 0)
(2.23573 -3.64763 -3.56976e-19)
(2.15788 -3.87344 8.67973e-19)
(2.09017 -4.03552 -9.18375e-19)
(1.93594 -4.12035 -2.07094e-19)
(1.79984 -4.13946 -1.61424e-19)
(1.6064 -4.08988 8.61661e-20)
(1.42887 -3.96722 -1.29129e-19)
(1.22599 -3.76157 -3.27049e-19)
(1.02788 -3.48261 -9.50735e-19)
(0.786304 -3.10009 0)
(0.376392 -2.68099 0)
(-0.224082 -2.535 -6.66649e-19)
(2.75727 -3.34644 -6.85606e-20)
(2.71253 -3.43623 2.19283e-18)
(2.63052 -3.52987 -8.87035e-19)
(2.50917 -3.62076 0)
(2.35181 -3.69927 1.76516e-18)
(2.19212 -3.73775 0)
(2.03591 -3.73264 1.31196e-18)
(1.89236 -3.67536 2.25336e-18)
(1.78088 -3.56502 -1.9134e-18)
(1.67759 -3.32434 0)
(1.53726 -3.04914 0)
(1.02084 -3.19038 -3.02777e-20)
(2.49792 -3.42046 1.17284e-18)
(2.40786 -3.4897 -1.09126e-18)
(2.31404 -3.55859 1.23131e-18)
(2.21609 -3.61764 0)
(2.12055 -3.65779 -1.31846e-18)
(2.02869 -3.67384 3.29672e-18)
(1.9521 -3.65968 -4.75494e-18)
(1.90102 -3.61634 -5.26662e-18)
(1.87867 -3.5512 3.0874e-18)
(1.87083 -3.41583 0)
(1.86029 -3.19929 6.15113e-19)
(1.74085 -3.41269 1.52725e-19)
(2.48077 -3.29695 1.35522e-18)
(2.3852 -3.35022 -3.04477e-18)
(2.29064 -3.40235 3.08425e-18)
(2.19771 -3.45022 -3.0639e-18)
(2.11093 -3.48922 0)
(2.036 -3.51485 1.76e-18)
(1.98086 -3.5231 1.17673e-18)
(1.95513 -3.51694 6.9172e-19)
(1.95921 -3.49291 -1.57492e-18)
(2.01691 -3.42578 0)
(2.10089 -3.24888 -3.56333e-19)
(2.15043 -3.54711 5.94557e-19)
(2.42468 -3.17454 3.54669e-18)
(2.31851 -3.22922 -1.82712e-18)
(2.2187 -3.28309 0)
(2.1265 -3.33375 0)
(2.04563 -3.37854 1.73931e-18)
(1.98087 -3.41589 -1.45578e-18)
(1.9408 -3.44426 -2.58695e-19)
(1.93231 -3.46293 0)
(1.96466 -3.47848 -8.39532e-19)
(2.05364 -3.4757 1.23874e-18)
(2.19727 -3.36115 -1.08099e-18)
(2.39686 -3.77395 -2.73561e-19)
(2.37862 -3.06281 -7.51779e-18)
(2.26508 -3.11996 3.58643e-18)
(2.16089 -3.17646 7.21576e-18)
(2.06711 -3.23138 3.57402e-21)
(1.98667 -3.2838 -8.5298e-18)
(1.92395 -3.33344 -3.60478e-18)
(1.88517 -3.38114 -2.46924e-19)
(1.87754 -3.4289 0)
(1.91204 -3.47876 0)
(2.00599 -3.53297 -1.09256e-18)
(2.19598 -3.47945 -7.82769e-19)
(2.51785 -3.93824 2.38611e-19)
(2.3408 -2.95708 4.03661e-18)
(2.21814 -3.01805 -7.94991e-18)
(2.10663 -3.07834 -3.52282e-18)
(2.00704 -3.13824 -2.03497e-19)
(1.92164 -3.19831 3.36881e-18)
(1.854 -3.25983 3.31998e-18)
(1.80928 -3.32515 1.86962e-18)
(1.79434 -3.39788 1.81798e-18)
(1.82035 -3.48148 -2.0148e-18)
(1.90717 -3.58219 0)
(2.09669 -3.60371 1.25736e-18)
(2.50537 -4.09821 -3.61847e-19)
(2.30672 -2.85351 0)
(2.17397 -2.91773 3.9704e-18)
(2.05357 -2.98101 0)
(1.94577 -3.0447 -2.02577e-19)
(1.85205 -3.11049 5.48683e-22)
(1.7749 -3.18093 7.79088e-18)
(1.71809 -3.26 -7.49787e-18)
(1.6875 -3.35337 0)
(1.69361 -3.46691 -2.12979e-18)
(1.75773 -3.61258 1.19548e-18)
(1.9329 -3.71084 -2.33979e-18)
(2.38767 -4.20376 1.17727e-18)
(2.26891 -2.74333 4.67964e-18)
(2.12687 -2.81047 -4.53441e-18)
(1.99768 -2.87592 -4.58758e-18)
(1.88092 -2.9418 4.47459e-18)
(1.77721 -3.01065 4.21327e-18)
(1.688 -3.08606 -1.23028e-17)
(1.61515 -3.17345 3.82773e-18)
(1.56277 -3.28094 0)
(1.53907 -3.41766 1.93896e-18)
(1.56485 -3.60268 0)
(1.70412 -3.78074 2.85215e-18)
(2.12955 -4.26193 -2.08745e-18)
(2.21606 -2.6171 0)
(2.06867 -2.68789 -1.01162e-17)
(1.93354 -2.75532 -5.25267e-18)
(1.8096 -2.82195 -9.1565e-18)
(1.6967 -2.8908 4.53978e-18)
(1.59516 -2.96645 4.27095e-18)
(1.5047 -3.05559 0)
(1.42684 -3.16822 0)
(1.36563 -3.31735 0)
(1.33862 -3.53218 0)
(1.40304 -3.77208 -7.92564e-19)
(1.71975 -4.24829 -1.03807e-19)
(2.13616 -2.46876 5.34792e-18)
(1.99082 -2.54442 4.91539e-18)
(1.85552 -2.61391 2.04125e-17)
(1.72869 -2.67995 5.23761e-18)
(1.6098 -2.74573 1.9636e-17)
(1.49832 -2.8162 -4.71811e-18)
(1.39168 -2.89956 -4.71718e-18)
(1.2881 -3.0062 0)
(1.1855 -3.15299 -4.45244e-18)
(1.09578 -3.37738 -2.39938e-18)
(1.03102 -3.64971 -1.82168e-18)
(1.0234 -4.11825 -1.10956e-25)
(2.02213 -2.29976 0)
(1.88786 -2.38029 0)
(1.75978 -2.45068 -2.03155e-17)
(1.63596 -2.51341 -1.47875e-17)
(1.51604 -2.57235 -4.67038e-18)
(1.39916 -2.6322 0)
(1.28117 -2.70228 4.6836e-18)
(1.15701 -2.79106 0)
(1.01722 -2.91747 -1.93478e-19)
(0.863521 -3.10906 2.22321e-18)
(0.640308 -3.38989 6.55362e-19)
(-0.0354551 -3.71804 4.60136e-18)
(-0.296435 -2.21584 1.16858e-19)
(-0.31582 -1.93435 1.82453e-19)
(-0.400591 -1.76689 -1.63867e-19)
(-0.508812 -1.65577 1.51761e-21)
(-0.6319 -1.58317 0)
(-0.753995 -1.52951 2.38572e-20)
(-0.879018 -1.60345 0)
(-1.18308 -1.71003 5.23444e-19)
(-2.0039 -1.43166 1.14322e-18)
(-2.86311 -1.60497 -3.18409e-20)
(-3.12791 -2.00207 8.4124e-19)
(-3.39546 -2.12915 7.58297e-19)
(0.37152 -2.7407 4.4974e-19)
(0.216295 -2.37799 -6.29457e-19)
(-0.0390507 -2.33359 5.78591e-19)
(-0.312897 -2.33084 -2.38498e-21)
(-0.609792 -2.38514 -1.12837e-18)
(-1.03476 -2.39334 -1.9879e-19)
(-1.86143 -2.42949 -1.14812e-18)
(-2.61496 -2.70713 -1.52638e-18)
(-2.97682 -2.71693 2.20305e-18)
(-3.12933 -2.77688 -5.00216e-19)
(-3.16335 -2.79784 7.38027e-19)
(-3.24529 -2.78458 4.60301e-19)
(0.347654 -2.98984 -3.52349e-19)
(0.114931 -2.69511 0)
(-0.295322 -2.72166 0)
(-0.7693 -2.74165 -1.61298e-18)
(-1.40489 -2.8127 0)
(-2.14587 -2.96253 -1.3065e-18)
(-2.67202 -2.99413 6.64286e-19)
(-2.98976 -2.9834 2.41869e-18)
(-3.15277 -2.86062 -1.2111e-18)
(-3.2495 -2.75325 -1.92517e-18)
(-3.28671 -2.67073 -3.76107e-18)
(-3.35384 -2.58497 3.82984e-18)
(0.318084 -3.31927 -1.68186e-18)
(-0.0644951 -3.11088 -1.2364e-18)
(-0.626352 -3.20584 2.45221e-18)
(-1.27649 -3.26985 9.91564e-19)
(-1.936 -3.334 0)
(-2.47286 -3.32125 -4.41595e-18)
(-2.79137 -3.20386 3.17672e-18)
(-2.97257 -3.07295 0)
(-3.08702 -2.91282 3.17901e-18)
(-3.15141 -2.78791 -5.24358e-18)
(-3.19162 -2.68124 3.58357e-18)
(-3.24468 -2.5794 4.95854e-19)
(0.104472 -3.53855 1.93106e-18)
(-0.334971 -3.48888 3.05735e-18)
(-0.937338 -3.59874 9.80577e-19)
(-1.57785 -3.638 0)
(-2.13597 -3.59708 -2.70363e-18)
(-2.51124 -3.46195 4.46108e-18)
(-2.72943 -3.28667 0)
(-2.86729 -3.11286 -3.19312e-18)
(-2.95452 -2.94227 -2.99502e-18)
(-3.01591 -2.79105 4.38154e-18)
(-3.06613 -2.65925 0)
(-3.12037 -2.53802 -3.34913e-18)
(-0.105193 -3.73745 2.02706e-18)
(-0.586863 -3.78739 7.39024e-19)
(-1.15324 -3.87716 -2.27521e-18)
(-1.7086 -3.85254 -8.89587e-18)
(-2.14367 -3.72531 -3.09814e-19)
(-2.42587 -3.53772 7.82498e-18)
(-2.60591 -3.33429 0)
(-2.72906 -3.13704 8.92592e-18)
(-2.81824 -2.95125 -5.20975e-18)
(-2.88735 -2.78431 4.55467e-18)
(-2.94685 -2.6364 2.88265e-19)
(-3.00533 -2.50203 -6.12793e-20)
(-0.325005 -3.90253 -1.92045e-18)
(-0.791652 -4.04806 -1.47914e-18)
(-1.28056 -4.08496 0)
(-1.72603 -4.00129 9.80611e-18)
(-2.06615 -3.82417 -1.33355e-17)
(-2.30106 -3.60636 -2.19991e-19)
(-2.46568 -3.38156 -1.32119e-17)
(-2.5879 -3.16628 5.52936e-19)
(-2.68321 -2.96632 -5.12542e-18)
(-2.76149 -2.7851 -5.09558e-18)
(-2.83015 -2.62248 5.07239e-18)
(-2.89483 -2.47515 -4.19324e-18)
(-0.53367 -4.08708 -1.69655e-19)
(-0.938075 -4.29835 -1.79843e-18)
(-1.32868 -4.26471 0)
(-1.67649 -4.1361 4.81522e-18)
(-1.95304 -3.92472 3.30216e-18)
(-2.16229 -3.6822 2.95964e-18)
(-2.32206 -3.43734 -5.20136e-19)
(-2.44846 -3.20401 -1.28501e-19)
(-2.55193 -2.98774 -5.67543e-18)
(-2.63941 -2.79085 -6.12572e-19)
(-2.71631 -2.61324 2.38163e-19)
(-2.78695 -2.4526 0)
(-0.705191 -4.25711 2.10884e-18)
(-1.02853 -4.53058 0)
(-1.31484 -4.41869 0)
(-1.58302 -4.24639 -3.75044e-18)
(-1.81434 -4.00617 3.352e-18)
(-2.00742 -3.74223 -6.97019e-18)
(-2.16703 -3.47939 0)
(-2.30034 -3.22977 5.80308e-18)
(-2.41327 -2.99857 -2.46747e-19)
(-2.51039 -2.78775 4.96853e-18)
(-2.59558 -2.59719 -5.21645e-18)
(-2.67246 -2.42498 1.00425e-17)
(-0.837851 -4.51127 4.33261e-18)
(-1.02432 -4.7201 -1.36624e-18)
(-1.21142 -4.50228 -4.81869e-18)
(-1.42807 -4.27005 -8.34205e-18)
(-1.63146 -4.00329 0)
(-1.8167 -3.72549 6.32543e-18)
(-1.98114 -3.45503 -1.28575e-17)
(-2.12506 -3.20032 5.72723e-18)
(-2.25049 -2.96472 6.15033e-18)
(-2.3598 -2.7494 0)
(-2.45546 -2.55409 -5.89061e-18)
(-2.54053 -2.37698 -9.95249e-18)
(-0.986279 -4.56342 -6.40517e-18)
(-0.934413 -4.68331 1.4012e-18)
(-1.0154 -4.3745 4.24962e-18)
(-1.19432 -4.08412 3.60058e-18)
(-1.38519 -3.81512 -4.99873e-20)
(-1.5742 -3.55262 -1.05562e-17)
(-1.75116 -3.30244 1.26299e-17)
(-1.91146 -3.06772 2.47452e-17)
(-2.05373 -2.84913 -1.73644e-17)
(-2.17897 -2.6473 -1.18e-17)
(-2.28826 -2.46213 1.08336e-17)
(-2.38444 -2.29218 0)
(-0.402492 -4.17843 5.41144e-18)
(-0.559346 -4.09774 1.8427e-18)
(-0.683772 -3.79652 1.98779e-18)
(-0.875201 -3.55318 7.81608e-18)
(-1.08721 -3.36332 0)
(-1.29652 -3.17551 6.21978e-18)
(-1.49236 -2.98976 -1.24082e-17)
(-1.67121 -2.80874 -5.49984e-18)
(-1.83153 -2.63365 -5.64053e-18)
(-1.97389 -2.46687 1.07106e-17)
(-2.09808 -2.30955 5.61322e-18)
(-2.20693 -2.16127 1.61493e-17)
(-3.64763 -2.23583 9.45244e-20)
(-3.87342 -2.15795 6.13419e-19)
(-4.03548 -2.0902 2.43405e-19)
(-4.1203 -1.93595 -5.49272e-19)
(-4.13941 -1.79984 1.37182e-19)
(-4.08982 -1.60638 0)
(-3.96717 -1.42885 -5.21482e-19)
(-3.76152 -1.22597 3.95637e-19)
(-3.48257 -1.02786 0)
(-3.10007 -0.786281 1.16063e-19)
(-2.68098 -0.376367 0)
(-2.53498 0.224105 0)
(-3.34633 -2.75737 -4.32374e-18)
(-3.43615 -2.71256 3.0498e-18)
(-3.5298 -2.63053 2.33376e-18)
(-3.6207 -2.50916 -9.87644e-19)
(-3.69921 -2.35179 0)
(-3.7377 -2.19209 0)
(-3.73259 -2.03589 1.49637e-18)
(-3.67532 -1.89233 -1.61244e-18)
(-3.56498 -1.78085 0)
(-3.32432 -1.67756 6.10755e-19)
(-3.04913 -1.53723 -3.78225e-20)
(-3.19037 -1.02081 -1.10682e-18)
(-3.42032 -2.49796 1.67893e-18)
(-3.4896 -2.40788 -2.86544e-18)
(-3.5585 -2.31405 0)
(-3.61757 -2.21609 -3.00777e-18)
(-3.65773 -2.12054 -3.07011e-18)
(-3.67379 -2.02867 6.52257e-18)
(-3.65964 -1.95207 -5.80548e-18)
(-3.61631 -1.90099 0)
(-3.55118 -1.87863 0)
(-3.41581 -1.87078 0)
(-3.19928 -1.86025 -5.3725e-19)
(-3.41267 -1.7408 1.65519e-19)
(-3.29683 -2.48079 -1.35508e-18)
(-3.35012 -2.38521 -4.00694e-19)
(-3.40227 -2.29064 0)
(-3.45017 -2.1977 -3.78288e-19)
(-3.48918 -2.11091 0)
(-3.51481 -2.03598 0)
(-3.52307 -1.98083 1.33686e-18)
(-3.51692 -1.95509 -1.59878e-18)
(-3.49289 -1.95917 1.73542e-18)
(-3.42577 -2.01686 0)
(-3.24888 -2.10084 -5.53374e-19)
(-3.5471 -2.15037 -6.63607e-19)
(-3.17445 -2.4247 7.38886e-18)
(-3.22915 -2.31852 -1.82689e-18)
(-3.28304 -2.2187 3.27174e-18)
(-3.33371 -2.12649 1.46698e-18)
(-3.37851 -2.04561 -4.94565e-18)
(-3.41587 -1.98085 0)
(-3.44425 -1.94076 -1.66536e-18)
(-3.46291 -1.93227 0)
(-3.47847 -1.96461 0)
(-3.47569 -2.05358 1.23878e-18)
(-3.36115 -2.19721 3.1313e-20)
(-3.77393 -2.3968 7.44394e-19)
(-3.06274 -2.37864 -3.50727e-18)
(-3.11991 -2.2651 -2.6599e-19)
(-3.17643 -2.1609 0)
(-3.23135 -2.06711 0)
(-3.28378 -1.98666 -5.39974e-18)
(-3.33343 -1.92393 3.38078e-18)
(-3.38113 -1.88513 3.43552e-18)
(-3.4289 -1.8775 1.78615e-18)
(-3.47876 -1.91199 -4.22846e-18)
(-3.53296 -2.00593 -1.09257e-18)
(-3.47946 -2.19592 0)
(-3.93823 -2.51779 8.49e-19)
(-2.95704 -2.34083 -8.29028e-18)
(-3.01802 -2.21816 3.40193e-18)
(-3.07832 -2.10664 3.75597e-18)
(-3.13822 -2.00705 2.05434e-19)
(-3.1983 -1.92163 -4.19712e-19)
(-3.25982 -1.85398 -3.7573e-18)
(-3.32515 -1.80925 -5.44281e-18)
(-3.39788 -1.7943 -1.94972e-18)
(-3.48148 -1.8203 1.85756e-18)
(-3.58219 -1.90712 0)
(-3.60372 -2.09663 2.12586e-18)
(-4.0982 -2.50531 -5.42153e-19)
(-2.85347 -2.30675 8.4343e-18)
(-2.9177 -2.174 -4.5858e-18)
(-2.981 -2.05359 -4.25345e-18)
(-3.04469 -1.94578 -7.7325e-18)
(-3.11049 -1.85204 7.55855e-18)
(-3.18094 -1.77489 -1.95137e-19)
(-3.26 -1.71806 1.12579e-17)
(-3.35338 -1.68747 1.78522e-18)
(-3.46692 -1.69356 2.12967e-18)
(-3.61258 -1.75767 0)
(-3.71084 -1.93284 -1.45542e-18)
(-4.20375 -2.38761 -6.95955e-19)
(-2.7433 -2.26894 0)
(-2.81045 -2.1269 4.34363e-18)
(-2.87591 -1.9977 4.23058e-18)
(-2.9418 -1.88093 -4.3137e-18)
(-3.01065 -1.77721 -1.64746e-19)
(-3.08606 -1.68799 -4.27046e-18)
(-3.17345 -1.61513 -3.82742e-18)
(-3.28094 -1.56274 0)
(-3.41767 -1.53903 -1.93884e-18)
(-3.60269 -1.5648 -1.20359e-18)
(-3.78074 -1.70406 4.66626e-18)
(-4.26192 -2.12949 -9.99616e-19)
(-2.61707 -2.21609 0)
(-2.68787 -2.0687 0)
(-2.75531 -1.93355 0)
(-2.82195 -1.80961 -1.42754e-17)
(-2.89081 -1.6967 9.05438e-18)
(-2.96645 -1.59515 8.69838e-18)
(-3.0556 -1.50468 0)
(-3.16823 -1.42681 -4.33784e-18)
(-3.31736 -1.36559 0)
(-3.53219 -1.33857 -2.47028e-18)
(-3.77209 -1.40299 -7.92545e-19)
(-4.24829 -1.71969 -1.27364e-18)
(-2.46873 -2.13618 0)
(-2.5444 -1.99084 0)
(-2.6139 -1.85554 1.0493e-17)
(-2.67994 -1.7287 1.46595e-17)
(-2.74573 -1.6098 4.04656e-19)
(-2.8162 -1.49831 4.85163e-18)
(-2.89957 -1.39167 -2.31133e-18)
(-3.00621 -1.28807 6.48918e-18)
(-3.153 -1.18546 4.45211e-18)
(-3.37739 -1.09573 2.24007e-18)
(-3.64971 -1.03097 -1.82163e-18)
(-4.11825 -1.02334 -1.95705e-18)
(-2.29972 -2.02214 0)
(-2.38026 -1.88786 0)
(-2.45066 -1.75978 -9.9198e-18)
(-2.51341 -1.63596 5.21964e-18)
(-2.57235 -1.51603 -4.67022e-18)
(-2.63221 -1.39915 -4.71869e-18)
(-2.70229 -1.28116 4.90151e-18)
(-2.79107 -1.15699 0)
(-2.91748 -1.01718 -4.33973e-18)
(-3.10907 -0.863478 -2.31255e-18)
(-3.38989 -0.640258 2.25127e-18)
(-3.71805 0.0355048 -4.6207e-18)
(-2.21583 0.296448 1.16947e-19)
(-1.93435 0.315823 0)
(-1.76689 0.400598 0)
(-1.65577 0.508807 5.57523e-19)
(-1.58317 0.631937 -5.88042e-19)
(-1.52952 0.753974 0)
(-1.60334 0.87904 0)
(-1.70995 1.18302 5.23285e-19)
(-1.43166 2.00362 1.19214e-18)
(-1.6048 2.863 1.24494e-18)
(-2.00192 3.12797 -2.49832e-20)
(-2.12908 3.39548 7.12585e-19)
(-2.74069 -0.371506 -6.24839e-19)
(-2.37798 -0.216293 0)
(-2.33356 0.0390639 0)
(-2.33078 0.312932 -8.91156e-19)
(-2.385 0.609759 2.32104e-18)
(-2.39334 1.03451 -2.64058e-18)
(-2.42935 1.86101 9.55801e-19)
(-2.70696 2.61478 8.76853e-19)
(-2.71689 2.97678 -2.75876e-19)
(-2.77681 3.12935 8.02758e-19)
(-2.79775 3.16349 0)
(-2.78457 3.24536 -1.82721e-18)
(-2.98981 -0.347671 3.52314e-19)
(-2.69505 -0.11501 0)
(-2.72155 0.295197 0)
(-2.74151 0.769027 -9.42013e-19)
(-2.81244 1.40446 7.1246e-19)
(-2.96226 2.14556 -1.64115e-18)
(-2.99395 2.67198 0)
(-2.98327 2.9899 -3.17566e-18)
(-2.86054 3.15296 3.8932e-18)
(-2.75316 3.24982 -1.09359e-18)
(-2.67071 3.28686 -2.64662e-18)
(-2.58496 3.35396 3.8295e-18)
(-3.31927 -0.318218 -8.40813e-19)
(-3.11078 0.0642605 1.23609e-18)
(-3.20569 0.626049 0)
(-3.26964 1.27617 9.91925e-19)
(-3.33381 1.9358 -6.56116e-19)
(-3.32115 2.47288 1.18694e-18)
(-3.20381 2.79153 0)
(-3.07291 2.97278 -2.39498e-18)
(-2.91278 3.08722 -5.32484e-18)
(-2.78788 3.1516 3.65357e-18)
(-2.68123 3.19174 3.58377e-18)
(-2.57941 3.24479 -6.97511e-18)
(-3.53859 -0.104658 9.652e-19)
(-3.48882 0.334704 -1.24481e-18)
(-3.59866 0.937074 2.93347e-18)
(-3.63793 1.57768 0)
(-3.59707 2.13597 -5.73701e-18)
(-3.46196 2.51141 5.33687e-18)
(-3.28667 2.72965 3.17805e-18)
(-3.11284 2.86752 2.42684e-18)
(-2.94224 2.95472 0)
(-2.79102 3.01607 0)
(-2.65923 3.06623 0)
(-2.53802 3.12045 -7.50025e-19)
(-3.73754 0.104969 5.25997e-18)
(-3.78739 0.586623 0)
(-3.8772 1.15306 -2.27561e-18)
(-3.85261 1.70854 4.6476e-18)
(-3.72538 2.14376 3.53817e-18)
(-3.53777 2.42605 -7.45793e-18)
(-3.33431 2.6061 3.50821e-18)
(-3.13703 2.72925 -1.22505e-17)
(-2.95122 2.8184 -1.90943e-19)
(-2.78428 2.88747 -4.49725e-19)
(-2.63638 2.94694 2.88302e-19)
(-2.50202 3.0054 1.18599e-17)
(-3.90263 0.324819 -6.8878e-18)
(-4.04812 0.791478 4.18384e-18)
(-4.08508 1.28044 -6.46299e-18)
(-4.00142 1.72601 -4.52685e-18)
(-3.82427 2.06623 -8.29017e-18)
(-3.60642 2.30121 -4.42683e-18)
(-3.38157 2.46584 -6.5456e-18)
(-3.16626 2.58804 1.08941e-17)
(-2.96629 2.68333 0)
(-2.78506 2.76158 9.54128e-18)
(-2.62244 2.83021 -1.33993e-17)
(-2.47513 2.89488 4.48831e-18)
(-4.08718 0.533529 -3.13667e-18)
(-4.29843 0.937954 -5.2641e-18)
(-4.26485 1.3286 7.39122e-18)
(-4.13624 1.67648 0)
(-3.92483 1.9531 -4.13851e-18)
(-3.68226 2.16239 6.29971e-18)
(-3.43737 2.32218 -3.20065e-19)
(-3.204 2.44857 1.28523e-19)
(-2.98771 2.55202 -5.24135e-18)
(-2.79081 2.63948 -9.91103e-18)
(-2.6132 2.71635 4.44685e-18)
(-2.45257 2.78698 -4.51103e-18)
(-4.25721 0.705113 2.10893e-18)
(-4.53066 1.02846 0)
(-4.41882 1.31479 0)
(-4.24652 1.58301 0)
(-4.00628 1.81438 3.35198e-18)
(-3.74231 2.00749 0)
(-3.47942 2.16712 -4.10563e-19)
(-3.22977 2.30042 1.15238e-17)
(-2.99855 2.41334 2.81829e-19)
(-2.78772 2.51044 4.96877e-18)
(-2.59716 2.59562 -5.02149e-18)
(-2.42494 2.67248 1.48615e-17)
(-4.51136 0.837843 7.11581e-20)
(-4.72015 1.02428 7.25023e-18)
(-4.50238 1.21139 -2.21822e-18)
(-4.27017 1.42806 0)
(-4.00339 1.63148 0)
(-3.72557 1.81675 0)
(-3.45508 1.9812 0)
(-3.20034 2.12512 5.98619e-18)
(-2.96472 2.25055 -2.30252e-17)
(-2.74939 2.35985 -1.13968e-17)
(-2.55407 2.45549 1.10124e-17)
(-2.37695 2.54055 5.90006e-18)
(-4.56345 0.986288 -6.40489e-18)
(-4.68334 0.934385 -4.25857e-18)
(-4.37456 1.01538 -2.5385e-18)
(-4.0842 1.19432 0)
(-3.8152 1.38521 0)
(-3.55269 1.57423 7.09193e-18)
(-3.30249 1.75121 -1.3114e-17)
(-3.06776 1.91152 2.49618e-17)
(-2.84915 2.05378 1.77008e-17)
(-2.6473 2.17902 1.11118e-17)
(-2.46212 2.2883 -1.08336e-17)
(-2.29217 2.38446 6.27387e-19)
(-4.17846 0.402525 -1.83072e-18)
(-4.09776 0.559352 0)
(-3.79657 0.683774 3.80525e-18)
(-3.55325 0.875208 -1.16193e-17)
(-3.3634 1.08724 1.05038e-17)
(-3.17558 1.29656 3.56079e-19)
(-2.98983 1.49241 5.89399e-18)
(-2.80879 1.67126 -5.49981e-18)
(-2.63369 1.83158 -2.81097e-17)
(-2.46689 1.97393 0)
(-2.30957 2.09812 0)
(-2.16128 2.20695 4.90663e-19)
(-2.23581 3.64767 -6.60539e-19)
(-2.15794 3.87347 -4.94748e-19)
(-2.09021 4.03555 -2.40044e-19)
(-1.93597 4.12037 -4.81687e-19)
(-1.79986 4.13947 1.35628e-19)
(-1.60641 4.08988 8.61728e-20)
(-1.42888 3.96723 -5.21408e-19)
(-1.226 3.76157 1.38048e-18)
(-1.02788 3.48262 -6.79486e-19)
(-0.786301 3.1001 -1.1606e-19)
(-0.376391 2.681 0)
(0.224062 2.53501 0)
(-2.75734 3.34642 3.9135e-18)
(-2.71257 3.43622 -1.75439e-18)
(-2.63055 3.52987 -8.87041e-19)
(-2.50919 3.62076 0)
(-2.35182 3.69927 -1.46009e-18)
(-2.19213 3.73775 0)
(-2.03592 3.73264 -6.52401e-19)
(-1.89236 3.67536 1.61235e-18)
(-1.78088 3.56502 0)
(-1.67759 3.32434 1.46487e-18)
(-1.53727 3.04914 -1.73178e-18)
(-1.02086 3.19038 2.53975e-19)
(-2.49796 3.42043 1.62522e-18)
(-2.40789 3.48968 -4.39812e-18)
(-2.31407 3.55857 1.23124e-18)
(-2.21611 3.61763 0)
(-2.12057 3.65779 1.31838e-18)
(-2.0287 3.67384 3.29655e-18)
(-1.95211 3.65968 -4.5051e-18)
(-1.90103 3.61634 2.05577e-18)
(-1.87867 3.5512 -8.90682e-19)
(-1.87083 3.41582 0)
(-1.86029 3.19928 0)
(-1.74085 3.41268 -1.52728e-19)
(-2.4808 3.29692 -3.19532e-18)
(-2.38523 3.3502 2.64561e-18)
(-2.29066 3.40233 3.08405e-18)
(-2.19772 3.45021 -1.68083e-18)
(-2.11095 3.48922 -3.12005e-18)
(-2.03602 3.51484 0)
(-1.98087 3.5231 1.60196e-19)
(-1.95514 3.51694 3.23551e-18)
(-1.95922 3.49291 -2.51118e-18)
(-2.01691 3.42578 9.99719e-19)
(-2.10089 3.24888 -5.63523e-20)
(-2.15043 3.5471 -5.94564e-19)
(-2.4247 3.17452 3.5464e-18)
(-2.31853 3.2292 -1.82698e-18)
(-2.21872 3.28308 3.27186e-18)
(-2.12652 3.33374 -1.74636e-18)
(-2.04565 3.37853 0)
(-1.98088 3.41589 0)
(-1.94081 3.44426 -1.40667e-18)
(-1.93231 3.46292 -3.48362e-18)
(-1.96467 3.47848 1.86152e-18)
(-2.05364 3.47569 1.23869e-18)
(-2.19727 3.36115 -1.08099e-18)
(-2.39686 3.77394 0)
(-2.37864 3.06279 -2.50408e-19)
(-2.2651 3.11994 -7.43832e-18)
(-2.16091 3.17645 0)
(-2.06713 3.23137 3.40835e-18)
(-1.98669 3.28379 -3.37064e-18)
(-1.92396 3.33343 0)
(-1.88517 3.38113 -1.34821e-19)
(-1.87755 3.4289 -1.49201e-19)
(-1.91204 3.47876 0)
(-2.00599 3.53296 -2.38237e-18)
(-2.19598 3.47945 1.10468e-18)
(-2.51785 3.93823 -6.14065e-19)
(-2.34082 2.95707 -4.2749e-18)
(-2.21815 3.01804 1.158e-17)
(-2.10664 3.07833 0)
(-2.00706 3.13823 -3.66045e-18)
(-1.92166 3.1983 3.59485e-18)
(-1.85401 3.25982 3.54372e-18)
(-1.80929 3.32515 -3.90637e-18)
(-1.79435 3.39787 -1.8439e-18)
(-1.82035 3.48148 0)
(-1.90717 3.58218 -1.50821e-18)
(-2.09669 3.60371 1.49876e-18)
(-2.50537 4.0982 0)
(-2.30673 2.85349 8.64955e-18)
(-2.17399 2.91771 -8.14761e-18)
(-2.05359 2.981 8.32421e-18)
(-1.94578 3.04469 -7.93177e-18)
(-1.85206 3.11048 5.47852e-22)
(-1.77491 3.18092 3.80528e-18)
(-1.7181 3.25999 3.55344e-18)
(-1.68751 3.35336 0)
(-1.69361 3.4669 -2.12969e-18)
(-1.75772 3.61257 4.81016e-18)
(-1.9329 3.71083 -1.45538e-18)
(-2.38766 4.20375 0)
(-2.26892 2.7433 4.67932e-18)
(-2.12688 2.81045 1.78923e-19)
(-1.99769 2.87591 -4.23071e-18)
(-1.88093 2.94178 0)
(-1.77722 3.01064 0)
(-1.68801 3.08604 0)
(-1.61516 3.17343 0)
(-1.56277 3.28093 -4.1404e-18)
(-1.53907 3.41765 1.93886e-18)
(-1.56485 3.60267 2.81291e-19)
(-1.70411 3.78073 0)
(-2.12953 4.26192 0)
(-2.21607 2.61707 -5.02708e-18)
(-2.06868 2.68787 -1.48403e-17)
(-1.93354 2.7553 0)
(-1.80961 2.82193 4.94691e-18)
(-1.6967 2.89079 9.22799e-18)
(-1.59517 2.96643 0)
(-1.5047 3.05557 0)
(-1.42684 3.16821 1.78801e-18)
(-1.36563 3.31734 -6.45661e-18)
(-1.33861 3.53217 2.23769e-19)
(-1.40304 3.77208 0)
(-1.71973 4.24828 0)
(-2.13617 2.46874 -5.6255e-18)
(-1.99083 2.5444 -5.8205e-18)
(-1.85553 2.61389 1.0493e-17)
(-1.7287 2.67993 -1.46596e-17)
(-1.60981 2.74571 5.22496e-18)
(-1.49832 2.81618 9.56947e-18)
(-1.39169 2.89954 -2.40551e-18)
(-1.2881 3.00619 2.08081e-18)
(-1.1855 3.15297 4.1799e-18)
(-1.09577 3.37737 -4.63937e-18)
(-1.03101 3.6497 -1.82164e-18)
(-1.02337 4.11825 0)
(-2.02214 2.29974 -4.88355e-19)
(-1.88786 2.38026 1.00655e-17)
(-1.75978 2.45065 -9.9197e-18)
(-1.63596 2.51339 0)
(-1.51604 2.57233 -9.57449e-18)
(-1.39916 2.63218 -1.45997e-17)
(-1.28117 2.70226 -2.18082e-19)
(-1.15701 2.79105 0)
(-1.01722 2.91746 0)
(-0.863514 3.10906 1.09577e-18)
(-0.640294 3.38989 9.54425e-21)
(0.0354787 3.71804 2.32429e-18)
(0.140128 2.64017 5.62926e-19)
(0.231519 2.73624 2.26368e-18)
(0.426058 2.77725 1.25942e-19)
(0.633417 2.77049 0)
(0.849036 2.73194 5.49097e-18)
(1.0587 2.6599 -5.15947e-18)
(1.25776 2.56542 -1.53325e-17)
(1.44345 2.45703 -1.02131e-17)
(1.61372 2.34132 -6.90311e-21)
(1.76794 2.22343 -4.91714e-18)
(1.90347 2.10629 9.91562e-18)
(2.02268 1.99054 -9.51752e-18)
(0.170344 2.25193 0)
(0.297341 2.24303 0)
(0.431529 2.2514 -2.19292e-18)
(0.575397 2.2494 4.46313e-18)
(0.738685 2.23799 -1.10538e-17)
(0.912879 2.20884 -6.68242e-18)
(1.09069 2.16339 8.71313e-18)
(1.26624 2.10492 2.19844e-17)
(1.43406 2.03708 -4.41016e-18)
(1.59073 1.96335 0)
(1.72968 1.88549 2.4215e-19)
(1.85212 1.80354 0)
(0.134702 2.0163 -4.37548e-19)
(0.250181 1.98362 4.51759e-19)
(0.378811 1.96139 3.70086e-18)
(0.513115 1.93947 3.88839e-20)
(0.660695 1.9189 3.77546e-18)
(0.819039 1.89409 -6.55618e-20)
(0.983677 1.86345 0)
(1.14988 1.8272 -3.87435e-18)
(1.31165 1.78555 -3.98114e-18)
(1.46373 1.7393 1.21895e-17)
(1.59622 1.68774 -1.21636e-17)
(1.70858 1.63007 8.36407e-18)
(0.100853 1.80914 -7.93767e-19)
(0.214635 1.78151 1.62135e-18)
(0.337513 1.75854 3.06213e-20)
(0.466283 1.73862 -3.35406e-18)
(0.607575 1.72174 -6.89503e-18)
(0.760951 1.70418 -4.96054e-20)
(0.922846 1.68316 -7.14692e-18)
(1.0879 1.65667 3.63557e-18)
(1.24817 1.62281 -3.68362e-18)
(1.39447 1.58054 -7.46193e-18)
(1.51239 1.52845 0)
(1.59527 1.46683 7.82654e-18)
(2.12074 1.8779 9.45544e-18)
(2.20227 1.76159 9.73199e-18)
(2.2689 1.64675 0)
(2.32288 1.53108 0)
(2.36944 1.41512 4.55589e-18)
(2.41348 1.29813 -4.45403e-18)
(2.46505 1.17549 2.10703e-18)
(2.52905 1.04086 6.43716e-18)
(2.62221 0.88104 0)
(2.73386 0.686264 0)
(2.92192 0.39489 5.76276e-19)
(2.77897 -0.246 -1.51252e-18)
(1.94573 1.7195 -9.04977e-18)
(2.01777 1.62141 2.85974e-19)
(2.07035 1.52129 0)
(2.1067 1.41594 -4.27833e-18)
(2.13424 1.30717 -6.77806e-21)
(2.15877 1.1943 4.08071e-18)
(2.19141 1.0733 0)
(2.23475 0.937367 -3.98625e-18)
(2.30503 0.776859 0)
(2.37377 0.577902 -3.84941e-18)
(2.49925 0.341924 -1.85315e-18)
(2.41365 -0.100569 -1.49636e-26)
(1.7775 1.56631 -2.47388e-19)
(1.82126 1.47723 -8.00694e-18)
(1.84558 1.38771 0)
(1.85528 1.29146 7.90833e-18)
(1.86032 1.19149 3.80434e-18)
(1.86759 1.08619 1.59222e-21)
(1.88819 0.97182 -9.1298e-18)
(1.92248 0.840203 1.0707e-17)
(1.98539 0.686536 -1.74624e-18)
(2.04186 0.494994 7.78822e-18)
(2.139 0.300137 2.46028e-18)
(2.11408 -0.00951203 -4.34354e-19)
(1.6031 1.39955 2.28487e-17)
(1.59303 1.30589 0)
(1.57965 1.22364 0)
(1.56192 1.13871 -6.95505e-18)
(1.55122 1.05433 -6.91928e-18)
(1.5536 0.965626 6.73927e-18)
(1.57723 0.867589 1.30704e-17)
(1.62001 0.749828 -6.38752e-18)
(1.69039 0.610336 3.17396e-18)
(1.75512 0.433473 -3.14295e-18)
(1.84041 0.258564 -1.52775e-18)
(1.85779 0.0269746 -3.89555e-19)
(2.6402 -0.140133 -1.12585e-18)
(2.73626 -0.231531 0)
(2.77728 -0.426073 1.25944e-19)
(2.77051 -0.633433 0)
(2.73196 -0.849052 0)
(2.65992 -1.05872 5.15938e-18)
(2.56543 -1.25777 0)
(2.45704 -1.44346 9.8758e-18)
(2.34132 -1.61372 9.73503e-18)
(2.22343 -1.76794 9.97044e-18)
(2.10629 -1.90345 -4.88389e-18)
(1.99053 -2.02266 -5.01907e-18)
(2.25194 -0.170353 -5.30576e-19)
(2.24305 -0.297354 -5.40685e-19)
(2.25141 -0.431543 -1.08751e-18)
(2.24942 -0.57541 0)
(2.23801 -0.738696 -2.21254e-18)
(2.20885 -0.912887 1.1108e-17)
(2.1634 -1.0907 0)
(2.10493 -1.26624 4.40477e-18)
(2.03708 -1.43405 -4.41004e-18)
(1.96335 -1.59071 -8.72433e-18)
(1.88548 -1.72966 -8.99989e-18)
(1.80354 -1.8521 8.78136e-18)
(2.0163 -0.134716 -8.78939e-19)
(1.98362 -0.250198 1.35055e-18)
(1.9614 -0.378825 -2.7612e-18)
(1.93948 -0.513125 1.87812e-18)
(1.91891 -0.660701 0)
(1.8941 -0.819041 -1.53522e-17)
(1.86345 -0.983674 0)
(1.8272 -1.14987 7.9035e-18)
(1.78555 -1.31163 -4.01987e-18)
(1.7393 -1.46371 8.1595e-18)
(1.68773 -1.5962 4.00554e-18)
(1.63007 -1.70856 -8.36376e-18)
(1.80914 -0.100871 1.18693e-18)
(1.78151 -0.214655 1.62134e-18)
(1.75854 -0.337528 0)
(1.73862 -0.466292 0)
(1.72174 -0.607578 0)
(1.70418 -0.760948 1.39875e-17)
(1.68315 -0.922837 7.14675e-18)
(1.65667 -1.08789 -1.08691e-17)
(1.62281 -1.24816 1.10802e-17)
(1.58054 -1.39445 -7.46171e-18)
(1.52845 -1.51237 0)
(1.46683 -1.59525 7.56475e-18)
(1.87789 -2.12071 -9.82411e-18)
(1.76159 -2.20224 -9.73157e-18)
(1.64674 -2.26887 9.24305e-18)
(1.53107 -2.32285 -9.45808e-18)
(1.41512 -2.36941 0)
(1.29813 -2.41345 -9.07082e-18)
(1.1755 -2.46502 1.11735e-17)
(1.04086 -2.52902 -2.16542e-18)
(0.881049 -2.62218 4.21633e-18)
(0.686276 -2.73384 -1.07763e-18)
(0.394903 -2.92189 1.10092e-18)
(-0.245987 -2.77894 -7.84747e-19)
(1.71949 -1.9457 8.76357e-18)
(1.62141 -2.01774 8.68274e-18)
(1.52129 -2.07032 0)
(1.41594 -2.10668 4.12499e-18)
(1.30717 -2.13422 8.35842e-18)
(1.1943 -2.15875 3.95791e-18)
(1.0733 -2.19139 -1.60335e-17)
(0.937373 -2.23473 -3.98608e-18)
(0.776868 -2.30501 -3.90419e-18)
(0.577914 -2.37375 -9.60744e-19)
(0.341938 -2.49922 9.22407e-19)
(-0.100553 -2.41363 5.12535e-19)
(1.5663 -1.77747 0)
(1.47722 -1.82123 -1.23122e-17)
(1.38771 -1.84556 3.98732e-18)
(1.29146 -1.85526 4.00853e-18)
(1.1915 -1.8603 7.60968e-18)
(1.08619 -1.86757 -3.70965e-18)
(0.971825 -1.88817 8.99987e-18)
(0.840211 -1.92246 8.91951e-18)
(0.686546 -1.98537 1.72842e-18)
(0.495008 -2.04184 -1.72638e-18)
(0.300153 -2.13898 -4.12327e-19)
(-0.00949396 -2.11405 -3.93746e-21)
(1.39955 -1.60307 0)
(1.30589 -1.59301 -1.56362e-19)
(1.22364 -1.57964 0)
(1.13871 -1.56191 -1.4057e-17)
(1.05434 -1.55121 3.42714e-18)
(0.965631 -1.55359 -1.00907e-17)
(0.867595 -1.57722 0)
(0.749835 -1.62 -6.38726e-18)
(0.610346 -1.69037 3.15304e-18)
(0.433487 -1.7551 -3.14865e-18)
(0.258581 -1.84039 -1.14559e-18)
(0.0269947 -1.85776 -3.89236e-19)
(-0.140116 -2.64017 -1.12582e-18)
(-0.231528 -2.73624 1.19775e-19)
(-0.426077 -2.77723 0)
(-0.633432 -2.77044 -2.57915e-18)
(-0.849036 -2.73188 5.43155e-18)
(-1.05868 -2.65983 -8.0481e-18)
(-1.25772 -2.56534 -2.12266e-19)
(-1.4434 -2.45696 1.00767e-17)
(-1.61365 -2.34125 -4.9688e-18)
(-1.76787 -2.22338 0)
(-1.9034 -2.10626 -1.94846e-17)
(-2.02262 -1.99051 3.57534e-19)
(-0.170333 -2.25192 1.06752e-18)
(-0.297345 -2.24302 -5.21303e-19)
(-0.431537 -2.25138 4.45151e-18)
(-0.5754 -2.24937 -8.8501e-18)
(-0.738677 -2.23795 4.45891e-18)
(-0.912855 -2.20878 -1.5646e-19)
(-1.09065 -2.16333 0)
(-1.26619 -2.10487 1.32817e-17)
(-1.434 -2.03702 -4.40993e-18)
(-1.59066 -1.9633 0)
(-1.72962 -1.88545 8.7576e-18)
(-1.85207 -1.80351 -8.78123e-18)
(-0.134697 -2.01628 -4.36294e-19)
(-0.250184 -1.9836 2.47458e-20)
(-0.378813 -1.96137 -3.65815e-18)
(-0.513111 -1.93944 3.72112e-18)
(-0.66068 -1.91887 -3.77528e-18)
(-0.819012 -1.89405 1.15095e-17)
(-0.983638 -1.8634 1.16963e-17)
(-1.14983 -1.82715 -3.87415e-18)
(-1.3116 -1.78551 4.03223e-18)
(-1.46368 -1.73926 0)
(-1.59618 -1.68771 -8.26866e-18)
(-1.70854 -1.63005 0)
(-0.100851 -1.80911 -1.58751e-18)
(-0.214639 -1.78148 -3.22532e-18)
(-0.337514 -1.75851 3.31425e-18)
(-0.466276 -1.73859 -1.67841e-18)
(-0.607558 -1.72171 3.4313e-18)
(-0.760923 -1.70415 -1.22084e-17)
(-0.922809 -1.68312 -7.09759e-18)
(-1.08786 -1.65664 7.25687e-18)
(-1.24813 -1.62279 -1.10312e-17)
(-1.39444 -1.58053 0)
(-1.51236 -1.52844 7.54793e-18)
(-1.59525 -1.46682 -1.53909e-17)
(-2.12068 -1.87788 1.46527e-17)
(-2.20221 -1.76158 -4.77995e-18)
(-2.26886 -1.64674 0)
(-2.32284 -1.53107 -9.09888e-18)
(-2.36941 -1.41511 0)
(-2.41345 -1.29812 0)
(-2.46503 -1.17548 -4.3241e-18)
(-2.52904 -1.04084 0)
(-2.6222 -0.881015 0)
(-2.73386 -0.686236 -4.39714e-20)
(-2.92191 -0.394857 2.22633e-18)
(-2.77896 0.246035 1.56949e-18)
(-1.94568 -1.71948 -8.76345e-18)
(-2.01773 -1.6214 0)
(-2.07031 -1.52128 0)
(-2.10667 -1.41593 -4.27806e-18)
(-2.13422 -1.30717 4.17574e-18)
(-2.15875 -1.19429 0)
(-2.1914 -1.07328 -6.10557e-18)
(-2.23475 -0.937347 -1.96724e-18)
(-2.30503 -0.776833 0)
(-2.37379 -0.577876 -9.88367e-19)
(-2.49926 -0.341894 -2.30596e-18)
(-2.41366 0.100602 -5.09928e-19)
(-1.77746 -1.56629 8.36771e-18)
(-1.82123 -1.47722 -4.06681e-18)
(-1.84556 -1.38771 -8.10158e-18)
(-1.85526 -1.29146 3.90035e-18)
(-1.8603 -1.19149 -7.7032e-18)
(-1.86759 -1.08618 0)
(-1.8882 -0.971807 1.45002e-17)
(-1.9225 -0.840185 0)
(-1.98541 -0.686512 1.75882e-18)
(-2.04189 -0.49497 8.60011e-19)
(-2.13904 -0.300111 1.23411e-18)
(-2.1141 0.00953966 3.06664e-22)
(-1.60308 -1.39955 -7.50839e-18)
(-1.59301 -1.30589 0)
(-1.57965 -1.22365 7.12865e-18)
(-1.56193 -1.13871 -1.06217e-17)
(-1.55123 -1.05433 1.71413e-17)
(-1.55362 -0.965624 -6.73881e-18)
(-1.57727 -0.86758 -1.30695e-17)
(-1.62006 -0.749812 0)
(-1.69044 -0.610313 0)
(-1.75518 -0.43345 0)
(-1.84046 -0.25854 -1.52772e-18)
(-1.85783 -0.0269503 -1.1719e-18)
(-2.64019 0.140156 -5.30421e-20)
(-2.73627 0.231555 5.90322e-19)
(-2.77728 0.426097 0)
(-2.77051 0.633455 5.44801e-18)
(-2.73196 0.849067 -2.58696e-18)
(-2.65991 1.05872 -7.80146e-18)
(-2.56543 1.25777 -5.12996e-18)
(-2.45703 1.44345 5.04448e-18)
(-2.34132 1.61371 9.73475e-18)
(-2.22343 1.76792 9.97016e-18)
(-2.10629 1.90344 -9.91495e-18)
(-1.99054 2.02264 -9.51684e-18)
(-2.25195 0.170376 -1.63322e-26)
(-2.24306 0.297377 2.19536e-18)
(-2.25143 0.431565 4.45152e-18)
(-2.24943 0.575431 0)
(-2.23802 0.738715 4.45894e-18)
(-2.20887 0.912901 0)
(-2.16341 1.09071 4.40465e-18)
(-2.10495 1.26625 -4.80982e-21)
(-2.0371 1.43405 -1.33054e-17)
(-1.96337 1.59071 -8.7241e-18)
(-1.8855 1.72965 8.75753e-18)
(-1.80355 1.85209 9.0472e-18)
(-2.01633 0.134741 4.41359e-19)
(-1.98365 0.250225 -4.49403e-18)
(-1.96142 0.378852 -6.43607e-18)
(-1.9395 0.513151 -1.87029e-18)
(-1.91894 0.660724 -1.13883e-17)
(-1.89413 0.819061 5.79204e-18)
(-1.86348 0.98369 3.65263e-21)
(-1.82723 1.14988 3.93761e-18)
(-1.78559 1.31164 -1.12522e-19)
(-1.73933 1.46371 0)
(-1.68776 1.5962 0)
(-1.63009 1.70855 2.22764e-19)
(-1.80917 0.100896 4.00611e-19)
(-1.78154 0.214682 1.60401e-18)
(-1.75857 0.337557 3.28361e-18)
(-1.73865 0.46632 -3.38299e-18)
(-1.72177 0.607605 1.37364e-17)
(-1.70421 0.760972 -6.96878e-18)
(-1.68318 0.922855 0)
(-1.6567 1.0879 7.28034e-18)
(-1.62284 1.24816 7.34779e-18)
(-1.58057 1.39444 0)
(-1.52847 1.51235 0)
(-1.46684 1.59522 -2.29553e-17)
(-1.8779 2.12069 9.45474e-18)
(-1.76159 2.20222 -9.73124e-18)
(-1.64674 2.26885 -1.4333e-17)
(-1.53108 2.32282 -7.60732e-21)
(-1.41512 2.36939 9.23678e-18)
(-1.29813 2.41343 2.2268e-17)
(-1.1755 2.465 4.32408e-18)
(-1.04086 2.52901 -4.41377e-18)
(-0.881043 2.62218 0)
(-0.686268 2.73384 -4.39724e-20)
(-0.394888 2.9219 0)
(0.246007 2.77895 -7.84748e-19)
(-1.71951 1.94569 0)
(-1.62142 2.01773 -2.85948e-19)
(-1.5213 2.0703 8.56045e-18)
(-1.41594 2.10666 -1.29558e-17)
(-1.30718 2.1342 -1.25115e-17)
(-1.1943 2.15873 -8.03821e-18)
(-1.0733 2.19138 1.01374e-17)
(-0.937369 2.23473 5.91482e-18)
(-0.776859 2.30501 -3.90409e-18)
(-0.577903 2.37377 1.90004e-18)
(-0.341923 2.49924 0)
(0.100573 2.41365 0)
(-1.56632 1.77745 -8.36757e-18)
(-1.47723 1.82121 3.93965e-18)
(-1.38772 1.84554 -4.11081e-18)
(-1.29147 1.85524 3.78772e-18)
(-1.1915 1.86028 1.13093e-17)
(-1.08619 1.86756 0)
(-0.971823 1.88818 1.38486e-19)
(-0.840205 1.92247 -3.53251e-18)
(-0.686535 1.98539 -3.04631e-20)
(-0.494995 2.04187 -3.46671e-18)
(-0.300137 2.13902 4.12322e-19)
(0.00950932 2.11408 -4.34028e-19)
(-1.39956 1.60305 -7.83061e-18)
(-1.3059 1.59299 0)
(-1.22365 1.57962 7.12866e-18)
(-1.13872 1.5619 -1.06217e-17)
(-1.05434 1.55121 3.43917e-18)
(-0.965635 1.55359 0)
(-0.867595 1.57724 9.72063e-20)
(-0.74983 1.62003 6.45712e-18)
(-0.610334 1.69042 3.153e-18)
(-0.433473 1.75515 -5.82347e-21)
(-0.258564 1.84044 0)
(-0.0269813 1.85781 7.80728e-19)
(0.0846916 1.60351 1.07127e-18)
(0.197914 1.60187 2.20005e-20)
(0.324715 1.6039 -4.71097e-18)
(0.462233 1.6108 0)
(0.614623 1.61817 7.48857e-18)
(0.777395 1.61984 1.7765e-17)
(0.94268 1.61042 2.54748e-17)
(1.09956 1.58539 0)
(1.23451 1.54227 0)
(1.333 1.48116 -5.12553e-18)
(1.38094 1.40567 5.06809e-18)
(1.36971 1.32322 -2.02476e-17)
(0.0806173 1.42031 -5.4503e-19)
(0.194904 1.4373 1.73583e-18)
(0.321093 1.45657 -6.02929e-18)
(0.45897 1.47884 0)
(0.609046 1.49761 1.03163e-17)
(0.764805 1.50573 -1.03217e-17)
(0.916077 1.4969 -5.16607e-18)
(1.04976 1.46674 6.88136e-21)
(1.15129 1.41377 -5.27685e-18)
(1.20799 1.34182 0)
(1.21094 1.26015 0)
(1.1609 1.18168 2.14047e-17)
(0.0873397 1.24973 0)
(0.200226 1.27591 -2.29435e-18)
(0.323828 1.30253 4.80695e-18)
(0.457595 1.32893 2.52119e-18)
(0.598858 1.3483 -1.5712e-17)
(0.739171 1.35408 8.01646e-18)
(0.866993 1.3409 -1.63418e-17)
(0.969019 1.30583 5.55106e-18)
(1.0328 1.24974 1.41252e-20)
(1.05049 1.17882 2.96572e-20)
(1.02002 1.106 -3.07509e-17)
(0.95596 1.05316 -2.51612e-17)
(0.0978469 1.08555 0)
(0.206556 1.11312 4.60384e-18)
(0.323998 1.13893 0)
(0.448434 1.1614 1.01153e-17)
(0.574787 1.17445 0)
(0.693338 1.17283 5.56245e-18)
(0.792106 1.1526 2.29167e-17)
(0.858556 1.11198 -6.00585e-18)
(0.882852 1.05195 0)
(0.862449 0.976477 0)
(0.799287 0.894803 -7.98722e-18)
(0.731768 0.872894 7.81784e-18)
(1.28583 1.23167 -2.01564e-17)
(1.24944 1.12056 -4.94174e-18)
(1.22927 1.05438 2.416e-17)
(1.21697 0.985674 -1.40157e-17)
(1.22653 0.91976 1.79926e-17)
(1.25854 0.846765 -1.74648e-17)
(1.31467 0.759787 -2.12042e-17)
(1.38943 0.649458 0)
(1.47666 0.514809 -4.03519e-18)
(1.55193 0.352515 0)
(1.61673 0.193244 0)
(1.62819 0.0194827 -1.03682e-18)
(1.03315 1.09111 0)
(1.0014 0.957371 0)
(0.991303 0.904479 -1.823e-17)
(0.989357 0.850807 4.40004e-18)
(1.01209 0.79876 4.28808e-18)
(1.05687 0.738614 -5.36547e-20)
(1.12268 0.663837 1.01773e-17)
(1.20223 0.567109 6.06532e-18)
(1.28586 0.447966 0)
(1.35506 0.307439 0)
(1.40601 0.16921 -5.01762e-19)
(1.42194 0.025023 2.60009e-18)
(0.787985 0.99388 0)
(0.783058 0.828602 -4.81031e-18)
(0.795493 0.785317 -1.35381e-17)
(0.807512 0.744255 1.72993e-17)
(0.84116 0.700375 1.68017e-17)
(0.892935 0.646203 4.07724e-18)
(0.960828 0.577054 -6.05425e-18)
(1.03719 0.488215 -5.9509e-18)
(1.11241 0.380692 7.96868e-18)
(1.1729 0.258161 0)
(1.21586 0.137883 5.05513e-19)
(1.2366 0.0152465 1.58144e-18)
(0.548066 0.900103 -3.22681e-17)
(0.585465 0.697423 -2.11656e-17)
(0.628692 0.670624 1.83246e-17)
(0.655484 0.646121 -2.15613e-17)
(0.696631 0.611081 4.23891e-18)
(0.750842 0.562525 0)
(0.816284 0.498672 -2.04241e-18)
(0.886001 0.417386 3.31287e-21)
(0.951905 0.320919 -5.95981e-18)
(1.00433 0.213782 0)
(1.0421 0.108141 -3.57444e-18)
(1.06563 0.000557174 -4.75261e-18)
(1.60351 -0.0847163 -2.15186e-18)
(1.60187 -0.197932 -2.24533e-18)
(1.60389 -0.324724 0)
(1.61079 -0.462234 0)
(1.61815 -0.614617 7.59837e-18)
(1.61983 -0.777382 -7.5498e-18)
(1.6104 -0.942662 1.04968e-19)
(1.58537 -1.09954 1.52396e-17)
(1.54226 -1.23449 -5.00142e-18)
(1.48116 -1.33297 5.12534e-18)
(1.40567 -1.38091 -2.54672e-17)
(1.32322 -1.36969 0)
(1.42031 -0.080642 1.63285e-18)
(1.43728 -0.194918 1.7257e-18)
(1.45655 -0.321098 -4.82428e-18)
(1.47882 -0.458967 -2.50694e-18)
(1.49758 -0.609037 -7.63904e-18)
(1.50571 -0.76479 0)
(1.49688 -0.916059 -1.56184e-17)
(1.46673 -1.04974 -5.27993e-18)
(1.41376 -1.15127 -1.05251e-17)
(1.34182 -1.20797 0)
(1.26015 -1.21092 2.14467e-17)
(1.18168 -1.16088 0)
(1.24972 -0.0873629 1.10153e-18)
(1.2759 -0.200236 -4.60208e-18)
(1.30251 -0.323829 4.8066e-18)
(1.32891 -0.457589 2.52101e-18)
(1.34827 -0.598847 -5.25191e-18)
(1.35406 -0.739157 2.67807e-18)
(1.34088 -0.866978 0)
(1.30582 -0.969003 5.50869e-18)
(1.24973 -1.03278 5.69598e-18)
(1.17882 -1.05047 5.92593e-18)
(1.106 -1.02 -3.07498e-17)
(1.05316 -0.955949 0)
(1.08553 -0.0978678 -2.1997e-18)
(1.1131 -0.206561 6.89549e-18)
(1.1389 -0.323995 0)
(1.16137 -0.448426 -1.01145e-17)
(1.17442 -0.574776 0)
(1.1728 -0.693326 -5.56217e-18)
(1.15258 -0.792094 -5.7443e-18)
(1.11197 -0.858545 2.99948e-17)
(1.05194 -0.882842 1.00368e-20)
(0.97648 -0.86244 -7.02032e-18)
(0.894808 -0.799277 3.22167e-17)
(0.872894 -0.731759 -3.10504e-17)
(1.23167 -1.28582 0)
(1.12056 -1.24943 -9.95023e-18)
(1.05438 -1.22927 0)
(0.985678 -1.21697 4.60657e-18)
(0.919765 -1.22652 4.52201e-18)
(0.846771 -1.25853 2.18027e-17)
(0.759794 -1.31465 6.38869e-18)
(0.649467 -1.38941 -2.07291e-18)
(0.514822 -1.47664 4.07868e-18)
(0.352532 -1.5519 -3.32141e-20)
(0.193264 -1.6167 1.97708e-18)
(0.0195034 -1.62816 0)
(1.09111 -1.03315 5.29403e-18)
(0.957376 -1.0014 -9.67788e-18)
(0.904484 -0.991301 4.55423e-18)
(0.850813 -0.989352 0)
(0.798766 -1.01208 8.59043e-18)
(0.738621 -1.05685 -8.31993e-18)
(0.663844 -1.12266 -1.63362e-17)
(0.567118 -1.20221 0)
(0.447978 -1.28583 -3.96511e-18)
(0.307454 -1.35503 -3.69483e-20)
(0.169228 -1.40598 -5.01734e-19)
(0.0250419 -1.42192 5.21926e-19)
(0.993879 -0.787985 0)
(0.828606 -0.783056 -9.00445e-20)
(0.785323 -0.795488 -1.80265e-17)
(0.744262 -0.807504 1.7298e-17)
(0.700382 -0.841146 -8.36389e-18)
(0.646211 -0.892916 -4.09354e-18)
(0.577062 -0.960805 1.00442e-17)
(0.488225 -1.03716 7.99826e-18)
(0.380704 -1.11238 1.98896e-18)
(0.258176 -1.17287 3.97389e-18)
(0.1379 -1.21583 0)
(0.0152629 -1.23658 1.05391e-18)
(0.9001 -0.548065 -3.22667e-17)
(0.697427 -0.585463 1.57043e-17)
(0.67063 -0.628685 4.13106e-17)
(0.646129 -0.655473 -2.15597e-17)
(0.611089 -0.696615 -1.25609e-17)
(0.562534 -0.750821 -1.22847e-17)
(0.498682 -0.816261 -4.02372e-18)
(0.417397 -0.885976 -7.96496e-18)
(0.320932 -0.951881 0)
(0.213795 -1.0043 1.00031e-18)
(0.108156 -1.04208 -1.02073e-18)
(0.000570795 -1.06562 -2.11178e-18)
(-0.084698 -1.60349 2.14242e-18)
(-0.197917 -1.60184 2.24522e-18)
(-0.32471 -1.60387 -4.71049e-18)
(-0.462219 -1.61077 0)
(-0.614599 -1.61813 2.50628e-18)
(-0.777364 -1.61981 7.65958e-18)
(-0.942649 -1.6104 0)
(-1.09953 -1.58537 1.02314e-17)
(-1.2345 -1.54227 0)
(-1.333 -1.48117 2.55639e-17)
(-1.38094 -1.40569 -1.01953e-17)
(-1.36972 -1.32325 2.52949e-17)
(-0.080625 -1.42029 -5.44992e-19)
(-0.194904 -1.43727 2.87419e-18)
(-0.321086 -1.45653 -4.8241e-18)
(-0.458956 -1.47881 -7.5835e-18)
(-0.609027 -1.49758 -1.08168e-20)
(-0.764786 -1.50571 -1.29219e-17)
(-0.916063 -1.4969 -1.57178e-17)
(-1.04976 -1.46675 -1.5719e-17)
(-1.1513 -1.41379 -2.11859e-17)
(-1.20802 -1.34186 -2.12666e-17)
(-1.21097 -1.26019 0)
(-1.16093 -1.18173 0)
(-0.0873486 -1.24971 2.20297e-18)
(-0.200225 -1.27589 -3.44261e-18)
(-0.323821 -1.3025 6.01518e-18)
(-0.457584 -1.32891 -6.75867e-20)
(-0.598847 -1.34828 1.05303e-17)
(-0.739166 -1.35407 5.37929e-18)
(-0.866999 -1.34091 1.62779e-17)
(-0.969038 -1.30585 3.8833e-17)
(-1.03283 -1.24978 1.70447e-17)
(-1.05053 -1.17886 -2.36425e-17)
(-1.02006 -1.10605 0)
(-0.956011 -1.05322 0)
(-0.0978567 -1.08553 -4.39922e-18)
(-0.206553 -1.1131 1.14648e-18)
(-0.323992 -1.13891 -1.20493e-18)
(-0.448428 -1.16138 1.25884e-17)
(-0.574786 -1.17444 -1.3263e-17)
(-0.693346 -1.17283 -5.48929e-18)
(-0.792127 -1.15262 1.69506e-20)
(-0.858591 -1.11201 6.04172e-18)
(-0.882899 -1.05199 -2.55793e-17)
(-0.862503 -0.976527 2.81062e-17)
(-0.799341 -0.894856 -3.21257e-17)
(-0.731822 -0.872956 0)
(-1.28584 -1.23169 -2.02958e-17)
(-1.24946 -1.12058 -4.94125e-18)
(-1.22931 -1.0544 4.82186e-18)
(-1.21701 -0.985691 -4.74607e-18)
(-1.22658 -0.919773 -4.44105e-18)
(-1.2586 -0.84677 -9.51833e-20)
(-1.31473 -0.759783 1.05422e-17)
(-1.3895 -0.649447 -2.07274e-18)
(-1.47672 -0.514793 0)
(-1.55198 -0.352499 0)
(-1.61678 -0.193228 1.97692e-18)
(-1.62823 -0.0194645 2.05908e-18)
(-1.03318 -1.09116 4.23848e-17)
(-1.00144 -0.957407 0)
(-0.991355 -0.904511 0)
(-0.989418 -0.850834 8.8087e-18)
(-1.01216 -0.798781 -4.30958e-18)
(-1.05694 -0.738626 4.13981e-18)
(-1.12274 -0.663838 0)
(-1.2023 -0.567101 -6.06903e-18)
(-1.28592 -0.447953 -1.99703e-18)
(-1.35511 -0.307424 3.9985e-18)
(-1.40606 -0.169195 -2.51665e-18)
(-1.42198 -0.0250063 -5.17057e-19)
(-0.788025 -0.993939 -2.37695e-17)
(-0.783106 -0.828644 1.44525e-17)
(-0.795553 -0.785352 4.48899e-18)
(-0.807578 -0.744285 4.31499e-18)
(-0.841228 -0.700397 4.17084e-18)
(-0.893003 -0.646217 0)
(-0.960894 -0.577058 2.01133e-18)
(-1.03725 -0.488211 3.95835e-18)
(-1.11246 -0.380682 1.98879e-18)
(-1.17295 -0.25815 -3.97356e-18)
(-1.2159 -0.137871 2.01685e-18)
(-1.23664 -0.0152328 -1.05384e-18)
(-0.548101 -0.90017 3.22651e-17)
(-0.585514 -0.697464 -2.09642e-17)
(-0.628752 -0.670658 -4.58971e-18)
(-0.655548 -0.64615 3.82713e-22)
(-0.696695 -0.611104 -1.25595e-17)
(-0.750904 -0.56254 -4.08231e-18)
(-0.816343 -0.498679 1.20789e-17)
(-0.886054 -0.417384 0)
(-0.951951 -0.320913 7.98852e-18)
(-1.00437 -0.213773 0)
(-1.04213 -0.108132 -4.08281e-18)
(-1.06565 -0.00054689 2.11164e-18)
(-1.60355 0.0847386 1.0898e-18)
(-1.6019 0.197957 0)
(-1.60392 0.324749 4.75803e-18)
(-1.61081 0.462258 4.91685e-18)
(-1.61817 0.614635 -9.99411e-18)
(-1.61984 0.777393 5.13463e-18)
(-1.61042 0.942664 1.02424e-17)
(-1.58538 1.09953 5.16767e-20)
(-1.54227 1.23447 5.14613e-18)
(-1.48116 1.33294 -1.53135e-17)
(-1.40568 1.38088 -5.06782e-18)
(-1.32323 1.36966 2.02464e-17)
(-1.42034 0.0806613 -1.63048e-18)
(-1.43731 0.194939 -5.74255e-19)
(-1.45657 0.321118 -4.78237e-18)
(-1.47883 0.458984 0)
(-1.49759 0.609047 -1.28788e-17)
(-1.5057 0.764791 -7.72013e-18)
(-1.49688 0.916048 9.96655e-20)
(-1.46672 1.04972 5.25354e-18)
(-1.41375 1.15124 -1.58017e-17)
(-1.34181 1.20794 2.12671e-17)
(-1.26015 1.21089 0)
(-1.18169 1.16085 2.14037e-17)
(-1.24975 0.0873779 -2.75115e-18)
(-1.27592 0.20025 5.76626e-19)
(-1.30252 0.323841 0)
(-1.32891 0.457597 -1.01327e-17)
(-1.34826 0.598846 1.30794e-17)
(-1.35404 0.739146 1.3377e-17)
(-1.34086 0.866956 -1.62778e-17)
(-1.3058 0.968972 -2.22229e-17)
(-1.24972 1.03275 -2.2819e-17)
(-1.1788 1.05043 2.95692e-17)
(-1.106 1.01997 -6.13216e-18)
(-1.05316 0.955924 -5.02993e-17)
(-1.08555 0.0978779 3.84992e-18)
(-1.11311 0.206569 5.75471e-19)
(-1.1389 0.324 0)
(-1.16136 0.448425 1.25879e-17)
(-1.1744 0.574766 -1.16935e-20)
(-1.17277 0.693306 -2.73582e-18)
(-1.15256 0.792066 0)
(-1.11194 0.858509 5.96291e-18)
(-1.05192 0.882803 1.91751e-17)
(-0.976462 0.862404 -3.49079e-20)
(-0.894799 0.799249 3.21269e-17)
(-0.872892 0.731743 6.24358e-17)
(-1.23168 1.28579 2.01551e-17)
(-1.12057 1.24942 4.94138e-18)
(-1.05439 1.22927 -4.82206e-18)
(-0.985691 1.21698 9.26796e-18)
(-0.919776 1.22655 0)
(-0.846778 1.25857 1.31279e-17)
(-0.759796 1.3147 -1.90853e-17)
(-0.649463 1.38947 -1.0299e-17)
(-0.514812 1.4767 0)
(-0.35252 1.55196 3.99706e-18)
(-0.193252 1.61675 0)
(-0.0195011 1.6282 -1.0272e-18)
(-1.09112 1.03313 0)
(-0.957388 1.0014 0)
(-0.904499 0.991313 0)
(-0.850828 0.989378 -4.40969e-18)
(-0.79878 1.01212 7.30906e-21)
(-0.73863 1.0569 -4.14008e-18)
(-0.663848 1.12271 8.13523e-18)
(-0.567116 1.20227 -8.07975e-18)
(-0.447971 1.28589 0)
(-0.307445 1.35508 3.00418e-18)
(-0.169221 1.40603 1.50735e-18)
(-0.0250445 1.42195 -5.21911e-19)
(-0.993884 0.787977 0)
(-0.828616 0.783063 1.44534e-17)
(-0.785335 0.79551 -8.75354e-21)
(-0.744275 0.807538 3.19603e-22)
(-0.700393 0.841192 4.19252e-18)
(-0.646219 0.89297 4.11788e-18)
(-0.577066 0.960865 6.04097e-18)
(-0.488224 1.03722 3.95861e-18)
(-0.380699 1.11244 1.98891e-18)
(-0.25817 1.17293 -3.97377e-18)
(-0.137898 1.21587 -2.02886e-18)
(-0.0152711 1.23661 0)
(-0.900102 0.548066 7.91345e-18)
(-0.697432 0.585478 -5.08963e-18)
(-0.670639 0.628713 0)
(-0.646138 0.655511 0)
(-0.611097 0.696662 -4.17645e-18)
(-0.562539 0.750875 1.73183e-20)
(-0.498684 0.816317 -1.20798e-17)
(-0.417395 0.886032 0)
(-0.320929 0.951932 -7.98904e-18)
(-0.213793 1.00435 0)
(-0.108159 1.04211 -2.04961e-18)
(-0.000583355 1.06564 0)
(0.107901 0.925452 -1.10156e-18)
(0.209842 0.948758 -4.56786e-18)
(0.317786 0.967884 0)
(0.42866 0.981012 -1.00335e-17)
(0.535587 0.983253 -2.65524e-18)
(0.627878 0.970952 -1.41778e-17)
(0.693078 0.941516 6.10724e-18)
(0.71832 0.893517 0)
(0.691805 0.825689 0)
(0.604525 0.736441 8.92226e-18)
(0.424503 0.602921 3.79152e-17)
(0.175326 0.463567 0)
(0.11503 0.769873 1.10091e-18)
(0.20798 0.785296 0)
(0.30383 0.794187 -9.49744e-18)
(0.398264 0.795024 2.48949e-18)
(0.48306 0.784349 -2.66273e-18)
(0.546782 0.760411 1.71744e-17)
(0.576439 0.722272 1.25982e-17)
(0.558253 0.669627 -7.17943e-18)
(0.477642 0.601428 0)
(0.320848 0.520381 0)
(0.0385981 0.401449 0)
(-0.281962 0.377344 0)
(0.117984 0.620511 -1.10928e-18)
(0.200258 0.62618 -5.70022e-18)
(0.282295 0.623339 1.0631e-17)
(0.358792 0.611104 0)
(0.420688 0.58772 0)
(0.456295 0.553667 -5.14661e-17)
(0.452775 0.510565 3.17884e-17)
(0.39711 0.461091 0)
(0.277426 0.408108 -8.98733e-18)
(0.0898329 0.362737 2.41405e-17)
(-0.155458 0.320357 -2.05255e-17)
(-0.346811 0.344593 0)
(0.116387 0.479411 1.1223e-18)
(0.186924 0.474801 4.59061e-18)
(0.254325 0.460272 -9.46215e-18)
(0.312671 0.435754 7.43445e-18)
(0.35266 0.401425 -7.88123e-18)
(0.363085 0.360221 -5.65035e-18)
(0.332499 0.316988 -4.4438e-17)
(0.251 0.278261 -7.349e-18)
(0.114721 0.251375 9.0006e-18)
(-0.0639654 0.252237 4.68448e-17)
(-0.246961 0.281421 0)
(-0.368831 0.340391 0)
(0.110454 0.348507 0)
(0.168776 0.333996 0)
(0.2215 0.308751 9.55867e-18)
(0.262496 0.273582 -9.95936e-18)
(0.282817 0.230648 -1.31491e-17)
(0.272476 0.185302 5.40397e-17)
(0.222454 0.145613 1.26618e-17)
(0.127196 0.121409 3.65133e-17)
(-0.00840021 0.12247 0)
(-0.162739 0.163281 -4.52482e-17)
(-0.302015 0.235553 -7.01605e-17)
(-0.379892 0.309329 0)
(0.100718 0.229346 0)
(0.146841 0.205866 1.19689e-18)
(0.185429 0.171282 -1.22606e-18)
(0.210534 0.12733 2.52407e-18)
(0.214032 0.0779441 3.99856e-17)
(0.187703 0.0305846 -2.86448e-17)
(0.125378 -0.00400516 6.36457e-18)
(0.0255686 -0.0139482 -2.9121e-17)
(-0.100501 0.0106945 -8.74024e-18)
(-0.229684 0.0815744 1.12424e-17)
(-0.337579 0.182113 6.8528e-17)
(-0.371101 0.273535 0)
(0.08787 0.122933 0)
(0.122153 0.09171 1.25574e-18)
(0.14751 0.0492555 -1.28002e-18)
(0.158489 -0.00176197 0)
(0.148075 -0.0560149 -2.47392e-17)
(0.110092 -0.104415 -2.9066e-18)
(0.0410917 -0.134306 -1.29476e-17)
(-0.0575238 -0.13288 -3.70804e-17)
(-0.17061 -0.0913432 3.56436e-17)
(-0.276393 0.000467448 0)
(-0.356897 0.121442 1.42225e-16)
(-0.34985 0.225775 0)
(0.0726211 0.029663 0)
(0.095614 -0.00796679 1.36069e-18)
(0.108801 -0.0568915 9.63276e-18)
(0.10745 -0.113586 2.80843e-18)
(0.0857589 -0.171727 2.05123e-17)
(0.0396055 -0.221241 -6.21753e-18)
(-0.0321456 -0.248159 3.42612e-17)
(-0.126388 -0.239348 6.27371e-17)
(-0.225219 -0.187542 3.80751e-17)
(-0.308641 -0.0820558 1.26387e-17)
(-0.362433 0.0552429 -1.92731e-17)
(-0.314952 0.174069 0)
(0.0555892 -0.0507496 0)
(0.0678727 -0.0934813 0)
(0.0699253 -0.147624 -1.25987e-17)
(0.0578463 -0.208941 0)
(0.0269906 -0.270603 1.44513e-20)
(-0.0247565 -0.321943 -7.01728e-18)
(-0.0966538 -0.348231 7.72393e-18)
(-0.184956 -0.336179 -3.54503e-17)
(-0.268779 -0.279892 -1.07994e-17)
(-0.329661 -0.166513 1.3029e-16)
(-0.355435 -0.0153204 -1.82143e-16)
(-0.269463 0.117742 2.90395e-16)
(0.0375506 -0.11954 0)
(0.0396786 -0.166222 8.18435e-18)
(0.0315006 -0.224566 -1.63552e-17)
(0.00993989 -0.289776 4.13167e-18)
(-0.0286582 -0.355136 -4.28069e-17)
(-0.0843102 -0.409245 3.17107e-17)
(-0.15495 -0.437323 -3.82946e-17)
(-0.236588 -0.425745 1.07752e-17)
(-0.30473 -0.369121 -1.04625e-16)
(-0.341998 -0.251833 -1.23984e-16)
(-0.338118 -0.0882656 -2.96003e-17)
(-0.214883 0.0589838 -3.76905e-16)
(0.0204199 -0.180266 0)
(0.0130494 -0.229902 -4.2988e-17)
(-0.00456048 -0.291743 2.79764e-17)
(-0.0348383 -0.360397 0)
(-0.0808194 -0.430002 -6.69472e-18)
(-0.139791 -0.487341 -3.37818e-17)
(-0.210154 -0.519607 -5.60836e-17)
(-0.282885 -0.51107 -3.05367e-17)
(-0.33491 -0.454283 1.81864e-16)
(-0.345204 -0.3357 1.67485e-16)
(-0.305089 -0.170919 0)
(-0.160435 0.000445561 0)
(0.00754502 -0.240483 -1.92285e-17)
(-0.00759944 -0.290799 -3.7189e-20)
(-0.0323612 -0.354889 0)
(-0.0683332 -0.425644 1.48481e-17)
(-0.118552 -0.500789 -1.39603e-17)
(-0.177078 -0.559211 -1.32528e-16)
(-0.242587 -0.606247 4.44241e-16)
(-0.309537 -0.585474 0)
(-0.326718 -0.518605 -2.29398e-16)
(-0.309553 -0.407211 -2.65119e-16)
(-0.259171 -0.245189 -4.19763e-16)
(-0.108954 -0.055379 1.66824e-15)
(0.281471 0.561453 8.37774e-17)
(0.428613 0.526449 2.42591e-17)
(0.484097 0.548954 -1.88205e-17)
(0.524648 0.55028 0)
(0.569753 0.527248 -2.10848e-17)
(0.623415 0.485566 -1.2383e-17)
(0.684235 0.427711 1.01246e-17)
(0.746324 0.354172 6.05112e-18)
(0.803327 0.268203 0)
(0.84849 0.174342 1.00993e-18)
(0.881724 0.0809854 3.07468e-18)
(0.905022 -0.0149553 2.11781e-18)
(0.324162 0.170651 1.36268e-16)
(0.337201 0.357113 -6.85555e-18)
(0.370769 0.432336 2.43541e-17)
(0.411408 0.457499 0)
(0.456442 0.448245 0)
(0.50726 0.414594 2.0975e-17)
(0.56258 0.363452 1.23867e-17)
(0.617161 0.297745 -1.02177e-17)
(0.666021 0.221555 2.04513e-18)
(0.704492 0.139264 9.23766e-18)
(0.732924 0.0566523 -1.04152e-18)
(0.753295 -0.0290961 1.06839e-18)
(0.352098 -0.023716 -1.37375e-16)
(0.271234 0.208879 0)
(0.281277 0.327721 0)
(0.312643 0.370377 0)
(0.353983 0.374146 0)
(0.400571 0.349141 2.16069e-17)
(0.450272 0.305237 -4.01831e-17)
(0.497958 0.247392 1.04716e-17)
(0.539562 0.180367 0)
(0.571727 0.108399 -8.35974e-18)
(0.594863 0.0356059 -3.70332e-18)
(0.610385 -0.0404562 -1.62018e-18)
(0.361744 -0.149655 1.19104e-16)
(0.216303 0.093583 4.1469e-17)
(0.205666 0.235396 -2.77518e-17)
(0.22474 0.290421 1.94466e-17)
(0.26012 0.304951 0)
(0.302188 0.288686 4.50544e-18)
(0.346681 0.252373 1.53143e-17)
(0.388346 0.202433 -1.29537e-17)
(0.423653 0.144149 2.14767e-18)
(0.449925 0.0816713 -1.07147e-18)
(0.467437 0.0181745 5.40801e-18)
(0.476969 -0.0483059 0)
(0.354101 -0.230955 -3.5014e-19)
(0.16452 0.00350227 -3.6667e-17)
(0.137224 0.15342 3.02526e-17)
(0.144242 0.217206 -4.64881e-17)
(0.173154 0.240282 1.94869e-17)
(0.211256 0.232553 1.48987e-20)
(0.251352 0.204129 -2.2919e-18)
(0.288037 0.162183 2.25372e-17)
(0.318019 0.11238 -2.23266e-18)
(0.338966 0.0588999 0)
(0.350885 0.00443644 5.57226e-19)
(0.354029 -0.0524549 -2.82416e-18)
(0.329973 -0.280431 -1.1052e-16)
(0.111633 -0.0687372 0)
(0.0716654 0.079436 0)
(0.0681967 0.149169 2.81178e-17)
(0.0921367 0.17957 -4.71005e-17)
(0.127084 0.179979 -2.51862e-17)
(0.163914 0.159753 2.44501e-18)
(0.196764 0.125964 -1.90807e-17)
(0.222424 0.0845242 2.35473e-18)
(0.238766 0.0397697 -1.16575e-18)
(0.245483 -0.00578513 1.75151e-18)
(0.242445 -0.0530799 -5.88466e-19)
(0.289357 -0.305597 -2.28829e-16)
(0.0558438 -0.127806 -1.07265e-16)
(0.00619047 0.011291 1.51693e-17)
(-0.00507948 0.0847006 1.88258e-17)
(0.015939 0.121684 4.61473e-17)
(0.0490748 0.130114 5.49866e-18)
(0.0839918 0.118459 -5.3102e-18)
(0.114224 0.0930943 0)
(0.136621 0.0600301 0)
(0.14919 0.0238642 8.7634e-18)
(0.15136 -0.0128464 1.24684e-18)
(0.142775 -0.0505919 2.49098e-18)
(0.230266 -0.309395 2.47402e-16)
(-0.00238256 -0.175332 -1.36428e-19)
(-0.0609787 -0.052553 -7.08006e-17)
(-0.0765305 0.0223927 -8.62258e-17)
(-0.0564203 0.0652319 -2.62504e-17)
(-0.0233427 0.0819429 6.2193e-18)
(0.0111121 0.0793748 -8.96917e-18)
(0.0399978 0.0628521 2.8972e-18)
(0.0602327 0.0383095 2.25865e-17)
(0.0699301 0.0106991 -2.35796e-17)
(0.0683683 -0.017214 2.05942e-18)
(0.0551323 -0.0455172 -3.41405e-18)
(0.158772 -0.298211 -2.51185e-16)
(-0.0625221 -0.211311 1.25779e-16)
(-0.130696 -0.112724 8.69948e-17)
(-0.146774 -0.0387919 -3.11199e-20)
(-0.125744 0.00898791 0)
(-0.0909509 0.0343326 3.00113e-17)
(-0.055505 0.0415073 3.58657e-18)
(-0.0266307 0.0344087 -7.64535e-21)
(-0.00742328 0.018699 -5.68858e-17)
(0.000319261 -0.000265445 1.30644e-17)
(-0.00409415 -0.0194137 0)
(-0.0209149 -0.0384122 3.17386e-18)
(0.0659822 -0.270709 7.35287e-16)
(-0.122905 -0.236094 0)
(-0.202451 -0.168811 1.47679e-17)
(-0.216721 -0.0994079 1.76641e-16)
(-0.193611 -0.0478008 9.78929e-17)
(-0.155791 -0.013759 -2.61555e-20)
(-0.117858 0.00378743 -1.47682e-17)
(-0.0873295 0.00682203 4.22783e-17)
(-0.0677895 0.000433888 3.60463e-17)
(-0.0610304 -0.00973187 1.51165e-17)
(-0.0674361 -0.0201143 2.09482e-18)
(-0.0866232 -0.0299897 0)
(-0.0114045 -0.222341 -4.8251e-16)
(-0.188262 -0.24774 0)
(-0.273243 -0.22004 0)
(-0.288274 -0.159694 -1.57234e-16)
(-0.264078 -0.106211 -1.5291e-16)
(-0.223438 -0.0638718 -7.49431e-17)
(-0.181553 -0.0351911 -7.12791e-17)
(-0.14663 -0.0209228 -1.27133e-16)
(-0.124597 -0.0173411 -8.09757e-18)
(-0.117426 -0.0185118 -3.3969e-17)
(-0.12492 -0.0205656 3.56171e-18)
(-0.145372 -0.0219172 0)
(-0.0510194 -0.155709 -6.7973e-16)
(-0.224405 -0.248133 0)
(-0.336389 -0.263342 0)
(-0.352713 -0.221294 3.97825e-17)
(-0.333527 -0.171582 -3.73267e-17)
(-0.297577 -0.124025 3.77822e-17)
(-0.253456 -0.0817878 -4.09366e-17)
(-0.211062 -0.0519876 1.8215e-16)
(-0.184833 -0.036833 0)
(-0.176159 -0.0289276 -1.02525e-16)
(-0.183404 -0.0231824 -7.65706e-17)
(-0.20464 -0.0169366 2.06674e-17)
(0.925437 -0.107919 -3.15421e-21)
(0.948737 -0.209843 -4.56753e-18)
(0.967858 -0.317781 0)
(0.980983 -0.428651 7.5263e-18)
(0.983225 -0.535578 1.3321e-17)
(0.970927 -0.627869 5.68424e-18)
(0.941496 -0.693071 6.1069e-18)
(0.893505 -0.718314 -2.63373e-17)
(0.825686 -0.691801 0)
(0.736447 -0.60452 -2.66178e-17)
(0.602933 -0.424499 3.76111e-17)
(0.463579 -0.175321 7.61065e-17)
(0.769858 -0.115046 2.20375e-18)
(0.785276 -0.207979 0)
(0.794164 -0.303823 9.49664e-18)
(0.794998 -0.398255 0)
(0.784324 -0.483052 5.84171e-21)
(0.760388 -0.546777 2.28783e-17)
(0.722254 -0.576436 6.28193e-18)
(0.669616 -0.558252 -3.57885e-17)
(0.601426 -0.477642 0)
(0.520388 -0.320848 3.34686e-17)
(0.401466 -0.0385985 -5.42265e-17)
(0.377362 0.281971 0)
(0.620497 -0.117998 -1.10798e-18)
(0.626162 -0.200255 4.56217e-18)
(0.623319 -0.282287 -9.44604e-18)
(0.611082 -0.358784 1.23987e-17)
(0.587698 -0.420683 -5.28755e-18)
(0.553647 -0.456293 -1.43203e-17)
(0.51055 -0.452777 -3.81247e-17)
(0.461081 -0.397114 3.67793e-17)
(0.408106 -0.277431 0)
(0.362744 -0.0898366 -3.61194e-17)
(0.320373 0.15546 -2.05229e-17)
(0.344612 0.346828 0)
(0.479397 -0.1164 -5.60181e-19)
(0.474785 -0.18692 -5.16025e-18)
(0.460255 -0.254317 1.1856e-18)
(0.435736 -0.312664 -3.14459e-21)
(0.401407 -0.352657 -1.05284e-17)
(0.360205 -0.363086 0)
(0.316974 -0.332504 3.17553e-17)
(0.278251 -0.251007 -7.38296e-18)
(0.251372 -0.114728 0)
(0.25224 0.063963 9.37242e-17)
(0.281432 0.246969 0)
(0.340409 0.368852 0)
(0.348494 -0.110465 -2.29378e-18)
(0.333982 -0.168773 0)
(0.308738 -0.221493 7.17392e-18)
(0.273568 -0.262491 -9.94231e-18)
(0.230635 -0.282816 1.90613e-20)
(0.185289 -0.272479 2.55985e-17)
(0.1456 -0.222461 -6.30444e-18)
(0.121399 -0.127204 -2.18669e-17)
(0.122463 0.00839395 8.81854e-18)
(0.163281 0.16274 -4.52216e-17)
(0.23556 0.302028 -3.5059e-17)
(0.309344 0.379916 2.51762e-17)
(0.229335 -0.100729 2.37255e-18)
(0.205854 -0.146838 0)
(0.171272 -0.185423 -9.78266e-18)
(0.127321 -0.21053 2.52383e-18)
(0.0779341 -0.214033 -2.67547e-18)
(0.0305736 -0.187708 -2.86417e-17)
(-0.00401698 -0.125386 2.5398e-17)
(-0.0139595 -0.0255769 3.64153e-17)
(0.0106853 0.100497 0)
(0.0815704 0.229689 1.12681e-17)
(0.182117 0.337596 -1.7105e-17)
(0.273548 0.371125 0)
(0.122923 -0.0878811 6.24202e-19)
(0.0917005 -0.122151 -5.66722e-18)
(0.0492488 -0.147505 0)
(-0.00176843 -0.158486 0)
(-0.0560222 -0.148076 0)
(-0.104424 -0.110097 -5.85667e-18)
(-0.134317 -0.0410998 -1.94075e-17)
(-0.132893 0.0575167 -2.96467e-17)
(-0.0913549 0.170608 8.912e-18)
(0.000460681 0.276401 3.44334e-20)
(0.121443 0.356916 -1.59924e-16)
(0.225784 0.349872 -2.18628e-16)
(0.0296558 -0.0726317 2.72653e-18)
(-0.00797463 -0.0956125 6.81805e-18)
(-0.0568962 -0.108797 -1.38021e-18)
(-0.11359 -0.107448 2.80818e-18)
(-0.171732 -0.0857607 1.75904e-17)
(-0.221249 -0.0396105 2.18743e-17)
(-0.24817 0.0321387 -2.73543e-17)
(-0.239362 0.126383 7.05896e-17)
(-0.187556 0.22522 0)
(-0.0820648 0.308652 0)
(0.0552414 0.362452 1.37002e-16)
(0.174075 0.314971 3.00149e-17)
(-0.0507549 -0.0555989 -3.15074e-18)
(-0.0934884 -0.0678719 -1.56457e-18)
(-0.147627 -0.0699223 1.57919e-18)
(-0.208943 -0.0578447 0)
(-0.270607 -0.0269923 -5.3169e-17)
(-0.32195 0.0247521 -3.51745e-17)
(-0.348241 0.0966487 3.08221e-17)
(-0.336193 0.184953 -3.54196e-17)
(-0.279907 0.268782 1.08844e-17)
(-0.166524 0.329673 1.45074e-17)
(-0.0153241 0.355453 -2.27252e-17)
(0.117746 0.269478 2.89917e-16)
(-0.119544 -0.0375586 -4.11434e-18)
(-0.16623 -0.0396785 0)
(-0.224569 -0.0314979 -1.6354e-17)
(-0.289778 -0.00993873 4.13135e-18)
(-0.355139 0.0286572 2.56774e-17)
(-0.409251 0.084307 -4.47093e-18)
(-0.437334 0.154947 -1.91742e-17)
(-0.425759 0.236587 7.52806e-17)
(-0.369137 0.304736 -9.16102e-17)
(-0.251846 0.342011 6.88796e-20)
(-0.0882715 0.338135 -2.95966e-17)
(0.0589851 0.214894 0)
(-0.180268 -0.0204265 5.3708e-18)
(-0.229911 -0.0130494 -2.33002e-17)
(-0.291747 0.00456309 5.24785e-17)
(-0.360399 0.0348395 0)
(-0.430004 0.080819 -6.69429e-18)
(-0.487346 0.139789 6.78558e-18)
(-0.519617 0.210153 4.18763e-17)
(-0.511085 0.282888 -2.28814e-16)
(-0.454301 0.334919 1.45326e-16)
(-0.335716 0.345218 0)
(-0.170927 0.305104 0)
(0.000445937 0.160442 0)
(-0.240484 -0.00754941 3.84551e-17)
(-0.290811 0.00759945 7.06345e-17)
(-0.354896 0.0323639 -1.29325e-16)
(-0.425647 0.068335 1.48476e-17)
(-0.500791 0.118553 -2.78204e-17)
(-0.559216 0.177079 -6.63493e-17)
(-0.606256 0.24259 -5.2296e-17)
(-0.585492 0.309545 3.67264e-17)
(-0.518625 0.326731 -2.00786e-16)
(-0.407229 0.309567 -3.3117e-17)
(-0.2452 0.259184 0)
(-0.0553802 0.108959 -1.66817e-15)
(0.561453 -0.281477 8.37732e-17)
(0.526453 -0.428609 2.44763e-17)
(0.54896 -0.484088 -1.87478e-17)
(0.550288 -0.524635 -2.19776e-17)
(0.527258 -0.569737 2.10857e-17)
(0.485577 -0.623395 2.05773e-17)
(0.427723 -0.684214 -2.03136e-18)
(0.354183 -0.746303 -4.02775e-18)
(0.268215 -0.803308 2.01471e-18)
(0.174354 -0.848473 0)
(0.0809978 -0.881712 0)
(-0.0149446 -0.905016 -2.77844e-21)
(0.170647 -0.324166 0)
(0.357117 -0.337195 6.65205e-20)
(0.432343 -0.37076 0)
(0.457508 -0.411395 1.77987e-17)
(0.448257 -0.456427 -4.31336e-18)
(0.414606 -0.507242 8.3978e-18)
(0.363465 -0.562563 -2.26998e-17)
(0.297757 -0.617145 2.04723e-18)
(0.221567 -0.666008 0)
(0.139276 -0.704482 -8.21285e-18)
(0.0566624 -0.732919 0)
(-0.0290883 -0.753297 2.13477e-18)
(-0.0237194 -0.3521 0)
(0.208883 -0.271228 -3.78579e-17)
(0.327728 -0.281268 5.16599e-18)
(0.370387 -0.312631 0)
(0.374158 -0.35397 1.78342e-17)
(0.349155 -0.400557 4.3171e-18)
(0.305251 -0.450259 1.47862e-17)
(0.247404 -0.497948 -1.25618e-17)
(0.180378 -0.539555 2.08763e-18)
(0.108409 -0.571725 1.67286e-17)
(0.035614 -0.594866 4.23091e-18)
(-0.040451 -0.610393 -1.07924e-18)
(-0.149657 -0.361745 -1.19102e-16)
(0.0935876 -0.216297 0)
(0.235404 -0.205657 0)
(0.290432 -0.22473 2.43028e-17)
(0.304965 -0.26011 -2.32038e-17)
(0.288701 -0.302179 4.4854e-18)
(0.252388 -0.346674 -4.38171e-18)
(0.202447 -0.388341 8.6339e-18)
(0.14416 -0.423653 8.58388e-18)
(0.0816805 -0.44993 6.29766e-21)
(0.0181808 -0.467446 -4.32444e-18)
(-0.048303 -0.476983 1.09981e-18)
(-0.230957 -0.3541 1.11618e-16)
(0.00350744 -0.164515 0)
(0.153429 -0.137218 6.04777e-18)
(0.217218 -0.144235 -4.64842e-17)
(0.240297 -0.173148 0)
(0.23257 -0.211252 -2.35965e-17)
(0.204145 -0.251351 2.52357e-17)
(0.162197 -0.28804 -2.02847e-17)
(0.112391 -0.318026 -6.6903e-18)
(0.0589082 -0.338977 -2.00115e-17)
(0.0044414 -0.3509 0)
(-0.0524537 -0.354049 -2.25814e-18)
(-0.280432 -0.329972 2.75037e-17)
(-0.0687315 -0.111629 -5.15382e-17)
(0.079445 -0.0716608 0)
(0.149182 -0.068193 -1.47444e-20)
(0.179585 -0.0921352 0)
(0.179995 -0.127085 5.02433e-18)
(0.15977 -0.163919 -2.43939e-17)
(0.125978 -0.196773 1.67007e-17)
(0.0845351 -0.222438 1.1763e-17)
(0.0397774 -0.238784 9.33862e-18)
(-0.00578127 -0.245505 -4.6685e-18)
(-0.0530801 -0.24247 1.17412e-18)
(-0.305597 -0.289356 0)
(-0.1278 -0.0558419 1.42996e-16)
(0.0113003 -0.00618835 6.82808e-17)
(0.0847134 0.00507961 1.88091e-17)
(0.1217 -0.0159418 0)
(0.130131 -0.0490812 2.75003e-17)
(0.118476 -0.0840023 -2.65911e-18)
(0.0931085 -0.114239 -5.45399e-21)
(0.0600408 -0.136641 -1.26683e-17)
(0.0238714 -0.149214 0)
(-0.0128433 -0.151387 -4.3388e-22)
(-0.050593 -0.142804 3.7044e-26)
(-0.309396 -0.230265 -2.47509e-16)
(-0.175326 0.00238303 -2.42826e-16)
(-0.0525437 0.0609781 -6.19023e-17)
(0.0224053 0.0765272 -5.74891e-17)
(0.0652476 0.0564133 0)
(0.0819604 0.0233315 6.21877e-18)
(0.0793917 -0.0111278 -8.96844e-18)
(0.0628664 -0.0400182 6.31617e-21)
(0.0383201 -0.0602578 2.82652e-18)
(0.010706 -0.069959 0)
(-0.0172114 -0.0683998 5.48876e-18)
(-0.0455188 -0.0551653 2.73018e-18)
(-0.298211 -0.158771 -2.75192e-19)
(-0.211307 0.0625214 1.43793e-16)
(-0.112715 0.130693 0)
(-0.0387799 0.146767 8.63034e-18)
(0.00900311 0.125734 -8.12499e-21)
(0.0343497 0.0909356 -3.00186e-17)
(0.0415241 0.0554848 2.51178e-17)
(0.0344229 0.0266054 -3.10912e-17)
(0.0187093 0.00739344 0)
(-0.000258823 -0.000352719 -1.30639e-17)
(-0.0194113 0.00405879 0)
(-0.038414 0.0208791 -6.34801e-18)
(-0.270709 -0.0659822 3.6741e-16)
(-0.23609 0.122903 -2.35885e-17)
(-0.168802 0.202446 1.47848e-16)
(-0.0993971 0.216712 8.24065e-17)
(-0.0477866 0.193598 -7.61424e-17)
(-0.0137429 0.155773 4.12975e-17)
(0.00380359 0.117834 -9.86165e-18)
(0.00683567 0.0873001 3.28899e-17)
(0.000443938 0.0677556 4.51075e-18)
(-0.00972533 0.0609932 3.23867e-17)
(-0.0201119 0.0673978 -6.27286e-18)
(-0.0299913 0.0865854 4.13196e-18)
(-0.22234 0.0114045 0)
(-0.247737 0.188259 0)
(-0.220033 0.273237 -1.82512e-16)
(-0.159685 0.288264 0)
(-0.106199 0.264064 1.71999e-16)
(-0.0638576 0.223417 -1.87288e-16)
(-0.0351761 0.181526 -4.45635e-17)
(-0.0209097 0.146597 5.93025e-17)
(-0.0173313 0.12456 0)
(-0.0185053 0.117386 1.07201e-21)
(-0.020563 0.12488 4.26823e-17)
(-0.0219179 0.145333 0)
(-0.155705 0.051017 -5.94906e-16)
(-0.248133 0.224404 -5.34741e-16)
(-0.263333 0.336385 5.3465e-17)
(-0.221288 0.352704 0)
(-0.171573 0.333514 -3.72587e-17)
(-0.124013 0.297558 3.78142e-16)
(-0.0817732 0.253429 -4.09624e-17)
(-0.0519731 0.211024 -2.04906e-16)
(-0.0368224 0.184794 2.32279e-17)
(-0.0289202 0.176117 -9.11463e-17)
(-0.023179 0.183363 -1.75044e-16)
(-0.016936 0.204602 2.06678e-17)
(-0.107911 -0.925438 1.09515e-18)
(-0.20984 -0.948744 -1.14152e-18)
(-0.317783 -0.967872 1.19714e-18)
(-0.42866 -0.981003 1.0058e-17)
(-0.535596 -0.983252 1.06527e-17)
(-0.627897 -0.970961 -1.13549e-17)
(-0.693111 -0.941535 -6.08182e-18)
(-0.718364 -0.893546 -1.9741e-17)
(-0.691856 -0.825727 5.91033e-17)
(-0.604574 -0.736482 0)
(-0.424539 -0.602957 5.04677e-17)
(-0.175343 -0.463596 0)
(-0.115042 -0.769865 1.10081e-18)
(-0.207979 -0.78529 0)
(-0.303829 -0.794183 0)
(-0.398269 -0.795023 1.12628e-20)
(-0.483076 -0.784354 -1.06149e-17)
(-0.54681 -0.760422 -2.85837e-17)
(-0.576478 -0.72229 -1.88514e-17)
(-0.558299 -0.669652 0)
(-0.477688 -0.601457 -3.40742e-17)
(-0.320883 -0.520411 1.11392e-17)
(-0.0386091 -0.401474 3.59183e-17)
(0.281979 -0.377371 1.75586e-16)
(-0.117997 -0.62051 -1.10917e-18)
(-0.200259 -0.626181 1.1376e-18)
(-0.282298 -0.623342 8.2678e-18)
(-0.358802 -0.611109 -1.73734e-17)
(-0.420709 -0.587728 -1.58487e-17)
(-0.456328 -0.553678 -2.80796e-18)
(-0.452817 -0.51058 3.81699e-17)
(-0.397154 -0.461108 2.19794e-17)
(-0.277465 -0.408127 -3.59242e-17)
(-0.0898546 -0.362758 0)
(0.15546 -0.320379 -8.23481e-17)
(0.346834 -0.344619 -4.67082e-20)
(-0.116401 -0.479416 2.24503e-18)
(-0.186926 -0.474807 0)
(-0.25433 -0.460281 -9.46032e-18)
(-0.312684 -0.435764 2.47105e-18)
(-0.352684 -0.401435 1.05103e-17)
(-0.363119 -0.360231 4.84096e-17)
(-0.33254 -0.316998 -3.17553e-17)
(-0.251039 -0.278271 -3.68241e-17)
(-0.114751 -0.251386 8.08941e-17)
(0.0639545 -0.252251 -4.68399e-17)
(0.246971 -0.28144 0)
(0.368858 -0.340417 -1.02742e-16)
(-0.110469 -0.348517 -2.2934e-18)
(-0.168781 -0.334008 0)
(-0.221508 -0.308765 0)
(-0.262512 -0.273595 7.47786e-18)
(-0.282843 -0.23066 2.63316e-17)
(-0.272509 -0.185311 -2.5623e-17)
(-0.222492 -0.145618 2.53117e-17)
(-0.127229 -0.121412 -2.91882e-17)
(0.00837853 -0.122472 -7.0556e-17)
(0.162736 -0.163289 -2.69624e-22)
(0.302031 -0.235568 7.01526e-17)
(0.379921 -0.309353 0)
(-0.100734 -0.229362 1.18622e-18)
(-0.146847 -0.205882 -4.7996e-18)
(-0.185438 -0.171301 0)
(-0.21055 -0.127347 0)
(-0.214058 -0.0779573 -2.39906e-17)
(-0.187734 -0.030592 -2.00396e-17)
(-0.125412 0.00400433 0)
(-0.0255956 0.0139504 2.91177e-17)
(0.100486 -0.0106908 2.62049e-17)
(0.229687 -0.081577 5.62149e-17)
(0.337599 -0.182126 -1.37132e-16)
(0.37113 -0.273556 2.05505e-16)
(-0.0878865 -0.122954 -3.7364e-26)
(-0.12216 -0.0917312 6.29196e-18)
(-0.14752 -0.0492783 -1.27988e-18)
(-0.158504 0.00174269 -2.6189e-18)
(-0.148099 0.056001 5.49756e-18)
(-0.11012 0.104409 2.05673e-17)
(-0.041121 0.134308 0)
(0.0575031 0.132887 0)
(0.170602 0.0913523 3.56394e-17)
(0.276401 -0.000465528 0)
(0.356919 -0.12145 5.31853e-17)
(0.349878 -0.225792 -1.90976e-16)
(-0.0726374 -0.0296896 2.72641e-18)
(-0.0956218 0.00794205 5.45759e-18)
(-0.108811 0.0568659 1.10118e-17)
(-0.107465 0.113565 0)
(-0.085781 0.171712 2.91989e-18)
(-0.0396284 0.221236 -9.34817e-18)
(0.0321214 0.248165 1.37014e-17)
(0.126374 0.239358 -4.70693e-17)
(0.225216 0.187556 -2.84832e-17)
(0.308653 0.0820622 0)
(0.362457 -0.0552472 1.56923e-16)
(0.314977 -0.174081 2.44397e-16)
(-0.0556043 0.0507189 -6.30204e-18)
(-0.0678807 0.0934545 -6.27479e-18)
(-0.0699343 0.147596 -1.25973e-17)
(-0.0578594 0.208919 3.19721e-18)
(-0.0270086 0.270589 -2.45826e-20)
(0.0247372 0.321939 -3.53369e-18)
(0.0966365 0.348238 0)
(0.184947 0.336191 -3.34054e-20)
(0.268782 0.27991 -1.08888e-17)
(0.329675 0.166524 1.30275e-16)
(0.355458 0.0153208 -1.82122e-16)
(0.269486 -0.117751 -2.89908e-16)
(-0.0375632 0.119506 4.11182e-18)
(-0.0396864 0.166195 -8.1835e-18)
(-0.0315074 0.224538 1.63535e-17)
(-0.00995206 0.289755 0)
(0.0286458 0.355121 0)
(0.0842942 0.409242 -2.71713e-17)
(0.15494 0.437332 2.87323e-17)
(0.236583 0.425761 1.29031e-16)
(0.304739 0.369142 1.04708e-16)
(0.342015 0.251848 1.79107e-17)
(0.33814 0.0882712 -2.95968e-17)
(0.214901 -0.0589892 0)
(-0.0204299 0.18023 0)
(-0.0130557 0.229877 1.43182e-17)
(0.00455502 0.291716 -2.79744e-17)
(0.0348286 0.360377 6.78507e-18)
(0.0808107 0.429988 -6.74313e-18)
(0.13978 0.487339 5.40368e-17)
(0.210151 0.519618 -5.58044e-17)
(0.282886 0.511089 -1.21977e-16)
(0.334925 0.454309 -1.45324e-16)
(0.345223 0.335721 -1.91193e-16)
(0.30511 0.17093 3.45887e-16)
(0.160448 -0.000446266 -7.61129e-17)
(-0.00755099 0.240447 3.84557e-17)
(0.00759527 0.290779 -7.06726e-17)
(0.0323581 0.354866 0)
(0.0683268 0.425627 -1.19184e-16)
(0.118548 0.500778 -1.11298e-16)
(0.177073 0.559211 0)
(0.242591 0.60626 2.60663e-17)
(0.309547 0.585501 -7.36647e-17)
(0.326737 0.518636 -1.19947e-21)
(0.309573 0.407237 3.31163e-17)
(0.259189 0.245206 -8.3932e-16)
(0.108962 0.0553832 0)
(-0.281491 -0.5615 -8.37689e-17)
(-0.428659 -0.526483 -3.05562e-17)
(-0.484152 -0.548983 2.35298e-17)
(-0.524706 -0.550306 0)
(-0.56981 -0.527269 1.68604e-17)
(-0.623469 -0.485581 4.1187e-18)
(-0.684285 -0.427719 -1.2154e-17)
(-0.746368 -0.354172 -6.05342e-18)
(-0.803364 -0.268198 -1.00509e-17)
(-0.84852 -0.174336 0)
(-0.881747 -0.0809787 4.10348e-18)
(-0.905039 0.014962 -1.05878e-18)
(-0.324192 -0.170667 0)
(-0.337245 -0.357137 3.43204e-17)
(-0.370818 -0.43236 -2.43491e-17)
(-0.411457 -0.457521 0)
(-0.45649 -0.448264 1.29599e-17)
(-0.507304 -0.414607 4.20022e-18)
(-0.56262 -0.36346 -1.65106e-17)
(-0.617195 -0.297746 -1.68071e-20)
(-0.66605 -0.221553 0)
(-0.704513 -0.13926 0)
(-0.732939 -0.0566482 0)
(-0.753304 0.0290994 -1.06826e-18)
(-0.352134 0.0237179 0)
(-0.271274 -0.208891 2.27236e-17)
(-0.281317 -0.327737 2.57716e-17)
(-0.312682 -0.370394 0)
(-0.35402 -0.374161 -1.33516e-17)
(-0.400604 -0.349153 8.64893e-18)
(-0.450301 -0.305244 2.32477e-17)
(-0.497983 -0.247394 -4.1966e-18)
(-0.539581 -0.180366 -6.25832e-18)
(-0.571741 -0.108397 0)
(-0.594871 -0.0356041 -4.23057e-18)
(-0.610387 0.0404564 1.07916e-18)
(-0.361783 0.14967 0)
(-0.216337 -0.0935847 -3.32223e-17)
(-0.205697 -0.235405 -4.43592e-17)
(-0.224769 -0.290433 0)
(-0.260146 -0.304963 -4.64051e-18)
(-0.302211 -0.288696 -1.34485e-17)
(-0.3467 -0.252379 1.75228e-17)
(-0.38836 -0.202435 8.633e-18)
(-0.423663 -0.144149 -7.13414e-21)
(-0.449931 -0.0816705 1.07131e-18)
(-0.467438 -0.0181745 3.78079e-18)
(-0.476966 0.0483038 -5.50645e-19)
(-0.354139 0.23098 2.77294e-17)
(-0.164547 -0.00349511 -1.83495e-17)
(-0.137246 -0.153422 2.42095e-17)
(-0.144261 -0.217212 5.16806e-18)
(-0.173169 -0.240289 2.43494e-17)
(-0.211268 -0.23256 -4.71966e-18)
(-0.251361 -0.204134 -3.43995e-17)
(-0.288043 -0.162185 -4.32422e-21)
(-0.318021 -0.11238 8.91126e-18)
(-0.338964 -0.0588997 -1.11198e-17)
(-0.350879 -0.00443765 0)
(-0.354021 0.0524511 2.25834e-18)
(-0.330008 0.280462 0)
(-0.111653 0.0687517 -1.02945e-17)
(-0.0716776 -0.0794308 6.70615e-18)
(-0.0682045 -0.14917 0)
(-0.0921407 -0.179573 -1.56911e-17)
(-0.127086 -0.179982 -2.01619e-17)
(-0.163914 -0.159756 1.46274e-17)
(-0.196761 -0.125964 -2.38309e-18)
(-0.222418 -0.0845238 2.35434e-18)
(-0.238757 -0.0397698 9.33781e-18)
(-0.245472 0.00578338 0)
(-0.242433 0.0530753 -2.34809e-18)
(-0.289387 0.305632 2.28803e-16)
(-0.0558556 0.127826 8.34236e-17)
(-0.00619335 -0.0112795 6.60507e-21)
(0.005082 -0.0846955 6.27662e-18)
(-0.0159327 -0.121682 2.30738e-17)
(-0.0490667 -0.130114 2.74964e-17)
(-0.0839823 -0.118459 -5.30908e-18)
(-0.114213 -0.0930935 0)
(-0.136608 -0.0600291 0)
(-0.149175 -0.0238641 0)
(-0.151344 0.0128446 4.35775e-18)
(-0.142758 0.0505871 6.23777e-19)
(-0.230288 0.309431 -2.16525e-16)
(0.00237921 0.175357 -1.28503e-16)
(0.0609848 0.0525702 0)
(0.0765428 -0.0223822 0)
(0.0564363 -0.0652252 -4.59381e-17)
(0.02336 -0.0819385 2.48832e-17)
(-0.0110943 -0.0793718 -2.69059e-17)
(-0.0399793 -0.0628496 -2.89381e-17)
(-0.0602133 -0.0383076 2.82625e-18)
(-0.0699097 -0.0106984 -1.3848e-18)
(-0.0683477 0.0172126 -4.11408e-18)
(-0.0551122 0.0455129 -2.73001e-18)
(-0.158785 0.298246 0)
(0.0625274 0.21134 -1.79696e-17)
(0.13071 0.112746 1.08842e-17)
(0.146795 0.0388072 8.6601e-18)
(0.125769 -0.00897643 3.16651e-17)
(0.0909767 -0.0343243 -3.00147e-17)
(0.0555305 -0.0415012 2.153e-17)
(0.026656 -0.0344042 5.52617e-17)
(0.00744871 -0.0186958 0)
(-0.000293712 0.000267113 1.63033e-18)
(0.00411911 0.0194131 -1.60796e-18)
(0.0209385 0.0384087 3.17352e-18)
(-0.0659836 0.27074 0)
(0.122919 0.236125 -2.35848e-17)
(0.202473 0.168838 3.29038e-20)
(0.216751 0.0994276 1.05989e-16)
(0.193645 0.047817 -9.78698e-17)
(0.155825 0.0137713 6.19435e-17)
(0.117891 -0.00377802 -4.93292e-18)
(0.0873613 -0.00681522 -4.69704e-17)
(0.0678205 -0.000429073 4.51034e-18)
(0.0610609 0.00973469 1.727e-17)
(0.0674653 0.0201148 0)
(0.0866503 0.0299874 4.13323e-18)
(0.0114033 0.22236 0)
(0.188285 0.247773 0)
(0.273273 0.220069 0)
(0.288312 0.159719 -1.572e-16)
(0.26412 0.106232 3.2482e-16)
(0.223478 0.0638883 -9.36683e-17)
(0.181592 0.0352038 8.90133e-18)
(0.146668 0.0209321 -8.4812e-18)
(0.124633 0.0173477 0)
(0.117461 0.0185159 -6.4161e-17)
(0.124953 0.0205672 3.37914e-17)
(0.145403 0.0219161 -8.83279e-18)
(0.0510223 0.15572 6.79665e-16)
(0.224428 0.248157 0)
(0.336426 0.26338 -5.32509e-17)
(0.352763 0.221321 3.58493e-16)
(0.333576 0.171606 -2.60997e-16)
(0.297625 0.124047 -7.56089e-17)
(0.253502 0.0818053 2.25085e-16)
(0.211106 0.052001 -4.55184e-17)
(0.184874 0.0368421 2.32236e-17)
(0.176198 0.0289334 1.82263e-16)
(0.183441 0.0231855 -8.75036e-17)
(0.204673 0.0169371 -4.13305e-17)
(-0.925447 0.107924 -1.09508e-18)
(-0.948738 0.209845 -1.14145e-18)
(-0.96785 0.317779 1.19709e-18)
(-0.980965 0.428643 0)
(-0.9832 0.535561 -1.33072e-17)
(-0.970897 0.627844 -8.50547e-18)
(-0.941465 0.693038 3.04431e-17)
(-0.893475 0.718278 1.97411e-17)
(-0.825661 0.691765 0)
(-0.736428 0.60449 -1.58237e-19)
(-0.602924 0.424479 -5.04696e-17)
(-0.463576 0.17531 -7.61075e-17)
(-0.76986 0.115047 -2.20352e-18)
(-0.78527 0.207975 -1.13735e-18)
(-0.79415 0.303815 -8.30706e-18)
(-0.794977 0.398241 2.48913e-18)
(-0.784297 0.483031 7.9521e-18)
(-0.760358 0.546749 -2.85826e-17)
(-0.722224 0.576403 -1.88811e-17)
(-0.669588 0.558219 0)
(-0.601402 0.477612 0)
(-0.520371 0.320827 -3.34685e-17)
(-0.401458 0.0385908 -1.7975e-17)
(-0.377355 -0.281973 -1.4045e-16)
(-0.620493 0.117995 5.54618e-19)
(-0.626152 0.200247 5.13294e-18)
(-0.623303 0.282275 9.44544e-18)
(-0.611061 0.358767 0)
(-0.587673 0.42066 -7.93129e-18)
(-0.55362 0.456265 3.71865e-17)
(-0.510524 0.452746 -1.90273e-17)
(-0.461057 0.397085 0)
(-0.408086 0.277409 0)
(-0.362728 0.089824 0)
(-0.320362 -0.155463 0)
(-0.344603 -0.346827 1.2193e-16)
(-0.479389 0.116394 0)
(-0.474772 0.186909 -3.44482e-18)
(-0.460238 0.254302 -1.18553e-18)
(-0.435716 0.312645 2.46783e-18)
(-0.401386 0.352633 5.26659e-18)
(-0.360183 0.363059 -2.56276e-17)
(-0.316954 0.332477 6.41502e-18)
(-0.278233 0.250984 0)
(-0.251357 0.114713 -3.59169e-17)
(-0.252227 -0.0639701 3.51088e-17)
(-0.281419 -0.24697 -5.66762e-17)
(-0.340397 -0.368848 -1.02776e-16)
(-0.348483 0.110458 1.72142e-18)
(-0.333968 0.16876 5.84293e-19)
(-0.308722 0.221477 0)
(-0.273551 0.262472 -2.4803e-18)
(-0.230618 0.282793 -1.57965e-17)
(-0.185273 0.272456 -2.85493e-18)
(-0.145587 0.222439 3.02278e-20)
(-0.121387 0.127188 -2.91872e-17)
(-0.122453 -0.00840375 2.64688e-17)
(-0.163271 -0.162743 -3.39352e-17)
(-0.235548 -0.302026 7.01115e-17)
(-0.309332 -0.379908 -1.05578e-19)
(-0.229321 0.100721 -2.96407e-18)
(-0.20584 0.146824 1.79799e-18)
(-0.171258 0.185406 -1.22587e-18)
(-0.127307 0.210511 2.52372e-18)
(-0.0779223 0.214012 2.13146e-17)
(-0.0305645 0.187688 2.83286e-18)
(0.00402359 0.125369 1.90083e-17)
(0.0139647 0.0255654 5.09577e-17)
(-0.0106801 -0.100502 8.74644e-18)
(-0.0815634 -0.229688 0)
(-0.182108 -0.337591 0)
(-0.273536 -0.371115 1.02595e-16)
(-0.122907 0.0878722 -1.86809e-26)
(-0.091686 0.122138 -3.78026e-18)
(-0.0492363 0.147489 -1.14901e-17)
(0.00177852 0.158469 0)
(0.056029 0.148059 0)
(0.104428 0.110081 -5.85652e-18)
(0.134317 0.0410874 6.49899e-18)
(0.132892 -0.0575235 -5.92843e-17)
(0.091355 -0.170609 -4.45506e-17)
(-0.000457921 -0.276397 2.32597e-17)
(-0.121437 -0.356908 1.24484e-16)
(-0.225773 -0.34986 2.18637e-16)
(-0.0296375 0.0726235 2.04633e-18)
(0.00798967 0.0956003 7.5012e-18)
(0.0569074 0.108783 2.06424e-17)
(0.113597 0.107433 -2.25487e-17)
(0.171734 0.0857465 -2.05316e-17)
(0.221247 0.0395985 -9.34811e-18)
(0.248165 -0.0321467 6.87114e-18)
(0.239356 -0.126386 3.13539e-17)
(0.187551 -0.225217 1.14058e-16)
(0.0820631 -0.308645 1.00918e-16)
(-0.0552385 -0.362443 2.79563e-19)
(-0.174065 -0.314959 4.45649e-19)
(0.0507756 0.0555918 -3.15045e-18)
(0.0935045 0.0678613 -6.27661e-18)
(0.147638 0.0699098 -1.2597e-17)
(0.208949 0.0578323 4.81494e-17)
(0.270607 0.0269814 2.66012e-17)
(0.321944 -0.0247604 3.53368e-18)
(0.348232 -0.0966527 -3.07997e-17)
(0.336182 -0.184952 0)
(0.279897 -0.268776 9.06709e-20)
(0.166518 -0.329664 -2.31496e-16)
(0.0153233 -0.355442 -2.04953e-16)
(-0.117739 -0.269466 3.66587e-17)
(0.119567 0.0375531 0)
(0.166248 0.03967 1.02163e-17)
(0.224581 0.0314878 -1.84017e-17)
(0.289782 0.00992929 -3.31556e-17)
(0.355137 -0.0286647 -3.00151e-17)
(0.409243 -0.0843116 -1.35425e-17)
(0.437321 -0.154947 1.02824e-20)
(0.425745 -0.236583 -7.52812e-17)
(0.369123 -0.304728 -2.22425e-16)
(0.251836 -0.342 1.59456e-16)
(0.0882667 -0.338124 0)
(-0.0589812 -0.214883 -7.54228e-16)
(0.180295 0.0204226 0)
(0.229932 0.0130429 -2.50933e-17)
(0.29176 -0.00457076 2.44658e-17)
(0.360403 -0.0348462 -6.78504e-18)
(0.430001 -0.0808235 1.14264e-16)
(0.487336 -0.139791 5.41337e-17)
(0.519602 -0.210151 5.58059e-17)
(0.511068 -0.28288 1.21981e-16)
(0.454283 -0.334908 1.4533e-16)
(0.335701 -0.345205 0)
(0.170918 -0.305093 0)
(-0.000445907 -0.160433 6.09985e-16)
(0.240514 0.00754737 -1.92259e-17)
(0.290835 -0.00760369 1.5011e-16)
(0.354912 -0.032369 5.65776e-17)
(0.425653 -0.0683391 1.19183e-16)
(0.500788 -0.118554 -1.11192e-16)
(0.559205 -0.177078 -2.6325e-17)
(0.606239 -0.242585 2.62297e-17)
(0.585471 -0.309535 -3.67645e-17)
(0.518606 -0.326719 2.87184e-17)
(0.407212 -0.309555 0)
(0.245188 -0.259173 0)
(0.055375 -0.108951 1.66834e-15)
(-0.561457 0.28149 0)
(-0.526456 0.428631 -3.034e-17)
(-0.548965 0.48412 4.71323e-18)
(-0.550293 0.524674 0)
(-0.527262 0.569781 0)
(-0.485578 0.623444 4.1191e-18)
(-0.427722 0.684264 6.06592e-18)
(-0.354182 0.746351 -2.01547e-18)
(-0.268213 0.80335 8.03697e-18)
(-0.174355 0.848508 0)
(-0.0810046 0.881739 4.10366e-18)
(0.0149287 0.905032 1.0616e-18)
(-0.170647 0.324184 0)
(-0.357117 0.33722 0)
(-0.432344 0.370791 -1.95082e-17)
(-0.457509 0.411431 0)
(-0.448256 0.456466 -4.31329e-18)
(-0.414604 0.507284 8.39766e-18)
(-0.363462 0.562604 -2.06386e-17)
(-0.297754 0.617183 -2.0438e-18)
(-0.221566 0.66604 2.04496e-18)
(-0.139279 0.704507 8.21269e-18)
(-0.0566723 0.732937 0)
(0.0290698 0.753306 -1.06639e-18)
(0.0237259 0.352121 0)
(-0.208878 0.271253 -7.55066e-18)
(-0.327725 0.281296 3.08872e-17)
(-0.370383 0.312661 -4.61486e-18)
(-0.374153 0.354002 0)
(-0.349149 0.400589 -1.29707e-17)
(-0.305245 0.450289 2.96022e-17)
(-0.247401 0.497974 0)
(-0.180377 0.539576 0)
(-0.108413 0.571739 -7.31505e-18)
(-0.035626 0.594874 3.17195e-18)
(0.0404305 0.610397 1.0804e-18)
(0.149669 0.361767 0)
(-0.0935784 0.216319 0)
(-0.235396 0.205681 -2.21926e-17)
(-0.290424 0.224754 4.85782e-18)
(-0.304955 0.260133 -4.64396e-18)
(-0.288691 0.302201 4.0384e-17)
(-0.252379 0.346692 -4.36367e-18)
(-0.202441 0.388356 1.07992e-17)
(-0.144159 0.423662 -1.07313e-17)
(-0.0816851 0.449934 8.58656e-18)
(-0.0181937 0.467445 -4.32431e-18)
(0.0482814 0.476981 -1.09906e-18)
(0.230972 0.354123 0)
(-0.0034942 0.164533 3.66316e-17)
(-0.153417 0.137235 2.42022e-17)
(-0.217205 0.144251 0)
(-0.240283 0.173162 -1.46172e-17)
(-0.232556 0.211262 -2.83016e-17)
(-0.204133 0.251358 -2.98135e-17)
(-0.162189 0.288042 6.76511e-18)
(-0.112389 0.318024 8.91733e-18)
(-0.0589123 0.338971 -8.89062e-18)
(-0.00445414 0.350891 0)
(0.0524319 0.354041 0)
(0.28045 0.329993 0)
(0.0687481 0.111643 -4.12127e-17)
(-0.0794297 0.0716719 6.69964e-18)
(-0.149166 0.0682002 -5.62884e-18)
(-0.179568 0.0921383 2.09243e-17)
(-0.179978 0.127084 5.03561e-18)
(-0.159755 0.163914 1.46291e-17)
(-0.125968 0.196763 -4.0558e-17)
(-0.0845311 0.222424 2.35453e-18)
(-0.0397804 0.238768 -1.16565e-18)
(0.00576949 0.245487 1.16884e-18)
(0.0530587 0.242456 0)
(0.305617 0.289374 0)
(0.127819 0.0558501 -9.53457e-17)
(-0.0112819 0.00619254 0)
(-0.0846943 -0.00508117 -2.51016e-17)
(-0.121679 0.0159349 1.73116e-17)
(-0.130111 0.0490691 3.30127e-17)
(-0.118458 0.0839855 -2.65908e-18)
(-0.0930961 0.114218 1.80716e-17)
(-0.0600349 0.136616 0)
(-0.0238726 0.149188 -1.24953e-18)
(0.0128332 0.151361 1.24672e-18)
(0.0505728 0.142782 0)
(0.309415 0.23028 0)
(0.175347 -0.00238021 -1.44127e-17)
(0.0525645 -0.060981 8.85011e-18)
(-0.0223839 -0.0765373 -2.87606e-17)
(-0.0652244 -0.0564298 -5.2505e-17)
(-0.0819371 -0.023354 -1.86698e-17)
(-0.0793711 0.0111002 -5.98223e-18)
(-0.0628515 0.0399862 -2.60441e-17)
(-0.0383119 0.0602225 2.82648e-18)
(-0.010705 0.0699234 -1.24814e-17)
(0.0172035 0.0683656 1.37434e-18)
(0.0455004 0.0551371 0)
(0.298229 0.158782 -2.86944e-16)
(0.211327 -0.0625238 1.43793e-16)
(0.112737 -0.130702 -7.61771e-17)
(0.0388026 -0.146785 -8.70239e-18)
(-0.00897824 -0.125759 3.16779e-17)
(-0.0343244 -0.0909675 7.49723e-18)
(-0.0415012 -0.0555222 -7.18484e-18)
(-0.0344057 -0.0266474 1.12311e-21)
(-0.018699 -0.00743847 0)
(0.000262264 0.000307781 1.30633e-17)
(0.0194064 -0.00410146 0)
(0.0383981 -0.0209134 0)
(0.270725 0.0659859 3.67391e-16)
(0.23611 -0.122911 -2.12695e-16)
(0.168826 -0.202461 1.32988e-16)
(0.0994203 -0.216737 9.41925e-17)
(0.0478122 -0.193631 1.08712e-17)
(0.0137694 -0.155813 4.12846e-17)
(-0.00377906 -0.11788 -4.42972e-17)
(-0.00681652 -0.0873514 2.81874e-17)
(-0.000431561 -0.0678099 4.51068e-18)
(0.0097314 -0.0610471 1.7271e-17)
(0.0201103 -0.0674488 -8.36728e-18)
(0.0299787 -0.086626 0)
(0.222351 -0.0114029 0)
(0.247756 -0.188272 2.67716e-16)
(0.220055 -0.273258 -2.05445e-16)
(0.159708 -0.288294 3.93148e-17)
(0.106224 -0.264102 -3.8222e-17)
(0.0638842 -0.223463 -7.49095e-17)
(0.0352015 -0.18158 9.80347e-17)
(0.0209306 -0.146657 -8.48195e-18)
(0.0173456 -0.124623 0)
(0.0185137 -0.117448 -3.0197e-17)
(0.0205644 -0.124939 4.26806e-17)
(0.0219091 -0.14538 0)
(0.155715 -0.0510211 -6.79695e-16)
(0.248144 -0.224416 4.27788e-16)
(0.263361 -0.336406 4.26562e-16)
(0.221308 -0.352738 0)
(0.171596 -0.333553 -2.98266e-16)
(0.12404 -0.297605 -2.64682e-16)
(0.0818009 -0.253487 1.22746e-16)
(0.0519988 -0.211095 -2.27383e-17)
(0.0368398 -0.184865 2.3225e-17)
(0.0289316 -0.176187 0)
(0.0231842 -0.183431 1.05453e-20)
(0.016932 -0.204654 2.06667e-17)
)
;

boundaryField
{
    rotor
    {
        type            noSlip;
    }
    stator
    {
        type            noSlip;
    }
    front
    {
        type            empty;
    }
    back
    {
        type            empty;
    }
}


// ************************************************************************* //
