/*--------------------------------*- C++ -*----------------------------------*\
| =========                 |                                                 |
| \\      /  F ield         | OpenFOAM: The Open Source CFD Toolbox           |
|  \\    /   O peration     | Version:  4.0                                   |
|   \\  /    A nd           | Web:      www.OpenFOAM.org                      |
|    \\/     M anipulation  |                                                 |
\*---------------------------------------------------------------------------*/
FoamFile
{
    version     2.0;
    format      ascii;
    class       surfaceScalarField;
    location    "100";
    object      phi;
}
// * * * * * * * * * * * * * * * * * * * * * * * * * * * * * * * * * * * * * //

dimensions      [0 3 -1 0 0 0 0];

internalField   nonuniform List<scalar> 
5952
(
7.56839e-06
-7.87526e-06
1.243e-05
-4.85887e-06
1.22863e-05
1.41009e-07
6.79744e-06
5.49633e-06
-7.24073e-06
1.40346e-05
-3.04053e-05
2.31648e-05
-5.26847e-05
2.2276e-05
-7.13382e-05
1.86492e-05
-8.69086e-05
1.55683e-05
-9.95192e-05
1.26063e-05
-0.000109494
9.97431e-06
7.23064e-06
-0.000116728
4.3628e-07
-8.3191e-06
-6.38028e-06
1.95684e-06
-2.04155e-05
1.41747e-05
-3.87609e-05
2.38417e-05
-5.45392e-05
2.98124e-05
-6.3392e-05
3.20163e-05
-7.04575e-05
2.93403e-05
-7.76959e-05
2.58848e-05
-8.44824e-05
2.23535e-05
-9.05143e-05
1.86356e-05
-9.53053e-05
1.47646e-05
1.08699e-05
-9.89465e-05
-8.5126e-06
1.87271e-07
-2.09573e-05
1.4401e-05
-3.30836e-05
2.62999e-05
-4.35051e-05
3.42628e-05
-5.13312e-05
3.76378e-05
-5.67282e-05
3.74121e-05
-6.16467e-05
3.42577e-05
-6.64363e-05
3.06723e-05
-7.08263e-05
2.67422e-05
-7.47242e-05
2.25314e-05
-7.80523e-05
1.8092e-05
1.35295e-05
-8.07135e-05
-1.10352e-05
1.12196e-05
-2.11748e-05
2.45393e-05
-2.98202e-05
3.49445e-05
-3.64906e-05
4.09326e-05
-4.14169e-05
4.25632e-05
-4.51409e-05
4.11348e-05
-4.88062e-05
3.79218e-05
-5.23851e-05
3.42496e-05
-5.57626e-05
3.01187e-05
-5.88387e-05
2.56061e-05
-6.1513e-05
2.07656e-05
1.56537e-05
-6.36383e-05
-9.28184e-06
2.04954e-05
-1.67342e-05
3.19903e-05
-2.23151e-05
4.0524e-05
-2.64678e-05
4.50843e-05
-2.96088e-05
4.5703e-05
-3.23452e-05
4.38699e-05
-3.51563e-05
4.07318e-05
-3.79411e-05
3.70333e-05
-4.06338e-05
3.28104e-05
-4.31365e-05
2.81077e-05
-4.53318e-05
2.296e-05
1.74089e-05
-4.70882e-05
-6.24121e-06
2.67314e-05
-1.09523e-05
3.66983e-05
-1.39627e-05
4.35318e-05
-1.60575e-05
4.71766e-05
-1.77578e-05
4.74011e-05
-1.95072e-05
4.56171e-05
-2.14899e-05
4.27131e-05
-2.35994e-05
3.91413e-05
-2.57329e-05
3.4943e-05
-2.77672e-05
3.01408e-05
-2.9572e-05
2.47638e-05
1.88387e-05
-3.10027e-05
-3.26344e-06
2.99854e-05
-5.18933e-06
3.86177e-05
-5.96901e-06
4.43071e-05
-5.99881e-06
4.72019e-05
-6.18657e-06
4.75849e-05
-6.8497e-06
4.62773e-05
-7.99403e-06
4.38551e-05
-9.4518e-06
4.05973e-05
-1.1056e-05
3.65458e-05
-1.26402e-05
3.17236e-05
-1.40481e-05
2.6171e-05
1.9934e-05
-1.51447e-05
-9.42129e-08
3.00711e-05
1.49742e-07
3.83675e-05
1.79514e-06
4.26549e-05
3.70024e-06
4.52914e-05
5.00848e-06
4.62718e-05
5.46725e-06
4.58152e-05
5.16774e-06
4.41519e-05
4.34999e-06
4.14134e-05
3.25436e-06
3.76399e-05
2.09847e-06
3.28785e-05
1.06272e-06
2.72056e-05
2.07092e-05
2.86765e-07
1.64974e-06
2.84091e-05
4.5438e-06
3.54652e-05
8.85031e-06
3.83408e-05
1.27477e-05
4.13875e-05
1.55946e-05
4.34196e-05
1.72193e-05
4.41865e-05
1.77861e-05
4.3582e-05
1.7609e-05
4.15882e-05
1.70085e-05
3.82383e-05
1.6264e-05
3.36213e-05
1.559e-05
2.78779e-05
2.11567e-05
1.51413e-05
2.32294e-06
2.60844e-05
7.644e-06
3.01376e-05
1.49165e-05
3.10628e-05
2.09882e-05
3.53099e-05
2.54432e-05
3.89604e-05
2.82448e-05
4.13812e-05
2.96687e-05
4.21556e-05
3.01161e-05
4.11383e-05
2.99895e-05
3.83632e-05
2.96392e-05
3.39699e-05
2.93234e-05
2.81925e-05
2.1264e-05
2.92147e-05
1.34022e-06
2.4749e-05
1.23854e-05
1.90923e-05
2.20532e-05
2.13917e-05
2.96391e-05
2.77202e-05
3.51484e-05
3.34474e-05
3.87399e-05
3.77867e-05
4.08052e-05
4.00872e-05
4.17639e-05
4.01774e-05
4.20396e-05
3.8085e-05
4.20428e-05
3.39643e-05
4.20674e-05
2.8166e-05
2.10192e-05
4.23101e-05
2.46995e-05
4.85458e-08
3.38675e-05
9.92614e-06
3.96308e-05
1.56286e-05
4.40896e-05
2.32618e-05
4.74668e-05
3.00699e-05
5.00274e-05
3.52257e-05
5.17813e-05
3.83331e-05
5.27668e-05
3.9191e-05
5.31971e-05
3.76533e-05
5.34344e-05
3.37262e-05
5.3742e-05
2.78571e-05
5.43189e-05
2.04405e-05
-0.000121387
4.65973e-06
-0.000123383
1.99354e-06
-0.000122786
-5.96041e-07
-0.000119603
-3.18261e-06
-0.000113768
-5.83312e-06
-0.000105078
-8.68911e-06
-9.34308e-05
-1.16453e-05
-7.86729e-05
-1.47563e-05
-6.07315e-05
-1.79395e-05
-3.97395e-05
-2.09897e-05
-1.7212e-05
-2.25222e-05
-1.72104e-05
-0.000101286
6.99919e-06
-0.000102357
3.06352e-06
-0.00010202
-9.33033e-07
-0.000100101
-5.10164e-06
-9.63585e-05
-9.57424e-06
-9.06933e-05
-1.43527e-05
-8.29123e-05
-1.94249e-05
-7.28495e-05
-2.48175e-05
-6.02135e-05
-3.05738e-05
-4.45477e-05
-3.66531e-05
-2.56082e-05
-4.14589e-05
-4.28173e-05
-8.25519e-05
8.83735e-06
-8.3428e-05
3.93865e-06
-8.31357e-05
-1.22512e-06
-8.14994e-05
-6.73794e-06
-7.84142e-05
-1.26584e-05
-7.37652e-05
-1.90009e-05
-6.74127e-05
-2.5776e-05
-5.92147e-05
-3.30141e-05
-4.90404e-05
-4.07459e-05
-3.67169e-05
-4.89747e-05
-2.09145e-05
-5.72579e-05
-6.37299e-05
-6.50565e-05
1.02551e-05
-6.56238e-05
4.50507e-06
-6.52108e-05
-1.63834e-06
-6.37541e-05
-8.19501e-06
-6.1174e-05
-1.52382e-05
-5.74124e-05
-2.2762e-05
-5.24221e-05
-3.07658e-05
-4.61524e-05
-3.92821e-05
-3.84963e-05
-4.84001e-05
-2.92115e-05
-5.82559e-05
-1.73059e-05
-6.91591e-05
-8.10356e-05
-4.82483e-05
1.14144e-05
-4.86982e-05
4.95394e-06
-4.83635e-05
-1.97364e-06
-4.71994e-05
-9.36e-06
-4.51617e-05
-1.72755e-05
-4.22263e-05
-2.56976e-05
-3.83926e-05
-3.45979e-05
-3.36839e-05
-4.399e-05
-2.80641e-05
-5.4016e-05
-2.12558e-05
-6.50608e-05
-1.27046e-05
-7.77108e-05
-9.37399e-05
-3.19254e-05
1.23359e-05
-3.22894e-05
5.31753e-06
-3.2057e-05
-2.20722e-06
-3.11572e-05
-1.0259e-05
-2.95868e-05
-1.88464e-05
-2.73544e-05
-2.79274e-05
-2.45266e-05
-3.74256e-05
-2.12198e-05
-4.72926e-05
-1.75544e-05
-5.76811e-05
-1.36213e-05
-6.89928e-05
-8.54533e-06
-8.27847e-05
-0.000102285
-1.58629e-05
1.30538e-05
-1.61321e-05
5.58576e-06
-1.5905e-05
-2.43323e-06
-1.51668e-05
-1.09972e-05
-1.39217e-05
-2.00884e-05
-1.22201e-05
-2.96279e-05
-1.0197e-05
-3.94443e-05
-8.10166e-06
-4.93874e-05
-6.1993e-06
-5.95787e-05
-4.65289e-06
-7.05341e-05
-3.09374e-06
-8.43425e-05
-0.000105376
-1.64174e-07
1.3504e-05
-2.29141e-07
5.65073e-06
1.17105e-07
-2.77925e-06
8.71457e-07
-1.17495e-05
2.00842e-06
-2.12232e-05
3.4393e-06
-3.10545e-05
4.91837e-06
-4.092e-05
6.02018e-06
-5.04838e-05
6.26086e-06
-5.98122e-05
5.16401e-06
-6.94336e-05
2.62871e-06
-8.17985e-05
-0.00010274
1.501e-05
1.36341e-05
1.52564e-05
5.40363e-06
1.58902e-05
-3.41236e-06
1.6898e-05
-1.27558e-05
1.82445e-05
-2.25664e-05
1.97903e-05
-3.25959e-05
2.1141e-05
-4.22655e-05
2.16358e-05
-5.09714e-05
2.0541e-05
-5.87132e-05
1.69879e-05
-6.58668e-05
1.04775e-05
-7.52768e-05
-9.22597e-05
2.94557e-05
1.33922e-05
3.01134e-05
4.74534e-06
3.12196e-05
-4.5184e-06
3.27706e-05
-1.43054e-05
3.47277e-05
-2.452e-05
3.68783e-05
-3.47422e-05
3.86091e-05
-4.39903e-05
3.89785e-05
-5.13361e-05
3.70407e-05
-5.67641e-05
3.14761e-05
-6.03005e-05
2.06567e-05
-6.44506e-05
-7.15921e-05
4.29675e-05
1.27327e-05
4.41541e-05
3.55671e-06
4.59672e-05
-6.33222e-06
4.84252e-05
-1.67626e-05
5.14736e-05
-2.75665e-05
5.47616e-05
-3.80267e-05
5.73438e-05
-4.6568e-05
5.81121e-05
-5.20979e-05
5.60578e-05
-5.47101e-05
4.93688e-05
-5.36016e-05
3.40017e-05
-4.90754e-05
-3.75917e-05
5.54525e-05
1.15969e-05
5.73638e-05
1.64375e-06
6.02403e-05
-9.21037e-06
6.40887e-05
-2.06114e-05
6.8748e-05
-3.22251e-05
7.35742e-05
-4.28509e-05
7.71574e-05
-5.01494e-05
7.87051e-05
-5.36445e-05
7.73583e-05
-5.33576e-05
7.08885e-05
-4.71374e-05
5.4126e-05
-3.23134e-05
1.65375e-05
7.71719e-06
-7.72356e-06
1.24708e-05
-4.75238e-06
1.22639e-05
1.97411e-07
6.71583e-06
5.55229e-06
-7.40362e-06
1.41134e-05
-3.0552e-05
2.31481e-05
-5.27252e-05
2.217e-05
-7.13017e-05
1.85728e-05
-8.67926e-05
1.54891e-05
-9.93428e-05
1.25465e-05
-0.000109265
9.92141e-06
7.19084e-06
-0.000116459
4.39402e-07
-8.17287e-06
-6.38517e-06
2.06958e-06
-2.04469e-05
1.42557e-05
-3.87703e-05
2.38747e-05
-5.44631e-05
2.98051e-05
-6.32508e-05
3.19341e-05
-7.03113e-05
2.92293e-05
-7.75227e-05
2.57817e-05
-8.42856e-05
2.22508e-05
-9.0289e-05
1.85474e-05
-9.50579e-05
1.46894e-05
1.08114e-05
-9.86805e-05
-8.48154e-06
3.00475e-07
-2.09238e-05
1.45096e-05
-3.30397e-05
2.63693e-05
-4.34338e-05
3.42677e-05
-5.12174e-05
3.75871e-05
-5.65927e-05
3.73079e-05
-6.14986e-05
3.41337e-05
-6.62691e-05
3.055e-05
-7.06451e-05
2.66253e-05
-7.4528e-05
2.24282e-05
-7.78443e-05
1.80047e-05
1.34621e-05
-8.04968e-05
-1.10248e-05
1.132e-05
-2.11487e-05
2.46307e-05
-2.97728e-05
3.49916e-05
-3.64182e-05
4.09115e-05
-4.13194e-05
4.24867e-05
-4.50331e-05
4.102e-05
-4.86946e-05
3.77934e-05
-5.22663e-05
3.412e-05
-5.56361e-05
2.99937e-05
-5.87025e-05
2.5493e-05
-6.13676e-05
2.06686e-05
1.55774e-05
-6.34844e-05
-9.27347e-06
2.05861e-05
-1.67159e-05
3.20718e-05
-2.22825e-05
4.0556e-05
-2.64217e-05
4.50489e-05
-2.95532e-05
4.56166e-05
-3.22885e-05
4.37531e-05
-3.50991e-05
4.06029e-05
-3.78815e-05
3.69003e-05
-4.0569e-05
3.26802e-05
-4.30643e-05
2.79865e-05
-4.52508e-05
2.28538e-05
1.73223e-05
-4.69972e-05
-6.23341e-06
2.68159e-05
-1.09425e-05
3.67778e-05
-1.39479e-05
4.35577e-05
-1.60401e-05
4.7139e-05
-1.77435e-05
4.73164e-05
-1.94981e-05
4.5506e-05
-2.14865e-05
4.25882e-05
-2.35974e-05
3.901e-05
-2.573e-05
3.48106e-05
-2.77594e-05
3.00144e-05
-2.95571e-05
2.465e-05
1.87453e-05
-3.09823e-05
-3.26332e-06
3.00722e-05
-5.18294e-06
3.86912e-05
-5.96366e-06
4.43348e-05
-6.00233e-06
4.71721e-05
-6.20311e-06
4.75125e-05
-6.8806e-06
4.61792e-05
-8.03632e-06
4.37409e-05
-9.50186e-06
4.04727e-05
-1.11097e-05
3.64162e-05
-1.26935e-05
3.15963e-05
-1.40994e-05
2.6054e-05
1.98371e-05
-1.51925e-05
-7.90833e-08
3.01394e-05
1.62352e-07
3.84427e-05
1.7991e-06
4.26893e-05
3.68631e-06
4.52779e-05
4.97232e-06
4.62211e-05
5.40852e-06
4.5738e-05
5.09068e-06
4.40552e-05
4.25893e-06
4.13013e-05
3.15476e-06
3.75183e-05
1.99418e-06
3.27549e-05
9.5705e-07
2.70896e-05
2.06102e-05
1.825e-07
1.66018e-06
2.84682e-05
4.5644e-06
3.55282e-05
8.86287e-06
3.83869e-05
1.2736e-05
4.1397e-05
1.55527e-05
4.33977e-05
1.71475e-05
4.41376e-05
1.76887e-05
4.35096e-05
1.74915e-05
4.14949e-05
1.68771e-05
3.813e-05
1.61236e-05
3.35059e-05
1.54452e-05
2.77659e-05
2.10579e-05
1.49958e-05
2.36189e-06
2.60938e-05
7.69041e-06
3.01964e-05
1.49443e-05
3.11198e-05
2.09886e-05
3.53477e-05
2.54079e-05
3.89722e-05
2.81741e-05
4.13668e-05
2.95659e-05
4.21135e-05
2.99878e-05
4.107e-05
2.9842e-05
3.82729e-05
2.94792e-05
3.38669e-05
2.91557e-05
2.80875e-05
2.11678e-05
2.90442e-05
1.35077e-06
2.47378e-05
1.24029e-05
1.91338e-05
2.20717e-05
2.14543e-05
2.9638e-05
2.77751e-05
3.5118e-05
3.34874e-05
3.86754e-05
3.78049e-05
4.0708e-05
4.00772e-05
4.16378e-05
4.01371e-05
4.18914e-05
3.80163e-05
4.18791e-05
3.38767e-05
4.18936e-05
2.80704e-05
2.09272e-05
4.21317e-05
2.46397e-05
9.57388e-08
3.38134e-05
9.96479e-06
3.95866e-05
1.56731e-05
4.40453e-05
2.33157e-05
4.74134e-05
3.01187e-05
4.99572e-05
3.52598e-05
5.16886e-05
3.83455e-05
5.26495e-05
3.91746e-05
5.30592e-05
3.76058e-05
5.32801e-05
3.36543e-05
5.35769e-05
2.7772e-05
5.41486e-05
2.03531e-05
-0.00012109
4.63051e-06
-0.000123069
1.97675e-06
-0.000122469
-6.00541e-07
-0.000119296
-3.17382e-06
-0.000113481
-5.81455e-06
-0.00010482
-8.65993e-06
-9.3209e-05
-1.16108e-05
-7.84919e-05
-1.47165e-05
-6.05927e-05
-1.78986e-05
-3.96445e-05
-2.09473e-05
-1.71635e-05
-2.24787e-05
-1.7163e-05
-0.000101009
6.95848e-06
-0.000102076
3.04234e-06
-0.000101743
-9.34405e-07
-9.98343e-05
-5.08291e-06
-9.61119e-05
-9.5369e-06
-9.04712e-05
-1.42999e-05
-8.27208e-05
-1.93608e-05
-7.26916e-05
-2.4745e-05
-6.00931e-05
-3.04966e-05
-4.44654e-05
-3.65739e-05
-2.55679e-05
-4.13752e-05
-4.27303e-05
-8.23298e-05
8.79088e-06
-8.3205e-05
3.91615e-06
-8.29171e-05
-1.2225e-06
-8.12909e-05
-6.70976e-06
-7.82213e-05
-1.2606e-05
-7.35927e-05
-1.89283e-05
-6.72646e-05
-2.56883e-05
-5.90943e-05
-3.29153e-05
-4.89503e-05
-4.06396e-05
-3.66577e-05
-4.88659e-05
-2.08856e-05
-5.71455e-05
-6.36146e-05
-6.48969e-05
1.02024e-05
-6.5463e-05
4.48103e-06
-6.50529e-05
-1.63314e-06
-6.36025e-05
-8.16097e-06
-6.10333e-05
-1.51752e-05
-5.72872e-05
-2.26748e-05
-5.23161e-05
-3.06593e-05
-4.60686e-05
-3.9163e-05
-3.8435e-05
-4.8272e-05
-2.91742e-05
-5.81253e-05
-1.72859e-05
-6.90299e-05
-8.09006e-05
-4.81513e-05
1.13548e-05
-4.85979e-05
4.92704e-06
-4.82658e-05
-1.96735e-06
-4.71052e-05
-9.32105e-06
-4.50762e-05
-1.72063e-05
-4.21502e-05
-2.55991e-05
-3.83324e-05
-3.44793e-05
-3.36373e-05
-4.38549e-05
-2.80352e-05
-5.38753e-05
-2.12384e-05
-6.49152e-05
-1.26992e-05
-7.75719e-05
-9.35975e-05
-3.1901e-05
1.22731e-05
-3.22616e-05
5.28497e-06
-3.20247e-05
-2.20322e-06
-3.1127e-05
-1.02214e-05
-2.95567e-05
-1.87736e-05
-2.73322e-05
-2.78261e-05
-2.45087e-05
-3.72986e-05
-2.12134e-05
-4.71523e-05
-1.75509e-05
-5.75313e-05
-1.36256e-05
-6.8847e-05
-8.54839e-06
-8.26425e-05
-0.000102147
-1.59058e-05
1.29847e-05
-1.61699e-05
5.5491e-06
-1.59389e-05
-2.43507e-06
-1.51956e-05
-1.09629e-05
-1.39491e-05
-2.002e-05
-1.22451e-05
-2.95267e-05
-1.02243e-05
-3.93186e-05
-8.12758e-06
-4.92446e-05
-6.22882e-06
-5.94321e-05
-4.67861e-06
-7.03901e-05
-3.1133e-06
-8.42085e-05
-0.000105258
-2.64063e-07
1.34304e-05
-3.24331e-07
5.60886e-06
2.83876e-08
-2.78703e-06
7.89503e-07
-1.17228e-05
1.93412e-06
-2.11618e-05
3.37084e-06
-3.09606e-05
4.85584e-06
-4.07993e-05
5.96228e-06
-5.03478e-05
6.20928e-06
-5.9672e-05
5.12183e-06
-6.92996e-05
2.59942e-06
-8.16819e-05
-0.000102649
1.48667e-05
1.35581e-05
1.51182e-05
5.35688e-06
1.57594e-05
-3.42765e-06
1.67768e-05
-1.27385e-05
1.8134e-05
-2.2516e-05
1.96899e-05
-3.25122e-05
2.10499e-05
-4.21539e-05
2.15544e-05
-5.08448e-05
2.04714e-05
-5.85834e-05
1.6929e-05
-6.57509e-05
1.04439e-05
-7.51758e-05
-9.2203e-05
2.9286e-05
1.3315e-05
2.99492e-05
4.69328e-06
3.10637e-05
-4.54219e-06
3.26264e-05
-1.42993e-05
3.45962e-05
-2.44831e-05
3.6759e-05
-3.46703e-05
3.85002e-05
-4.38896e-05
3.88823e-05
-5.12215e-05
3.69557e-05
-5.66501e-05
3.14115e-05
-6.0194e-05
2.06112e-05
-6.43771e-05
-7.15755e-05
4.27898e-05
1.26545e-05
4.3982e-05
3.49879e-06
4.58049e-05
-6.36548e-06
4.82756e-05
-1.67696e-05
5.1338e-05
-2.75434e-05
5.46371e-05
-3.79662e-05
5.72286e-05
-4.64767e-05
5.80087e-05
-5.1996e-05
5.5971e-05
-5.46078e-05
4.92938e-05
-5.35177e-05
3.39576e-05
-4.90206e-05
-3.76152e-05
5.52832e-05
1.15175e-05
5.72014e-05
1.57876e-06
6.00893e-05
-9.25493e-06
6.39513e-05
-2.06322e-05
6.86236e-05
-3.2215e-05
7.34585e-05
-4.27999e-05
7.70498e-05
-5.0066e-05
7.86083e-05
-5.35535e-05
7.72692e-05
-5.32684e-05
7.08143e-05
-4.70585e-05
5.40727e-05
-3.22826e-05
1.64626e-05
7.7297e-06
-7.73797e-06
1.24917e-05
-4.75994e-06
1.22763e-05
2.02874e-07
6.70642e-06
5.57424e-06
-7.47806e-06
1.41754e-05
-3.06929e-05
2.32138e-05
-5.29151e-05
2.22168e-05
-7.15377e-05
1.8618e-05
-8.70662e-05
1.55254e-05
-9.96478e-05
1.25772e-05
-0.000109593
9.94393e-06
7.20582e-06
-0.000116802
4.4446e-07
-8.19302e-06
-6.39882e-06
2.08081e-06
-2.04999e-05
1.42999e-05
-3.88708e-05
2.3944e-05
-5.4594e-05
2.98968e-05
-6.34063e-05
3.2024e-05
-7.05003e-05
2.93088e-05
-7.7741e-05
2.58555e-05
-8.4531e-05
2.23135e-05
-9.05555e-05
1.85989e-05
-9.53404e-05
1.47277e-05
1.08368e-05
-9.89736e-05
-8.49856e-06
2.99292e-07
-2.09675e-05
1.45479e-05
-3.31121e-05
2.64424e-05
-4.35367e-05
3.43675e-05
-5.13445e-05
3.77028e-05
-5.6743e-05
3.74205e-05
-6.16736e-05
3.42373e-05
-6.6466e-05
3.06452e-05
-7.08625e-05
2.67082e-05
-7.47627e-05
2.24965e-05
-7.80921e-05
1.80559e-05
1.34954e-05
-8.07528e-05
-1.1047e-05
1.13392e-05
-2.11907e-05
2.46899e-05
-2.98359e-05
3.50855e-05
-3.65012e-05
4.10312e-05
-4.14191e-05
4.26186e-05
-4.5151e-05
4.11498e-05
-4.88332e-05
3.79168e-05
-5.24249e-05
3.42342e-05
-5.58131e-05
3.00943e-05
-5.88952e-05
2.55764e-05
-6.15727e-05
2.0732e-05
1.56189e-05
-6.3698e-05
-9.29649e-06
2.06312e-05
-1.67484e-05
3.21386e-05
-2.23244e-05
4.06589e-05
-2.64752e-05
4.51792e-05
-2.96197e-05
4.57598e-05
-3.23703e-05
4.38971e-05
-3.51983e-05
4.07416e-05
-3.79975e-05
3.70303e-05
-4.07017e-05
3.27958e-05
-4.32116e-05
2.80839e-05
-4.54105e-05
2.29288e-05
1.73729e-05
-4.71663e-05
-6.27319e-06
2.68964e-05
-1.09492e-05
3.68108e-05
-1.39586e-05
4.36643e-05
-1.60604e-05
4.72768e-05
-1.77732e-05
4.74681e-05
-1.95409e-05
4.56598e-05
-2.15426e-05
4.27392e-05
-2.36688e-05
3.91521e-05
-2.58153e-05
3.49392e-05
-2.78584e-05
3.01237e-05
-2.96675e-05
2.47356e-05
1.88021e-05
-3.10988e-05
-3.04536e-06
2.99316e-05
-5.14311e-06
3.89022e-05
-5.94968e-06
4.44654e-05
-5.99274e-06
4.73141e-05
-6.19842e-06
4.76668e-05
-6.88345e-06
4.63391e-05
-8.04992e-06
4.38995e-05
-9.52678e-06
4.06242e-05
-1.11462e-05
3.6554e-05
-1.27403e-05
3.17143e-05
-1.41535e-05
2.61463e-05
1.98973e-05
-1.52511e-05
-4.83563e-07
3.04069e-05
1.15875e-07
3.82956e-05
1.81861e-06
4.2757e-05
3.72132e-06
4.54038e-05
5.01017e-06
4.63715e-05
5.44302e-06
4.5899e-05
5.11847e-06
4.4218e-05
4.27838e-06
4.14584e-05
3.16577e-06
3.7662e-05
1.9984e-06
3.28781e-05
9.56919e-07
2.71848e-05
2.06725e-05
1.79705e-07
2.11835e-06
2.82789e-05
4.67059e-06
3.57368e-05
8.92429e-06
3.84964e-05
1.27993e-05
4.15217e-05
1.56205e-05
4.3543e-05
1.72157e-05
4.42965e-05
1.77535e-05
4.36734e-05
1.7551e-05
4.16545e-05
1.69314e-05
3.82762e-05
1.6174e-05
3.3631e-05
1.54934e-05
2.7862e-05
2.11202e-05
1.50431e-05
2.15829e-06
2.61138e-05
7.70398e-06
3.01871e-05
1.50055e-05
3.11893e-05
2.10696e-05
3.54528e-05
2.54995e-05
3.91067e-05
2.82698e-05
4.15206e-05
2.96612e-05
4.22755e-05
3.00806e-05
4.12295e-05
2.99329e-05
3.84191e-05
2.95692e-05
3.39908e-05
2.92459e-05
2.81825e-05
2.1228e-05
2.91355e-05
1.38922e-06
2.47277e-05
1.2445e-05
1.9131e-05
2.21397e-05
2.1493e-05
2.97304e-05
2.78583e-05
3.52247e-05
3.36082e-05
3.87897e-05
3.79506e-05
4.0825e-05
4.02348e-05
4.1755e-05
4.02945e-05
4.20096e-05
3.81598e-05
4.19998e-05
3.39966e-05
4.20174e-05
2.81617e-05
2.09835e-05
4.22589e-05
2.46624e-05
6.78655e-08
3.38522e-05
9.94287e-06
3.96514e-05
1.56952e-05
4.41318e-05
2.3378e-05
4.75197e-05
3.02203e-05
5.00773e-05
3.53914e-05
5.18157e-05
3.84952e-05
5.27796e-05
3.93279e-05
5.31934e-05
3.77439e-05
5.3421e-05
3.37675e-05
5.37239e-05
2.7857e-05
5.43005e-05
2.04044e-05
-0.000121439
4.63678e-06
-0.000123416
1.9745e-06
-0.000122805
-6.11072e-07
-0.000119613
-3.19316e-06
-0.00011377
-5.84229e-06
-0.000105075
-8.69428e-06
-9.34243e-05
-1.16501e-05
-7.86659e-05
-1.47582e-05
-6.07251e-05
-1.79403e-05
-3.97364e-05
-2.09882e-05
-1.72141e-05
-2.25209e-05
-1.72138e-05
-0.000101307
6.96982e-06
-0.000102373
3.03894e-06
-0.000102032
-9.53172e-07
-0.000100108
-5.11771e-06
-9.63637e-05
-9.5864e-06
-9.06958e-05
-1.43616e-05
-8.29138e-05
-1.9432e-05
-7.28498e-05
-2.4822e-05
-6.0214e-05
-3.05759e-05
-4.45482e-05
-3.66531e-05
-2.56075e-05
-4.14609e-05
-4.28207e-05
-8.25892e-05
8.80543e-06
-8.34619e-05
3.91014e-06
-8.31655e-05
-1.25002e-06
-8.15253e-05
-6.75873e-06
-7.84365e-05
-1.26751e-05
-7.37837e-05
-1.90145e-05
-6.74279e-05
-2.57877e-05
-5.92261e-05
-3.30239e-05
-4.90481e-05
-4.0753e-05
-3.67207e-05
-4.89799e-05
-2.09159e-05
-5.72637e-05
-6.37353e-05
-6.51141e-05
1.02205e-05
-6.56776e-05
4.4722e-06
-6.52598e-05
-1.66862e-06
-6.37968e-05
-8.22266e-06
-6.12099e-05
-1.52625e-05
-5.74413e-05
-2.27834e-05
-5.24444e-05
-3.0785e-05
-4.61686e-05
-3.92989e-05
-3.85065e-05
-4.84142e-05
-2.92161e-05
-5.82677e-05
-1.73074e-05
-6.91693e-05
-8.1043e-05
-4.83233e-05
1.13759e-05
-4.87686e-05
4.91594e-06
-4.84282e-05
-2.01019e-06
-4.72562e-05
-9.39601e-06
-4.52093e-05
-1.73097e-05
-4.22641e-05
-2.57295e-05
-3.84209e-05
-3.46273e-05
-3.37032e-05
-4.40165e-05
-2.80753e-05
-5.40392e-05
-2.12613e-05
-6.50792e-05
-1.27066e-05
-7.77253e-05
-9.37495e-05
-3.2019e-05
1.22943e-05
-3.23772e-05
5.27295e-06
-3.2136e-05
-2.253e-06
-3.1226e-05
-1.03059e-05
-2.96435e-05
-1.88932e-05
-2.73981e-05
-2.79729e-05
-2.45575e-05
-3.74684e-05
-2.12393e-05
-4.73312e-05
-1.75647e-05
-5.77139e-05
-1.36255e-05
-6.90182e-05
-8.54626e-06
-8.28032e-05
-0.000102296
-1.59665e-05
1.30085e-05
-1.62291e-05
5.534e-06
-1.59921e-05
-2.48959e-06
-1.52413e-05
-1.10572e-05
-1.39814e-05
-2.01506e-05
-1.22637e-05
-2.96901e-05
-1.02249e-05
-3.95032e-05
-8.11609e-06
-4.94399e-05
-6.2039e-06
-5.96219e-05
-4.65187e-06
-7.05654e-05
-3.09171e-06
-8.43623e-05
-0.000105385
-2.68209e-07
1.34547e-05
-3.25776e-07
5.59079e-06
3.16161e-08
-2.84743e-06
8.00411e-07
-1.18245e-05
1.95466e-06
-2.13032e-05
3.40435e-06
-3.11359e-05
4.90098e-06
-4.0997e-05
6.01709e-06
-5.05511e-05
6.26735e-06
-5.98652e-05
5.17348e-06
-6.94683e-05
2.63707e-06
-8.18175e-05
-0.000102741
1.49157e-05
1.358e-05
1.51707e-05
5.33432e-06
1.58171e-05
-3.49392e-06
1.68413e-05
-1.28478e-05
1.82075e-05
-2.26666e-05
1.97741e-05
-3.26988e-05
2.1143e-05
-4.23611e-05
2.16513e-05
-5.10525e-05
2.05637e-05
-5.87738e-05
1.70095e-05
-6.59005e-05
1.04923e-05
-7.52889e-05
-9.22456e-05
2.93811e-05
1.33324e-05
3.00488e-05
4.66518e-06
3.11697e-05
-4.61538e-06
3.27394e-05
-1.44168e-05
3.47184e-05
-2.46429e-05
3.68911e-05
-3.48678e-05
3.86386e-05
-4.41032e-05
3.90184e-05
-5.14281e-05
3.70839e-05
-5.68281e-05
3.15126e-05
-6.03276e-05
2.06795e-05
-6.44493e-05
-7.15549e-05
4.29215e-05
1.26666e-05
4.412e-05
3.46381e-06
4.59502e-05
-6.44718e-06
4.84295e-05
-1.68961e-05
5.15019e-05
-2.7714e-05
5.48114e-05
-3.81743e-05
5.74052e-05
-4.66929e-05
5.81792e-05
-5.2196e-05
5.61227e-05
-5.47721e-05
4.94192e-05
-5.36144e-05
3.40313e-05
-4.90531e-05
-3.75254e-05
5.54415e-05
1.15226e-05
5.73679e-05
1.5349e-06
6.0265e-05
-9.34667e-06
6.41374e-05
-2.07696e-05
6.88216e-05
-3.23981e-05
7.36653e-05
-4.30167e-05
7.72524e-05
-5.02785e-05
7.87983e-05
-5.37412e-05
7.74383e-05
-5.34065e-05
7.09452e-05
-4.71271e-05
5.41571e-05
-3.22657e-05
1.66351e-05
7.72428e-06
-7.73011e-06
1.25045e-05
-4.7787e-06
1.23248e-05
1.70524e-07
6.80315e-06
5.52615e-06
-7.25431e-06
1.40517e-05
-3.04145e-05
2.31602e-05
-5.26688e-05
2.22511e-05
-7.12984e-05
1.86261e-05
-8.68426e-05
1.55425e-05
-9.94308e-05
1.25846e-05
-0.000109386
9.95421e-06
7.21498e-06
-0.000116604
4.74621e-07
-8.21403e-06
-6.31009e-06
2.00375e-06
-2.03421e-05
1.41993e-05
-3.86886e-05
2.38718e-05
-5.44684e-05
2.98305e-05
-6.33161e-05
3.20063e-05
-7.0381e-05
2.93149e-05
-7.76097e-05
2.58523e-05
-8.43854e-05
2.23171e-05
-9.04039e-05
1.86007e-05
-9.51833e-05
1.47328e-05
1.08441e-05
-9.88144e-05
-8.43715e-06
2.15427e-07
-2.08799e-05
1.44444e-05
-3.30297e-05
2.63469e-05
-4.34574e-05
3.42985e-05
-5.12751e-05
3.76468e-05
-5.66634e-05
3.73931e-05
-6.15741e-05
3.42241e-05
-6.63533e-05
3.06295e-05
-7.07327e-05
2.66952e-05
-7.46189e-05
2.24849e-05
-7.79364e-05
1.80492e-05
1.34946e-05
-8.05887e-05
-1.10207e-05
1.12311e-05
-2.11551e-05
2.45762e-05
-2.98004e-05
3.49906e-05
-3.6465e-05
4.09617e-05
-4.13822e-05
4.25625e-05
-4.5099e-05
4.11085e-05
-4.87555e-05
3.78788e-05
-5.23235e-05
3.41959e-05
-5.56894e-05
3.00597e-05
-5.8753e-05
2.55469e-05
-6.14157e-05
2.07109e-05
1.56085e-05
-6.35311e-05
-9.27814e-06
2.05022e-05
-1.67322e-05
3.2029e-05
-2.23125e-05
4.05688e-05
-2.64606e-05
4.51081e-05
-2.95957e-05
4.56963e-05
-3.23267e-05
4.38373e-05
-3.513e-05
4.06812e-05
-3.79056e-05
3.69696e-05
-4.05866e-05
3.27398e-05
-4.30769e-05
2.80354e-05
-4.52596e-05
2.28923e-05
1.73511e-05
-4.70037e-05
-6.24477e-06
2.6743e-05
-1.09594e-05
3.67408e-05
-1.39707e-05
4.35764e-05
-1.60643e-05
4.71997e-05
-1.77643e-05
4.73927e-05
-1.95108e-05
4.55824e-05
-2.14899e-05
4.26573e-05
-2.35919e-05
3.90704e-05
-2.57164e-05
3.48621e-05
-2.77393e-05
3.00568e-05
-2.95321e-05
2.46836e-05
1.87703e-05
-3.09534e-05
-3.26653e-06
3.00026e-05
-5.19774e-06
3.86657e-05
-5.98099e-06
4.43562e-05
-6.01526e-06
4.72284e-05
-6.20725e-06
4.75802e-05
-6.87354e-06
4.62445e-05
-8.01788e-06
4.37988e-05
-9.47274e-06
4.05226e-05
-1.1071e-05
3.64584e-05
-1.2647e-05
3.1631e-05
-1.40466e-05
2.60814e-05
1.98575e-05
-1.51349e-05
-9.72085e-08
3.00875e-05
1.43295e-07
3.8418e-05
1.78233e-06
4.27084e-05
3.67926e-06
4.53246e-05
4.97839e-06
4.62758e-05
5.42845e-06
4.57897e-05
5.1239e-06
4.41e-05
4.30433e-06
4.13392e-05
3.21079e-06
3.75501e-05
2.05898e-06
3.2781e-05
1.02872e-06
2.71102e-05
2.06256e-05
2.59184e-07
1.64766e-06
2.8429e-05
4.54104e-06
3.55143e-05
8.84221e-06
3.84033e-05
1.27283e-05
4.14309e-05
1.55612e-05
4.34365e-05
1.71724e-05
4.41732e-05
1.77287e-05
4.35393e-05
1.75452e-05
4.15194e-05
1.69423e-05
3.81503e-05
1.61981e-05
3.35228e-05
1.55268e-05
2.77797e-05
2.10686e-05
1.50821e-05
2.33455e-06
2.60814e-05
7.65404e-06
3.01914e-05
1.49139e-05
3.11303e-05
2.09731e-05
3.53667e-05
2.54111e-05
3.89925e-05
2.81959e-05
4.1384e-05
2.96049e-05
4.21263e-05
3.0042e-05
4.10795e-05
2.99085e-05
3.82811e-05
2.9555e-05
3.38746e-05
2.92383e-05
2.80945e-05
2.11742e-05
2.91312e-05
1.3267e-06
2.47496e-05
1.23591e-05
1.91484e-05
2.20313e-05
2.14615e-05
2.96121e-05
2.77796e-05
3.51113e-05
3.34887e-05
3.86885e-05
3.78026e-05
4.07395e-05
4.00717e-05
4.16858e-05
4.01305e-05
4.19523e-05
3.80119e-05
4.19491e-05
3.38753e-05
4.19697e-05
2.80714e-05
2.09305e-05
4.22111e-05
2.45983e-05
1.48814e-07
3.37628e-05
9.98876e-06
3.95438e-05
1.56723e-05
4.40172e-05
2.33058e-05
4.74018e-05
3.01038e-05
4.99628e-05
3.52405e-05
5.17114e-05
3.8323e-05
5.26883e-05
3.91522e-05
5.31104e-05
3.75892e-05
5.33396e-05
3.36447e-05
5.36414e-05
2.77684e-05
5.42147e-05
2.03549e-05
-0.000121253
4.64858e-06
-0.000123243
1.98787e-06
-0.000122647
-5.95696e-07
-0.000119473
-3.17526e-06
-0.000113652
-5.82098e-06
-0.000104979
-8.67235e-06
-9.33513e-05
-1.16269e-05
-7.86138e-05
-1.47367e-05
-6.06917e-05
-1.79215e-05
-3.9716e-05
-2.09747e-05
-1.72044e-05
-2.25092e-05
-1.72039e-05
-0.000101148
6.9813e-06
-0.000102216
3.05494e-06
-0.000101881
-9.3136e-07
-9.99678e-05
-5.08901e-06
-9.62367e-05
-9.55195e-06
-9.05851e-05
-1.43231e-05
-8.28212e-05
-1.93904e-05
-7.27767e-05
-2.47805e-05
-6.01601e-05
-3.05375e-05
-4.4513e-05
-3.66206e-05
-2.55924e-05
-4.14289e-05
-4.27956e-05
-8.24208e-05
8.81292e-06
-8.32944e-05
3.92714e-06
-8.30036e-05
-1.2224e-06
-8.13728e-05
-6.72031e-06
-7.82974e-05
-1.26269e-05
-7.36619e-05
-1.89584e-05
-6.73255e-05
-2.57261e-05
-5.91456e-05
-3.29603e-05
-4.89898e-05
-4.06923e-05
-3.66847e-05
-4.89251e-05
-2.08992e-05
-5.72125e-05
-6.36933e-05
-6.49421e-05
1.02231e-05
-6.55063e-05
4.49009e-06
-6.50943e-05
-1.63494e-06
-6.36423e-05
-8.17312e-06
-6.10715e-05
-1.51975e-05
-5.73235e-05
-2.27068e-05
-5.23493e-05
-3.07002e-05
-4.60972e-05
-3.92125e-05
-3.84582e-05
-4.83301e-05
-2.91902e-05
-5.81916e-05
-1.72956e-05
-6.91032e-05
-8.0989e-05
-4.81558e-05
1.13735e-05
-4.86013e-05
4.93501e-06
-4.82687e-05
-1.9697e-06
-4.71087e-05
-9.33249e-06
-4.50816e-05
-1.72269e-05
-4.21576e-05
-2.5629e-05
-3.83411e-05
-3.4519e-05
-3.3646e-05
-4.39042e-05
-2.80431e-05
-5.39342e-05
-2.12441e-05
-6.49837e-05
-1.27018e-05
-7.76482e-05
-9.36885e-05
-3.18689e-05
1.22886e-05
-3.22287e-05
5.29219e-06
-3.1993e-05
-2.20439e-06
-3.10983e-05
-1.02298e-05
-2.95331e-05
-1.87891e-05
-2.73149e-05
-2.78497e-05
-2.44975e-05
-3.73321e-05
-2.1207e-05
-4.71967e-05
-1.75479e-05
-5.75867e-05
-1.36255e-05
-6.89125e-05
-8.54985e-06
-8.27171e-05
-0.000102239
-1.58454e-05
1.29974e-05
-1.61084e-05
5.55527e-06
-1.58793e-05
-2.43426e-06
-1.5141e-05
-1.09661e-05
-1.39025e-05
-2.00273e-05
-1.22087e-05
-2.95402e-05
-1.01982e-05
-3.93417e-05
-8.11037e-06
-4.928e-05
-6.21808e-06
-5.94809e-05
-4.67195e-06
-7.04516e-05
-3.10908e-06
-8.42804e-05
-0.000105346
-1.84475e-07
1.34403e-05
-2.44049e-07
5.61444e-06
1.06043e-07
-2.78348e-06
8.60711e-07
-1.17195e-05
1.99489e-06
-2.11585e-05
3.41845e-06
-3.09607e-05
4.89002e-06
-4.08088e-05
5.98456e-06
-5.03712e-05
6.22244e-06
-5.97116e-05
5.1294e-06
-6.93552e-05
2.60194e-06
-8.17489e-05
-0.000102734
1.49556e-05
1.35655e-05
1.52068e-05
5.36295e-06
1.58441e-05
-3.42012e-06
1.68536e-05
-1.27271e-05
1.81985e-05
-2.25003e-05
1.97396e-05
-3.24974e-05
2.10853e-05
-4.2149e-05
2.15771e-05
-5.08554e-05
2.04842e-05
-5.8613e-05
1.69357e-05
-6.58007e-05
1.04471e-05
-7.52382e-05
-9.2285e-05
2.93744e-05
1.33211e-05
3.00355e-05
4.7016e-06
3.11444e-05
-4.52894e-06
3.26975e-05
-1.42782e-05
3.46537e-05
-2.44536e-05
3.68017e-05
-3.46405e-05
3.85306e-05
-4.38722e-05
3.89019e-05
-5.12212e-05
3.69662e-05
-5.66706e-05
3.14177e-05
-6.0239e-05
2.0616e-05
-6.44385e-05
-7.16524e-05
4.28688e-05
1.2661e-05
4.40569e-05
3.51139e-06
4.58719e-05
-6.34411e-06
4.83309e-05
-1.67367e-05
5.13789e-05
-2.74992e-05
5.46652e-05
-3.79235e-05
5.72499e-05
-4.64522e-05
5.80234e-05
-5.1989e-05
5.59802e-05
-5.46226e-05
4.93017e-05
-5.35618e-05
3.3964e-05
-4.90802e-05
-3.76854e-05
5.53469e-05
1.15265e-05
5.72581e-05
1.59857e-06
6.0135e-05
-9.22242e-06
6.39831e-05
-2.05853e-05
6.86413e-05
-3.21565e-05
7.34679e-05
-4.27487e-05
7.70584e-05
-5.00404e-05
7.86168e-05
-5.35464e-05
7.7283e-05
-5.32886e-05
7.08333e-05
-4.7108e-05
5.40895e-05
-3.234e-05
1.64078e-05
9.14093e-05
1.01071e-05
-0.000101463
8.44567e-05
1.68816e-05
7.59752e-05
2.41137e-05
6.97442e-05
2.94957e-05
6.60329e-05
3.37839e-05
6.43143e-05
3.69466e-05
6.38184e-05
3.88303e-05
6.37629e-05
3.92475e-05
6.37772e-05
3.76391e-05
6.39766e-05
3.35267e-05
6.4435e-05
2.73971e-05
1.95621e-05
6.53111e-05
0.000112301
1.19366e-05
-0.000114131
0.000107168
2.20183e-05
0.000100214
3.10729e-05
9.25505e-05
3.71633e-05
8.57342e-05
4.06051e-05
8.05585e-05
4.21265e-05
7.72347e-05
4.21582e-05
7.5312e-05
4.11723e-05
7.42966e-05
3.86565e-05
7.41158e-05
3.37077e-05
7.44824e-05
2.70305e-05
1.83705e-05
7.56722e-05
0.000119938
1.34258e-05
-0.000121428
0.000116705
2.5255e-05
0.000112164
3.56175e-05
0.000106607
4.27264e-05
0.000100651
4.65676e-05
9.50225e-05
4.77611e-05
9.03938e-05
4.67922e-05
8.70685e-05
4.45025e-05
8.51005e-05
4.06281e-05
8.42666e-05
3.45434e-05
8.4491e-05
2.68051e-05
1.64062e-05
8.64516e-05
0.000123002
-0.000124964
1.53889e-05
0.000120233
2.80283e-05
0.000116667
3.91884e-05
0.000112417
4.69823e-05
0.000107837
5.1154e-05
0.000103527
5.2077e-05
9.98219e-05
5.05023e-05
9.7038e-05
4.72904e-05
9.55252e-05
4.21437e-05
9.52944e-05
3.47753e-05
9.66867e-05
2.54117e-05
0.000100942
1.21506e-05
6.70756e-05
9.82879e-06
7.01127e-05
-1.39786e-06
7.46385e-05
-1.37391e-05
8.04656e-05
-2.6441e-05
8.70579e-05
-3.8819e-05
9.32301e-05
-4.90248e-05
9.74131e-05
-5.43333e-05
9.94511e-05
-5.56828e-05
9.87654e-05
-5.26776e-05
9.46866e-05
-4.30569e-05
9.04503e-05
-2.80795e-05
5.50474e-06
0.000101479
7.84891e-05
7.00867e-06
8.34411e-05
-6.35286e-06
9.03671e-05
-2.06683e-05
9.84944e-05
-3.45709e-05
0.000106568
-4.68954e-05
0.000112848
-5.53077e-05
0.000116599
-5.80869e-05
0.000117941
-5.70287e-05
0.000116517
-5.12555e-05
0.000112718
-3.92649e-05
0.000109565
-2.49313e-05
9.56143e-07
0.000114111
9.14318e-05
2.02514e-06
9.95035e-05
-1.44285e-05
0.000109203
-3.03715e-05
0.00011879
-4.41615e-05
0.000126204
-5.4314e-05
0.000130194
-5.93023e-05
0.000131703
-5.96009e-05
0.00013095
-5.62809e-05
0.000128264
-4.85763e-05
0.000124477
-3.54839e-05
0.000120718
-2.11772e-05
3.02215e-07
0.000121369
0.000110235
-7.27147e-06
0.000121732
-2.59279e-05
0.000131949
-4.05915e-05
0.000138781
-5.09968e-05
0.000141707
-5.72428e-05
0.000142026
-5.96266e-05
0.000141076
-5.86556e-05
0.000138573
-5.37847e-05
0.00013492
-4.49287e-05
0.000130913
-3.14837e-05
0.00012657
-1.68413e-05
0.000124868
2.00138e-06
9.13675e-05
1.02073e-05
8.43779e-05
1.69524e-05
7.58729e-05
2.41847e-05
6.96354e-05
2.95558e-05
6.59278e-05
3.38285e-05
6.42139e-05
3.69764e-05
6.37157e-05
3.88451e-05
6.36502e-05
3.92417e-05
6.36526e-05
3.76039e-05
6.38403e-05
3.34664e-05
6.42896e-05
2.73209e-05
1.94781e-05
6.51617e-05
0.000112264
1.2055e-05
0.000107105
2.21164e-05
0.000100121
3.117e-05
9.24377e-05
3.7244e-05
8.56116e-05
4.066e-05
8.04357e-05
4.21573e-05
7.71171e-05
4.21684e-05
7.51978e-05
4.11644e-05
7.4184e-05
3.86201e-05
7.40005e-05
3.36505e-05
7.43628e-05
2.69579e-05
1.82861e-05
7.55528e-05
0.000119872
1.35525e-05
0.000116624
2.53657e-05
0.000112069
3.57307e-05
0.000106498
4.28206e-05
0.000100535
4.66308e-05
9.49046e-05
4.7795e-05
9.02793e-05
4.68003e-05
8.6959e-05
4.44906e-05
8.49994e-05
4.05842e-05
8.41717e-05
3.44801e-05
8.44022e-05
2.67261e-05
1.63116e-05
8.63722e-05
0.00012291
1.551e-05
0.000120135
2.81439e-05
0.000116563
3.93089e-05
0.00011231
4.70814e-05
0.000107732
5.12159e-05
0.00010343
5.21044e-05
9.97289e-05
5.05068e-05
9.69512e-05
4.72733e-05
9.54497e-05
4.20898e-05
9.52315e-05
3.46992e-05
9.6639e-05
2.53171e-05
0.000100916
1.20348e-05
6.69289e-05
9.74624e-06
6.99762e-05
-1.47267e-06
7.45151e-05
-1.37971e-05
8.03559e-05
-2.64751e-05
8.69585e-05
-3.88198e-05
9.31368e-05
-4.89799e-05
9.73267e-05
-5.42578e-05
9.93706e-05
-5.55987e-05
9.86899e-05
-5.25902e-05
9.46152e-05
-4.29894e-05
9.03843e-05
-2.80498e-05
5.45419e-06
0.00010139
7.83782e-05
6.9178e-06
8.33451e-05
-6.44243e-06
9.02864e-05
-2.07412e-05
9.84251e-05
-3.46167e-05
0.000106505
-4.69022e-05
0.000112787
-5.52652e-05
0.000116544
-5.80185e-05
0.00011789
-5.69478e-05
0.000116466
-5.11721e-05
0.000112672
-3.91986e-05
0.000109518
-2.49014e-05
9.20471e-07
0.00011405
9.13702e-05
1.91686e-06
9.94609e-05
-1.45368e-05
0.000109174
-3.04572e-05
0.000118765
-4.42118e-05
0.000126179
-5.43205e-05
0.00013017
-5.92614e-05
0.000131682
-5.95361e-05
0.000130928
-5.61994e-05
0.000128241
-4.84914e-05
0.000124459
-3.54232e-05
0.000120703
-2.1151e-05
2.7171e-07
0.00012135
0.000110236
-7.40594e-06
0.000121748
-2.60509e-05
0.000131966
-4.06781e-05
0.00013879
-5.10386e-05
0.000141708
-5.72419e-05
0.000142027
-5.95854e-05
0.000141074
-5.85895e-05
0.000138574
-5.37048e-05
0.000134926
-4.48512e-05
0.000130928
-3.14307e-05
0.000126594
-1.68215e-05
0.000124892
1.96964e-06
9.13047e-05
1.01545e-05
8.43438e-05
1.69067e-05
7.58797e-05
2.41627e-05
6.96852e-05
2.95764e-05
6.60124e-05
3.38958e-05
6.4322e-05
3.70847e-05
6.38377e-05
3.89806e-05
6.37786e-05
3.9388e-05
6.37899e-05
3.77331e-05
6.39891e-05
3.35683e-05
6.44479e-05
2.73968e-05
1.95223e-05
6.53272e-05
0.000112205
1.20005e-05
0.000107058
2.20564e-05
0.0001001
3.11248e-05
9.24483e-05
3.72333e-05
8.56536e-05
4.06959e-05
8.05065e-05
4.22369e-05
7.72102e-05
4.22816e-05
7.5304e-05
4.12976e-05
7.43083e-05
3.8732e-05
7.41415e-05
3.37366e-05
7.45183e-05
2.70205e-05
1.8316e-05
7.5723e-05
0.000119854
1.34964e-05
0.000116612
2.53005e-05
0.000112067
3.56754e-05
0.000106507
4.27987e-05
0.000100554
4.66558e-05
9.49376e-05
4.78611e-05
9.03285e-05
4.68976e-05
8.70271e-05
4.46055e-05
8.50936e-05
4.0671e-05
8.42878e-05
3.45458e-05
8.45437e-05
2.67645e-05
1.63146e-05
8.65414e-05
0.000122932
1.54563e-05
0.000120156
2.80799e-05
0.000116583
3.92537e-05
0.000112327
4.70611e-05
0.000107745
5.12446e-05
0.000103438
5.21751e-05
9.97423e-05
5.05996e-05
9.69872e-05
4.73664e-05
9.55154e-05
4.21485e-05
9.53268e-05
3.47374e-05
9.67722e-05
2.53194e-05
0.00010108
1.20079e-05
6.71047e-05
9.74089e-06
7.01625e-05
-1.52802e-06
7.47128e-05
-1.39006e-05
8.0566e-05
-2.66258e-05
8.71794e-05
-3.90138e-05
9.33567e-05
-4.91961e-05
9.75328e-05
-5.44559e-05
9.95601e-05
-5.57689e-05
9.88493e-05
-5.27016e-05
9.47428e-05
-4.3019e-05
9.04864e-05
-2.80117e-05
5.60558e-06
0.000101512
7.85645e-05
6.89597e-06
8.35433e-05
-6.51031e-06
9.04957e-05
-2.08566e-05
9.86453e-05
-3.47785e-05
0.000106726
-4.70975e-05
0.00011299
-5.54637e-05
0.000116723
-5.81917e-05
0.000118038
-5.70875e-05
0.000116578
-5.12434e-05
0.000112755
-3.92038e-05
0.000109587
-2.48484e-05
1.05883e-06
0.000114132
9.15597e-05
1.87452e-06
9.9659e-05
-1.46139e-05
0.000109377
-3.0579e-05
0.000118967
-4.43726e-05
0.000126357
-5.44923e-05
0.000130312
-5.94236e-05
0.000131792
-5.96766e-05
0.000131001
-5.63017e-05
0.000128291
-4.85408e-05
0.00012449
-3.54078e-05
0.00012072
-2.10837e-05
4.04266e-07
0.000121372
0.000110411
-7.45989e-06
0.000121919
-2.61251e-05
0.000132126
-4.07888e-05
0.000138922
-5.11719e-05
0.000141805
-5.73792e-05
0.000142097
-5.97213e-05
0.000141122
-5.87065e-05
0.000138592
-5.3778e-05
0.000134919
-4.48737e-05
0.000130903
-3.1398e-05
0.000126557
-1.67448e-05
0.000124861
2.09709e-06
9.13788e-05
1.02819e-05
8.43718e-05
1.69939e-05
7.5856e-05
2.41947e-05
6.96216e-05
2.95428e-05
6.59247e-05
3.3803e-05
6.42231e-05
3.6945e-05
6.3737e-05
3.88107e-05
6.36836e-05
3.92074e-05
6.36949e-05
3.75786e-05
6.38881e-05
3.34515e-05
6.43401e-05
2.73147e-05
1.94806e-05
6.52115e-05
0.000112278
1.21357e-05
0.000107113
2.21642e-05
0.000100126
3.11836e-05
9.2445e-05
3.72285e-05
8.56266e-05
4.06269e-05
8.04593e-05
4.21175e-05
7.71477e-05
4.21273e-05
7.52347e-05
4.1124e-05
7.42226e-05
3.85932e-05
7.40394e-05
3.36355e-05
7.44004e-05
2.69532e-05
1.8294e-05
7.55851e-05
0.000119877
1.36319e-05
0.000116632
2.54106e-05
0.000112082
3.57392e-05
0.000106518
4.27982e-05
0.000100562
4.65901e-05
9.494e-05
4.7747e-05
9.03209e-05
4.6753e-05
8.70042e-05
4.44468e-05
8.50408e-05
4.05613e-05
8.4207e-05
3.44715e-05
8.44277e-05
2.67314e-05
1.63337e-05
8.63837e-05
0.000122912
1.55809e-05
0.000120146
2.81798e-05
0.000116584
3.93081e-05
0.000112339
4.705e-05
0.00010777
5.11664e-05
0.000103475
5.20497e-05
9.97784e-05
5.04556e-05
9.69986e-05
4.7232e-05
9.54869e-05
4.20774e-05
9.52552e-05
3.47043e-05
9.66437e-05
2.53415e-05
0.000100899
1.20788e-05
6.69731e-05
9.76104e-06
7.00092e-05
-1.44153e-06
7.4534e-05
-1.37502e-05
8.03595e-05
-2.64127e-05
8.69505e-05
-3.87495e-05
9.31283e-05
-4.8928e-05
9.73235e-05
-5.42374e-05
9.93748e-05
-5.5599e-05
9.87108e-05
-5.26271e-05
9.46507e-05
-4.30539e-05
9.04323e-05
-2.81205e-05
5.37482e-06
7.83989e-05
6.94439e-06
8.33495e-05
-6.39488e-06
9.02743e-05
-2.06776e-05
9.83994e-05
-3.45404e-05
0.000106475
-4.68279e-05
0.000112767
-5.52234e-05
0.000116535
-5.80082e-05
0.000117897
-5.69644e-05
0.000116496
-5.12314e-05
0.000112716
-3.92786e-05
0.000109577
-2.49867e-05
8.18856e-07
9.13623e-05
1.96298e-06
9.94345e-05
-1.44706e-05
0.000109133
-3.03796e-05
0.000118721
-4.41317e-05
0.000126145
-5.42568e-05
0.000130153
-5.92358e-05
0.000131681
-5.95411e-05
0.00013095
-5.62393e-05
0.000128279
-4.85672e-05
0.000124509
-3.55155e-05
0.000120768
-2.12506e-05
1.56346e-07
0.000110198
-7.33879e-06
0.000121698
-2.59725e-05
0.000131916
-4.06e-05
0.000138754
-5.09723e-05
0.000141692
-5.71982e-05
0.000142025
-5.95736e-05
0.000141088
-5.86104e-05
0.000138607
-5.37642e-05
0.000134973
-4.49401e-05
0.000130983
-3.15319e-05
0.00012666
-1.69324e-05
1.84885e-06
-3.82442e-05
1.79423e-05
3.56887e-05
-4.12957e-05
3.1084e-05
-4.45008e-05
4.24008e-05
-4.77264e-05
5.0217e-05
-5.07201e-05
5.41571e-05
-5.30056e-05
5.43715e-05
-5.43201e-05
5.18241e-05
-5.40987e-05
4.7076e-05
-5.20781e-05
4.01283e-05
-4.84469e-05
3.11468e-05
-4.26149e-05
1.95799e-05
3.02825e-06
-3.3503e-05
-4.43478e-05
2.09146e-05
4.13781e-05
-4.73707e-05
3.41119e-05
-4.997e-05
4.50061e-05
-5.18767e-05
5.21304e-05
-5.28248e-05
5.51109e-05
-5.26521e-05
5.42045e-05
-5.10791e-05
5.02558e-05
-4.76225e-05
4.36234e-05
-4.28274e-05
3.53365e-05
-3.71519e-05
2.5473e-05
-3.05314e-05
1.29541e-05
-5.18738e-06
-2.23099e-05
-4.85542e-05
2.38656e-05
4.56016e-05
-5.10106e-05
3.65713e-05
-5.24357e-05
4.64362e-05
-5.27434e-05
5.24437e-05
-5.18568e-05
5.4231e-05
-4.93464e-05
5.17015e-05
-4.50057e-05
4.59223e-05
-3.95377e-05
3.81615e-05
-3.35299e-05
2.93336e-05
-2.73529e-05
1.92987e-05
-2.17112e-05
7.31771e-06
-9.97538e-06
-1.69358e-05
-5.05156e-05
4.80115e-05
2.63721e-05
-5.20034e-05
3.80615e-05
-5.22667e-05
4.67021e-05
-5.11344e-05
5.13144e-05
-4.81617e-05
5.12619e-05
-4.35257e-05
4.70693e-05
-3.77917e-05
4.01917e-05
-3.15005e-05
3.1873e-05
-2.49597e-05
2.27959e-05
-1.86096e-05
1.29529e-05
-1.33694e-05
2.07436e-06
-1.41541e-05
-9.18012e-06
-2.14245e-05
-1.93488e-05
-1.32552e-05
-3.40989e-05
-9.26165e-06
-4.45884e-05
-8.40355e-06
-5.18594e-05
-9.63067e-06
-5.60211e-05
-1.24801e-05
-5.67842e-05
-1.63908e-05
-5.47527e-05
-2.08297e-05
-4.93542e-05
-2.5429e-05
-4.0338e-05
-2.95351e-05
-2.73883e-05
-3.35126e-05
-1.28696e-05
4.30576e-06
-3.58201e-05
-1.20356e-05
-2.96282e-05
-7.44676e-06
-3.86888e-05
-6.36999e-06
-4.5667e-05
-7.70881e-06
-5.05228e-05
-1.08966e-05
-5.28368e-05
-1.51841e-05
-5.2501e-05
-2.01638e-05
-4.97781e-05
-2.53681e-05
-4.41554e-05
-3.03923e-05
-3.532e-05
-3.47529e-05
-2.30312e-05
-3.86925e-05
-8.93693e-06
7.13738e-06
-4.15279e-05
-8.61314e-06
-3.7947e-05
-6.22352e-06
-4.1079e-05
-6.671e-06
-4.52215e-05
-9.09736e-06
-4.80991e-05
-1.29666e-05
-4.89713e-05
-1.77704e-05
-4.77014e-05
-2.31436e-05
-4.44102e-05
-2.86581e-05
-3.86464e-05
-3.39316e-05
-3.00519e-05
-3.85491e-05
-1.8422e-05
-4.26076e-05
-4.88203e-06
1.02792e-05
-4.57514e-05
-7.28464e-06
-4.48241e-05
-6.58896e-06
-4.17768e-05
-7.93845e-06
-4.38725e-05
-1.0852e-05
-4.51863e-05
-1.49564e-05
-4.48678e-05
-1.98849e-05
-4.27748e-05
-2.53254e-05
-3.89717e-05
-3.08915e-05
-3.30827e-05
-3.62271e-05
-2.47193e-05
-4.09515e-05
-1.3698e-05
-4.50239e-05
-8.14059e-07
-4.81392e-05
1.3392e-05
-3.83642e-05
1.80548e-05
-4.1415e-05
3.11987e-05
-4.46147e-05
4.25137e-05
-4.78282e-05
5.03056e-05
-5.0807e-05
5.42053e-05
-5.30764e-05
5.43839e-05
-5.43753e-05
5.18137e-05
-5.41313e-05
4.70375e-05
-5.20906e-05
4.0055e-05
-4.84415e-05
3.10528e-05
-4.25924e-05
1.9467e-05
2.89384e-06
-3.34641e-05
-4.44832e-05
2.10097e-05
-4.74947e-05
3.42128e-05
-5.00732e-05
4.51021e-05
-5.1952e-05
5.21918e-05
-5.28757e-05
5.51359e-05
-5.26831e-05
5.41975e-05
-5.10821e-05
5.02183e-05
-4.76007e-05
4.35608e-05
-4.27931e-05
3.52511e-05
-3.71065e-05
2.53676e-05
-3.04811e-05
1.28333e-05
-5.32163e-06
-2.22591e-05
-4.86835e-05
2.39421e-05
-5.1117e-05
3.66497e-05
-5.25098e-05
4.64962e-05
-5.27854e-05
5.24741e-05
-5.18701e-05
5.42279e-05
-4.93262e-05
5.16611e-05
-4.49586e-05
4.58581e-05
-3.94787e-05
3.80874e-05
-3.34638e-05
2.92414e-05
-2.7283e-05
1.91877e-05
-2.16463e-05
7.1994e-06
-1.00935e-05
-1.68935e-05
-5.06181e-05
2.64207e-05
-5.20788e-05
3.81113e-05
-5.23069e-05
4.67308e-05
-5.11343e-05
5.13051e-05
-4.81215e-05
5.12188e-05
-4.34582e-05
4.70015e-05
-3.77113e-05
4.01141e-05
-3.14144e-05
3.17933e-05
-2.48715e-05
2.27014e-05
-1.85229e-05
1.28419e-05
-1.32954e-05
1.9628e-06
-1.41217e-05
-9.25893e-06
-2.13764e-05
-1.94907e-05
-1.32154e-05
-3.42122e-05
-9.23379e-06
-4.46625e-05
-8.38363e-06
-5.1893e-05
-9.61352e-06
-5.60179e-05
-1.2458e-05
-5.67481e-05
-1.63609e-05
-5.4695e-05
-2.07894e-05
-4.92852e-05
-2.53779e-05
-4.02719e-05
-2.94734e-05
-2.73431e-05
-3.3443e-05
-1.28604e-05
4.27477e-06
-3.57497e-05
-1.19868e-05
-2.97673e-05
-7.41186e-06
-3.8787e-05
-6.34332e-06
-4.57319e-05
-7.68484e-06
-5.05539e-05
-1.08684e-05
-5.28377e-05
-1.51452e-05
-5.24762e-05
-2.01101e-05
-4.97354e-05
-2.5298e-05
-4.41033e-05
-3.03069e-05
-3.52689e-05
-3.46566e-05
-2.29993e-05
-3.85877e-05
-8.93094e-06
7.10833e-06
-4.1426e-05
-8.57857e-06
-3.80748e-05
-6.19715e-06
-4.11678e-05
-6.64661e-06
-4.52837e-05
-9.07053e-06
-4.81328e-05
-1.29314e-05
-4.89807e-05
-1.77208e-05
-4.76916e-05
-2.30764e-05
-4.43852e-05
-2.8572e-05
-3.86137e-05
-3.38278e-05
-3.00192e-05
-3.84315e-05
-1.84007e-05
-4.2484e-05
-4.88522e-06
1.0257e-05
-4.56327e-05
-7.26646e-06
-4.49364e-05
-6.5688e-06
-4.18661e-05
-7.91602e-06
-4.39367e-05
-1.08241e-05
-4.52252e-05
-1.49186e-05
-4.48877e-05
-1.98316e-05
-4.27805e-05
-2.52542e-05
-3.89652e-05
-3.08012e-05
-3.30691e-05
-3.61184e-05
-2.47045e-05
-4.08302e-05
-1.36916e-05
-4.48978e-05
-8.17209e-07
-4.80234e-05
1.33797e-05
-3.82986e-05
1.80048e-05
-4.13578e-05
3.11428e-05
-4.45714e-05
4.24744e-05
-4.78033e-05
5.03028e-05
-5.07969e-05
5.42485e-05
-5.30709e-05
5.44593e-05
-5.43596e-05
5.18968e-05
-5.40879e-05
4.71039e-05
-5.20154e-05
4.0084e-05
-4.83311e-05
3.10585e-05
-4.24561e-05
1.94462e-05
2.86442e-06
-3.33235e-05
-4.43909e-05
2.09709e-05
-4.74201e-05
3.41756e-05
-5.00251e-05
4.50855e-05
-5.19319e-05
5.22164e-05
-5.28738e-05
5.51969e-05
-5.26831e-05
5.42748e-05
-5.10667e-05
5.02862e-05
-4.75553e-05
4.35983e-05
-4.27155e-05
3.52501e-05
-3.69956e-05
2.53434e-05
-3.0352e-05
1.27983e-05
-5.34245e-06
-2.21372e-05
-4.85819e-05
2.39199e-05
-5.10435e-05
3.66398e-05
-5.24709e-05
4.65177e-05
-5.27768e-05
5.25282e-05
-5.18788e-05
5.43058e-05
-4.93371e-05
5.17405e-05
-4.49547e-05
4.59115e-05
-3.9446e-05
3.80971e-05
-3.33982e-05
2.921e-05
-2.71857e-05
1.91359e-05
-2.1532e-05
7.1521e-06
-1.01036e-05
-1.67847e-05
-5.05259e-05
2.64232e-05
-5.20184e-05
3.81339e-05
-5.22836e-05
4.67851e-05
-5.11437e-05
5.13912e-05
-4.81511e-05
5.13164e-05
-4.34884e-05
4.70812e-05
-3.77258e-05
4.0152e-05
-3.1403e-05
3.17781e-05
-2.48324e-05
2.26448e-05
-1.84588e-05
1.27693e-05
-1.32181e-05
1.90941e-06
-1.40315e-05
-9.27702e-06
-2.1253e-05
-1.95283e-05
-1.31197e-05
-3.426e-05
-9.16081e-06
-4.4751e-05
-8.33609e-06
-5.20014e-05
-9.58965e-06
-5.61313e-05
-1.24633e-05
-5.6855e-05
-1.63932e-05
-5.47846e-05
-2.08423e-05
-4.93376e-05
-2.5445e-05
-4.02796e-05
-2.95492e-05
-2.73042e-05
-3.35207e-05
-1.2779e-05
4.39003e-06
-3.58166e-05
-1.18919e-05
-2.97789e-05
-7.35999e-06
-3.87927e-05
-6.31002e-06
-4.5803e-05
-7.67614e-06
-5.06377e-05
-1.08853e-05
-5.29259e-05
-1.51875e-05
-5.25574e-05
-2.0178e-05
-4.97995e-05
-2.53851e-05
-4.41362e-05
-3.04059e-05
-3.5265e-05
-3.4759e-05
-2.29547e-05
-3.86879e-05
-8.85682e-06
7.20731e-06
-4.15088e-05
-8.53239e-06
-3.80259e-05
-6.17241e-06
-4.11532e-05
-6.63994e-06
-4.53375e-05
-9.08453e-06
-4.8196e-05
-1.29684e-05
-4.90459e-05
-1.77814e-05
-4.7749e-05
-2.31597e-05
-4.44267e-05
-2.86729e-05
-3.86287e-05
-3.39393e-05
-3.00042e-05
-3.85456e-05
-1.83565e-05
-4.25904e-05
-4.81555e-06
1.03337e-05
-4.57187e-05
-7.25105e-06
-4.48153e-05
-6.54565e-06
-4.18609e-05
-7.92162e-06
-4.39622e-05
-1.08499e-05
-4.52687e-05
-1.49648e-05
-4.49323e-05
-1.98992e-05
-4.28168e-05
-2.53415e-05
-3.89868e-05
-3.09038e-05
-3.3069e-05
-3.623e-05
-2.4681e-05
-4.09412e-05
-1.36459e-05
-4.4999e-05
-7.62072e-07
-4.81002e-05
1.34326e-05
-3.83479e-05
1.81131e-05
-4.13855e-05
3.12215e-05
-4.45737e-05
4.25014e-05
-4.77794e-05
5.02665e-05
-5.07559e-05
5.41537e-05
-5.30294e-05
5.43333e-05
-5.43358e-05
5.17702e-05
-5.41094e-05
4.70139e-05
-5.20893e-05
4.00634e-05
-4.84609e-05
3.10789e-05
-4.26287e-05
1.95086e-05
2.94793e-06
-3.35102e-05
-4.44489e-05
2.1053e-05
-4.74473e-05
3.42226e-05
-5.00179e-05
4.50819e-05
-5.18964e-05
5.21524e-05
-5.28264e-05
5.50907e-05
-5.26464e-05
5.41597e-05
-5.10659e-05
5.01955e-05
-4.76091e-05
4.35621e-05
-4.28209e-05
3.52793e-05
-3.7151e-05
2.54107e-05
-3.05337e-05
1.28833e-05
-5.26937e-06
-2.23093e-05
-4.86368e-05
2.39716e-05
-5.10611e-05
3.66503e-05
-5.24528e-05
4.64749e-05
-5.27347e-05
5.24411e-05
-5.18325e-05
5.4196e-05
-4.93101e-05
5.16449e-05
-4.49665e-05
4.58594e-05
-3.95068e-05
3.81091e-05
-3.35079e-05
2.92858e-05
-2.73392e-05
1.92434e-05
-2.1704e-05
7.25147e-06
-1.00537e-05
-1.69382e-05
-5.05687e-05
2.64399e-05
-5.20255e-05
3.81081e-05
-5.22577e-05
4.67136e-05
-5.10982e-05
5.12853e-05
-4.81056e-05
5.12073e-05
-4.3463e-05
4.70063e-05
-3.77341e-05
4.01337e-05
-3.14526e-05
3.18307e-05
-2.49209e-05
2.27575e-05
-1.85793e-05
1.2905e-05
-1.33481e-05
2.01165e-06
-1.41565e-05
-9.23566e-06
-2.14244e-05
-1.94212e-05
-1.32567e-05
-3.41401e-05
-9.26194e-06
-4.45974e-05
-8.39611e-06
-5.18423e-05
-9.61003e-06
-5.59899e-05
-1.24377e-05
-5.6753e-05
-1.63253e-05
-5.47311e-05
-2.07438e-05
-4.93545e-05
-2.53282e-05
-4.0365e-05
-2.94204e-05
-2.74477e-05
-3.33822e-05
-1.29791e-05
4.1538e-06
-1.20292e-05
-2.97052e-05
-7.44129e-06
-3.87278e-05
-6.3591e-06
-4.56803e-05
-7.68556e-06
-5.05181e-05
-1.08548e-05
-5.28239e-05
-1.51197e-05
-5.24928e-05
-2.00746e-05
-4.97814e-05
-2.52573e-05
-4.41778e-05
-3.02649e-05
-3.53635e-05
-3.46133e-05
-2.31054e-05
-3.85398e-05
-9.05425e-06
6.98849e-06
-8.6091e-06
-3.80262e-05
-6.21558e-06
-4.11204e-05
-6.65342e-06
-4.52434e-05
-9.06614e-06
-4.81079e-05
-1.29168e-05
-4.89768e-05
-1.76988e-05
-4.77155e-05
-2.30479e-05
-4.44375e-05
-2.85411e-05
-3.86906e-05
-3.37977e-05
-3.0113e-05
-3.84018e-05
-1.85063e-05
-4.24519e-05
-5.01066e-06
1.0138e-05
-7.28428e-06
-4.49044e-05
-6.58077e-06
-4.18243e-05
-7.91967e-06
-4.39045e-05
-1.08195e-05
-4.52084e-05
-1.49071e-05
-4.48905e-05
-1.98159e-05
-4.28085e-05
-2.52353e-05
-3.90204e-05
-3.07822e-05
-3.31461e-05
-3.61021e-05
-2.47958e-05
-4.0816e-05
-1.37951e-05
-4.48838e-05
-9.42303e-07
1.32636e-05
-5.03482e-05
2.81991e-05
4.85201e-05
-5.09427e-05
3.86573e-05
-4.99296e-05
4.56912e-05
-4.70335e-05
4.84216e-05
-4.25131e-05
4.6746e-05
-3.69198e-05
4.14809e-05
-3.06869e-05
3.39632e-05
-2.41674e-05
2.53577e-05
-1.75411e-05
1.6174e-05
-1.10187e-05
6.4352e-06
-5.01146e-06
-3.92219e-06
-1.41768e-05
-4.84122e-05
2.91948e-05
4.74176e-05
-4.77945e-05
3.80405e-05
-4.54101e-05
4.33075e-05
-4.14082e-05
4.44207e-05
-3.62208e-05
4.156e-05
-3.0331e-05
3.55929e-05
-2.41345e-05
2.77683e-05
-1.78884e-05
1.91133e-05
-1.18284e-05
1.01171e-05
-6.35399e-06
9.65906e-07
-2.07602e-06
-8.19195e-06
-1.62355e-05
-4.46394e-05
2.91911e-05
4.46426e-05
-4.29829e-05
3.6384e-05
-3.9745e-05
4.00703e-05
-3.52034e-05
3.988e-05
-2.98279e-05
3.61864e-05
-2.40729e-05
2.98401e-05
-1.8276e-05
2.19732e-05
-1.26983e-05
1.3538e-05
-7.6331e-06
5.05441e-06
-3.4746e-06
-3.18756e-06
-7.31708e-07
-1.09241e-05
-1.69442e-05
-3.98299e-05
2.82896e-05
4.0732e-05
-3.73956e-05
3.39498e-05
-3.36173e-05
3.62917e-05
-2.88719e-05
3.51348e-05
-2.3617e-05
3.0932e-05
-1.82598e-05
2.44837e-05
-1.31165e-05
1.68307e-05
-8.46108e-06
8.88321e-06
-4.54302e-06
1.13854e-06
-1.62267e-06
-6.10426e-06
2.67271e-09
-1.25417e-05
-1.6933e-05
-3.45595e-05
2.65967e-05
3.62516e-05
-3.15255e-05
3.09147e-05
-2.74308e-05
3.21969e-05
-2.26886e-05
3.0392e-05
-1.77302e-05
2.59747e-05
-1.29353e-05
1.96899e-05
-8.58933e-06
1.24852e-05
-4.93135e-06
5.22712e-06
-2.11451e-06
-1.67758e-06
-2.24912e-07
-7.99049e-06
6.25862e-07
-1.33857e-05
-1.62849e-05
-2.92465e-05
2.42132e-05
3.16305e-05
-2.57425e-05
2.7411e-05
-2.14632e-05
2.79175e-05
-1.68329e-05
2.57624e-05
-1.22685e-05
2.14112e-05
-8.10806e-06
1.55305e-05
-4.57983e-06
8.95788e-06
-1.86992e-06
2.51781e-06
-3.18403e-08
-3.51484e-06
9.80175e-07
-9.00025e-06
1.16749e-06
-1.35671e-05
-1.51129e-05
-2.42081e-05
2.12219e-05
2.71987e-05
-2.03178e-05
2.35204e-05
-1.59236e-05
2.35232e-05
-1.14529e-05
2.12918e-05
-7.30079e-06
1.72599e-05
-3.75619e-06
1.19858e-05
-9.78408e-07
6.18227e-06
8.95704e-07
6.43498e-07
1.8832e-06
-4.49965e-06
2.11018e-06
-9.2254e-06
1.67079e-06
-1.31229e-05
-1.3425e-05
-1.96714e-05
1.77027e-05
2.31906e-05
-1.54549e-05
1.93044e-05
-1.09718e-05
1.90415e-05
-6.64844e-06
1.69694e-05
-2.86094e-06
1.34741e-05
1.5095e-07
8.97692e-06
2.29453e-06
4.03944e-06
3.46478e-06
-5.23297e-07
3.71467e-06
-4.75007e-06
3.20906e-06
-8.71739e-06
2.12417e-06
-1.20335e-05
-1.12949e-05
-1.5774e-05
1.37384e-05
1.97449e-05
-1.12706e-05
1.48034e-05
-6.6919e-06
1.44629e-05
-2.46292e-06
1.27429e-05
1.05186e-06
9.96083e-06
3.64856e-06
6.37375e-06
5.29422e-06
2.4042e-06
5.88554e-06
-1.1271e-06
5.49913e-06
-4.34877e-06
4.29052e-06
-7.5126e-06
2.51352e-06
-1.02479e-05
-8.77679e-06
-1.25357e-05
9.39938e-06
1.68816e-05
-7.77199e-06
1.00463e-05
-3.06921e-06
9.76457e-06
1.13945e-06
8.53809e-06
4.49534e-06
6.60544e-06
6.8072e-06
4.06227e-06
8.07851e-06
1.1351e-06
8.19731e-06
-1.2459e-06
7.25026e-06
-3.39572e-06
5.35749e-06
-5.61667e-06
2.82165e-06
-7.7068e-06
-5.94983e-06
-9.75862e-06
4.76983e-06
1.43991e-05
-4.76587e-06
5.06981e-06
9.46674e-08
4.91666e-06
4.35375e-06
4.28824e-06
7.67067e-06
3.29203e-06
9.79918e-06
1.93438e-06
1.07635e-05
1.77501e-07
1.04384e-05
-9.21413e-07
8.97952e-06
-1.92785e-06
6.41329e-06
-3.04614e-06
3.03416e-06
-4.32095e-06
-2.90346e-06
-6.56991e-06
1.13411e-05
-1.49751e-06
3.42126e-06
7.71032e-06
1.10023e-05
1.2938e-05
1.31152e-05
1.21953e-05
1.0268e-05
7.2228e-06
2.90346e-06
-5.68561e-06
-3.91519e-05
-7.20288e-06
-4.02628e-05
-9.22528e-06
-4.18518e-05
-1.24152e-05
-4.19979e-05
-1.65749e-05
-4.07097e-05
-2.14397e-05
-3.79121e-05
-2.67553e-05
-3.36585e-05
-3.21833e-05
-2.76575e-05
-3.73893e-05
-1.95158e-05
-4.20104e-05
-9.08202e-06
-4.58635e-05
3.03763e-06
1.61382e-05
-4.86105e-05
-5.39828e-06
-3.37624e-05
-7.81037e-06
-3.78533e-05
-1.02943e-05
-3.93681e-05
-1.36506e-05
-3.8641e-05
-1.77754e-05
-3.65847e-05
-2.24646e-05
-3.32227e-05
-2.75137e-05
-2.86095e-05
-3.26352e-05
-2.2536e-05
-3.75125e-05
-1.46391e-05
-4.17955e-05
-4.79787e-06
-4.52234e-05
6.4634e-06
1.83804e-05
-4.7467e-05
-5.35445e-06
-2.8426e-05
-8.27464e-06
-3.49369e-05
-1.11055e-05
-3.65391e-05
-1.45639e-05
-3.51833e-05
-1.8599e-05
-3.255e-05
-2.30388e-05
-2.87835e-05
-2.77105e-05
-2.39386e-05
-3.23745e-05
-1.7873e-05
-3.67323e-05
-1.02821e-05
-4.04424e-05
-1.09031e-06
-4.3197e-05
9.21793e-06
1.98234e-05
-4.46403e-05
-5.3772e-06
-2.30553e-05
-8.64353e-06
-3.16729e-05
-1.16986e-05
-3.34835e-05
-1.52069e-05
-3.16741e-05
-1.91158e-05
-2.86398e-05
-2.32602e-05
-2.46381e-05
-2.74792e-05
-1.97185e-05
-3.15699e-05
-1.37814e-05
-3.52598e-05
-6.59146e-06
-3.82198e-05
1.8714e-06
-4.01341e-05
1.1131e-05
2.03771e-05
-4.06887e-05
-5.36197e-06
-1.77097e-05
-8.87165e-06
-2.81659e-05
-1.21006e-05
-3.02564e-05
-1.56315e-05
-2.81431e-05
-1.93966e-05
-2.48743e-05
-2.32251e-05
-2.08096e-05
-2.69574e-05
-1.59863e-05
-3.04121e-05
-1.03274e-05
-3.33507e-05
-3.65307e-06
-3.54726e-05
3.99155e-06
-3.64934e-05
1.21521e-05
2.00614e-05
-3.61777e-05
-5.28462e-06
-1.243e-05
-8.94368e-06
-2.45083e-05
-1.23261e-05
-2.68733e-05
-1.58771e-05
-2.45903e-05
-1.95032e-05
-2.12465e-05
-2.30191e-05
-1.72921e-05
-2.62662e-05
-1.27377e-05
-2.9076e-05
-7.51631e-06
-3.12487e-05
-1.47929e-06
-3.25228e-05
5.26732e-06
-3.26669e-05
1.22948e-05
1.89292e-05
-3.15359e-05
-5.0085e-06
-7.43081e-06
-8.80514e-06
-2.07127e-05
-1.23666e-05
-2.33116e-05
-1.59631e-05
-2.09942e-05
-1.94806e-05
-1.77285e-05
-2.27123e-05
-1.40596e-05
-2.55066e-05
-9.94401e-06
-2.77063e-05
-5.3159e-06
-2.91525e-05
-3.40215e-08
-2.96304e-05
5.74473e-06
-2.89626e-05
1.16269e-05
1.70577e-05
-2.70916e-05
-4.55602e-06
-2.87379e-06
-8.39528e-06
-1.68736e-05
-1.21918e-05
-1.95158e-05
-1.58844e-05
-1.72992e-05
-1.93486e-05
-1.42619e-05
-2.23501e-05
-1.10565e-05
-2.47519e-05
-7.53958e-06
-2.64119e-05
-3.65537e-06
-2.72104e-05
7.66464e-07
-2.6983e-05
5.51803e-06
-2.55991e-05
1.02425e-05
1.4534e-05
-2.30766e-05
-3.72258e-06
8.4452e-07
-7.60672e-06
-1.29892e-05
-1.17403e-05
-1.53744e-05
-1.56079e-05
-1.34373e-05
-1.9093e-05
-1.07767e-05
-2.19394e-05
-8.20653e-06
-2.40341e-05
-5.45044e-06
-2.52479e-05
-2.43404e-06
-2.55041e-05
1.0162e-06
-2.46874e-05
4.70837e-06
-2.27017e-05
8.25664e-06
1.1459e-05
-1.96275e-05
-2.28678e-06
3.13646e-06
-6.28052e-06
-8.98942e-06
-1.09167e-05
-1.07342e-05
-1.50592e-05
-9.29654e-06
-1.86421e-05
-7.19131e-06
-2.14187e-05
-5.42827e-06
-2.3305e-05
-3.56262e-06
-2.4191e-05
-1.54439e-06
-2.40235e-05
8.50848e-07
-2.27493e-05
3.44068e-06
-2.02838e-05
5.79514e-06
7.93745e-06
-1.67623e-05
5.94972e-08
3.08893e-06
-4.17946e-06
-4.7399e-06
-9.53742e-06
-5.36341e-06
-1.40343e-05
-4.79909e-06
-1.77355e-05
-3.48564e-06
-2.05132e-05
-2.64539e-06
-2.23112e-05
-1.76125e-06
-2.30202e-05
-8.26734e-07
-2.25692e-05
4.05544e-07
-2.09661e-05
1.84989e-06
-1.81469e-05
2.9836e-06
4.06838e-06
-1.42769e-05
3.09203e-06
-1.6449e-06
-7.00827e-06
-1.18064e-05
-1.52909e-05
-1.79358e-05
-1.96953e-05
-2.05211e-05
-2.01129e-05
-1.82615e-05
-1.52777e-05
-1.12093e-05
-5.04152e-05
2.82255e-05
-5.09785e-05
3.86763e-05
-4.99223e-05
4.56738e-05
-4.69844e-05
4.83709e-05
-4.24341e-05
4.66727e-05
-3.6824e-05
4.13953e-05
-3.05848e-05
3.38787e-05
-2.40639e-05
2.52765e-05
-1.74412e-05
1.60827e-05
-1.09326e-05
6.33511e-06
-4.95474e-06
-4.00946e-06
-1.42149e-05
-4.84329e-05
2.91914e-05
-4.77774e-05
3.80211e-05
-4.53556e-05
4.32557e-05
-4.13241e-05
4.43402e-05
-3.6117e-05
4.14663e-05
-3.02184e-05
3.54972e-05
-2.40204e-05
2.76814e-05
-1.77769e-05
1.90343e-05
-1.17274e-05
1.00357e-05
-6.27758e-06
8.88483e-07
-2.04306e-06
-8.24366e-06
-1.62483e-05
-4.46122e-05
2.91635e-05
-4.29265e-05
3.6336e-05
-3.96609e-05
3.9989e-05
-3.50986e-05
3.97783e-05
-2.97118e-05
3.60803e-05
-2.39536e-05
2.97397e-05
-1.8159e-05
2.18877e-05
-1.25881e-05
1.34654e-05
-7.53851e-06
4.98802e-06
-3.40732e-06
-3.2406e-06
-7.00896e-07
-1.09444e-05
-1.69402e-05
-3.97679e-05
2.82425e-05
-3.73123e-05
3.38803e-05
-3.35154e-05
3.61926e-05
-2.87587e-05
3.50216e-05
-2.34992e-05
3.082e-05
-1.81433e-05
2.43832e-05
-1.30056e-05
1.67499e-05
-8.36027e-06
8.82039e-06
-4.45958e-06
1.08911e-06
-1.56357e-06
-6.13438e-06
3.19516e-08
-1.25376e-05
-1.69026e-05
-3.44736e-05
2.65385e-05
-3.14266e-05
3.08333e-05
-2.73227e-05
3.20889e-05
-2.25771e-05
3.0274e-05
-1.76197e-05
2.58623e-05
-1.28301e-05
1.95933e-05
-8.49236e-06
1.24123e-05
-4.84611e-06
5.17594e-06
-2.04577e-06
-1.71075e-06
-1.76552e-07
-8.00197e-06
6.50889e-07
-1.3361e-05
-1.62381e-05
-2.91466e-05
2.41487e-05
-2.56379e-05
2.73242e-05
-2.1358e-05
2.78077e-05
-1.67311e-05
2.56474e-05
-1.21727e-05
2.13036e-05
-8.02092e-06
1.54416e-05
-4.50291e-06
8.89451e-06
-1.80499e-06
2.47865e-06
1.88215e-08
-3.53362e-06
1.01522e-06
-8.9968e-06
1.1857e-06
-1.35281e-05
-1.50482e-05
-2.4102e-05
2.11586e-05
-2.02149e-05
2.34369e-05
-1.58277e-05
2.34213e-05
-1.13669e-05
2.11852e-05
-7.22514e-06
1.71619e-05
-3.69206e-06
1.19071e-05
-9.25585e-07
6.12982e-06
9.37162e-07
6.15572e-07
1.91319e-06
-4.50723e-06
2.12965e-06
-9.2118e-06
1.68132e-06
-1.30758e-05
-1.33536e-05
-1.95647e-05
1.76461e-05
-1.53584e-05
1.92305e-05
-1.08895e-05
1.89516e-05
-6.58156e-06
1.68778e-05
-2.80832e-06
1.33894e-05
1.89764e-07
8.91086e-06
2.32141e-06
3.99779e-06
3.48141e-06
-5.41653e-07
3.72281e-06
-4.74966e-06
3.21201e-06
-8.69879e-06
2.12559e-06
-1.19856e-05
-1.12219e-05
-1.56699e-05
1.36881e-05
-1.11832e-05
1.47438e-05
-6.62406e-06
1.4393e-05
-2.41608e-06
1.26691e-05
1.08147e-06
9.89456e-06
3.66211e-06
6.32102e-06
5.29565e-06
2.37472e-06
5.87791e-06
-1.13731e-06
5.48591e-06
-4.34347e-06
4.27736e-06
-7.49267e-06
2.50552e-06
-1.02061e-05
-8.71146e-06
-1.24341e-05
9.35973e-06
-7.69292e-06
1.0003e-05
-3.01516e-06
9.71478e-06
1.16835e-06
8.48593e-06
4.50377e-06
6.55871e-06
6.79784e-06
4.02477e-06
8.05639e-06
1.11648e-06
8.16738e-06
-1.25009e-06
7.2178e-06
-3.38869e-06
5.3294e-06
-5.60013e-06
2.80476e-06
-7.67607e-06
-5.8992e-06
-9.65808e-06
4.74092e-06
-4.69317e-06
5.03842e-06
1.37573e-07
4.88352e-06
4.36766e-06
4.25662e-06
7.661e-06
3.2657e-06
9.76926e-06
1.91214e-06
1.072e-05
1.67945e-07
1.03888e-05
-9.22466e-07
8.93074e-06
-1.92293e-06
6.37262e-06
-3.0365e-06
3.00745e-06
-4.30304e-06
-2.87525e-06
-6.46829e-06
-1.42997e-06
3.45368e-06
7.71053e-06
1.09752e-05
1.2888e-05
1.30549e-05
1.21337e-05
1.02116e-05
7.17612e-06
2.87525e-06
-5.67289e-06
-3.92721e-05
-7.18632e-06
-4.03543e-05
-9.20481e-06
-4.19193e-05
-1.23887e-05
-4.20427e-05
-1.65388e-05
-4.07396e-05
-2.13893e-05
-3.79324e-05
-2.66882e-05
-3.3669e-05
-3.20989e-05
-2.76612e-05
-3.72891e-05
-1.95174e-05
-4.1899e-05
-9.08397e-06
-4.5753e-05
3.03303e-06
1.61417e-05
-4.85147e-05
-5.3897e-06
-3.38887e-05
-7.79675e-06
-3.79491e-05
-1.0277e-05
-3.94388e-05
-1.36283e-05
-3.86912e-05
-1.77449e-05
-3.66227e-05
-2.24225e-05
-3.32549e-05
-2.74576e-05
-2.8634e-05
-3.25651e-05
-2.25539e-05
-3.74301e-05
-1.46523e-05
-4.17069e-05
-4.80745e-06
-4.51375e-05
6.46463e-06
1.84016e-05
-4.73984e-05
-5.34808e-06
-2.85552e-05
-8.26479e-06
-3.50353e-05
-1.10932e-05
-3.6612e-05
-1.4548e-05
-3.52373e-05
-1.85774e-05
-3.25942e-05
-2.3009e-05
-2.88243e-05
-2.76703e-05
-2.39735e-05
-3.23245e-05
-1.79007e-05
-3.66753e-05
-1.03024e-05
-4.03837e-05
-1.09996e-06
-4.31465e-05
9.22622e-06
1.98645e-05
-4.46093e-05
-5.37473e-06
-2.31868e-05
-8.63867e-06
-3.17732e-05
-1.16929e-05
-3.35575e-05
-1.51998e-05
-3.17297e-05
-1.91056e-05
-2.86876e-05
-2.32451e-05
-2.46837e-05
-2.74582e-05
-1.97595e-05
-3.15433e-05
-1.38142e-05
-3.5231e-05
-6.6134e-06
-3.81941e-05
1.86428e-06
-4.01181e-05
1.11512e-05
2.04361e-05
-4.06898e-05
-5.36341e-06
-1.78372e-05
-8.87292e-06
-2.82662e-05
-1.2103e-05
-3.03295e-05
-1.56347e-05
-2.81984e-05
-1.93992e-05
-2.49233e-05
-2.32263e-05
-2.08568e-05
-2.69567e-05
-1.60292e-05
-3.04098e-05
-1.03613e-05
-3.33499e-05
-3.67362e-06
-3.54771e-05
3.99112e-06
-3.65073e-05
1.21805e-05
2.01327e-05
-3.62036e-05
-5.29111e-06
-1.25512e-05
-8.95196e-06
-2.46069e-05
-1.23376e-05
-2.69437e-05
-1.58919e-05
-2.46429e-05
-1.95197e-05
-2.12939e-05
-2.30372e-05
-1.73377e-05
-2.62857e-05
-1.27787e-05
-2.90973e-05
-7.54796e-06
-3.12733e-05
-1.49569e-06
-3.2553e-05
5.27178e-06
-3.27033e-05
1.23322e-05
1.90075e-05
-3.15789e-05
-5.02067e-06
-7.53863e-06
-8.82123e-06
-2.08078e-05
-1.23878e-05
-2.33768e-05
-1.59901e-05
-2.10418e-05
-1.95117e-05
-1.77721e-05
-2.27476e-05
-1.41013e-05
-2.55457e-05
-9.98092e-06
-2.77495e-05
-5.34328e-06
-2.92001e-05
-4.62564e-08
-2.9682e-05
5.75447e-06
-2.9017e-05
1.16663e-05
1.71375e-05
-2.71463e-05
-4.57087e-06
-2.97035e-06
-8.4196e-06
-1.69598e-05
-1.22234e-05
-1.9574e-05
-1.59241e-05
-1.73385e-05
-1.93944e-05
-1.42998e-05
-2.24024e-05
-1.10916e-05
-2.48098e-05
-7.57074e-06
-2.64752e-05
-3.67686e-06
-2.72778e-05
7.58475e-07
-2.70532e-05
5.53009e-06
-2.56677e-05
1.02825e-05
1.46086e-05
-2.31395e-05
-3.74152e-06
7.7036e-07
-7.63998e-06
-1.30638e-05
-1.17824e-05
-1.5421e-05
-1.56608e-05
-1.34686e-05
-1.91534e-05
-1.08054e-05
-2.20085e-05
-8.235e-06
-2.41096e-05
-5.47418e-06
-2.53296e-05
-2.45026e-06
-2.55892e-05
1.01141e-06
-2.47731e-05
4.72138e-06
-2.2782e-05
8.29172e-06
1.1523e-05
-1.96961e-05
-2.30963e-06
3.08054e-06
-6.32277e-06
-9.0466e-06
-1.09706e-05
-1.07681e-05
-1.51251e-05
-9.3161e-06
-1.87175e-05
-7.21079e-06
-2.15038e-05
-5.4481e-06
-2.33974e-05
-3.57919e-06
-2.42896e-05
-1.55502e-06
-2.41247e-05
8.47596e-07
-2.2849e-05
3.45206e-06
-2.03742e-05
5.82201e-06
7.98455e-06
-1.68359e-05
3.20216e-08
3.05241e-06
-4.23188e-06
-4.77534e-06
-9.60454e-06
-5.37985e-06
-1.41141e-05
-4.80658e-06
-1.78263e-05
-3.49447e-06
-2.06146e-05
-2.65643e-06
-2.24205e-05
-1.77031e-06
-2.31355e-05
-8.32825e-07
-2.2686e-05
4.01956e-07
-2.10794e-05
1.85755e-06
-1.82475e-05
2.99895e-06
4.09436e-06
-1.4356e-05
3.05431e-06
-1.71739e-06
-7.09739e-06
-1.19031e-05
-1.53968e-05
-1.80528e-05
-1.98216e-05
-2.06539e-05
-2.02494e-05
-1.839e-05
-1.53907e-05
-1.12964e-05
-5.03442e-05
2.82524e-05
-5.09421e-05
3.87327e-05
-4.99258e-05
4.57706e-05
-4.70198e-05
4.84882e-05
-4.24838e-05
4.6784e-05
-3.68715e-05
4.14725e-05
-3.06181e-05
3.39024e-05
-2.40776e-05
2.52423e-05
-1.74368e-05
1.60106e-05
-1.09179e-05
6.25712e-06
-4.94368e-06
-4.05222e-06
-1.42046e-05
-4.8394e-05
2.9248e-05
-4.77762e-05
3.81148e-05
-4.53884e-05
4.33831e-05
-4.13788e-05
4.44785e-05
-3.61801e-05
4.15854e-05
-3.02776e-05
3.557e-05
-2.40685e-05
2.76937e-05
-1.78122e-05
1.89881e-05
-1.1753e-05
9.95583e-06
-6.2969e-06
8.08343e-07
-2.0518e-06
-8.28718e-06
-1.62363e-05
-4.46083e-05
2.92465e-05
-4.29522e-05
3.64584e-05
-3.9711e-05
4.01413e-05
-3.51627e-05
3.99304e-05
-2.97796e-05
3.62021e-05
-2.40169e-05
2.98075e-05
-1.82149e-05
2.18924e-05
-1.26373e-05
1.34123e-05
-7.58294e-06
4.90597e-06
-3.44516e-06
-3.32328e-06
-7.22874e-07
-1.09977e-05
-1.69345e-05
-3.97899e-05
2.83462e-05
-3.73551e-05
3.40225e-05
-3.35732e-05
3.63585e-05
-2.88226e-05
3.51783e-05
-2.35628e-05
3.0941e-05
-1.82025e-05
2.44459e-05
-1.30609e-05
1.67498e-05
-8.41273e-06
8.76514e-06
-4.50995e-06
1.00598e-06
-1.60674e-06
-6.22125e-06
6.64744e-09
-1.2602e-05
-1.69173e-05
-3.45129e-05
2.66542e-05
-3.1477e-05
3.09852e-05
-2.73788e-05
3.22581e-05
-2.2632e-05
3.04304e-05
-1.76715e-05
2.59787e-05
-1.28775e-05
1.96508e-05
-8.53814e-06
1.24101e-05
-4.89162e-06
5.11902e-06
-2.09069e-06
-1.7919e-06
-2.14933e-07
-8.09316e-06
6.27882e-07
-1.34379e-05
-1.62657e-05
-2.91952e-05
2.427e-05
-2.56881e-05
2.74769e-05
-2.14044e-05
2.79734e-05
-1.67709e-05
2.57957e-05
-1.22064e-05
2.14134e-05
-8.04972e-06
1.54931e-05
-4.53178e-06
8.89175e-06
-1.83459e-06
2.42215e-06
-1.28467e-08
-3.61168e-06
9.87493e-07
-9.09074e-06
1.16856e-06
-1.3612e-05
-1.50923e-05
-2.41542e-05
2.12762e-05
-2.02593e-05
2.35805e-05
-1.58602e-05
2.35729e-05
-1.13872e-05
2.1321e-05
-7.23666e-06
1.72609e-05
-3.69732e-06
1.19533e-05
-9.32406e-07
6.12519e-06
9.29257e-07
5.62608e-07
1.89932e-06
-4.58123e-06
2.11603e-06
-9.30306e-06
1.67036e-06
-1.31617e-05
-1.34038e-05
-1.9617e-05
1.77535e-05
-1.53944e-05
1.93574e-05
-1.09057e-05
1.9083e-05
-6.58084e-06
1.69959e-05
-2.79557e-06
1.34755e-05
2.09987e-07
8.94705e-06
2.3396e-06
3.99713e-06
3.49735e-06
-5.95859e-07
3.72875e-06
-4.80875e-06
3.21317e-06
-8.78626e-06
2.12152e-06
-1.20653e-05
-1.12756e-05
-1.57209e-05
1.37766e-05
-1.12102e-05
1.48465e-05
-6.62396e-06
1.44993e-05
-2.39457e-06
1.27634e-05
1.11718e-06
9.96009e-06
3.70944e-06
6.35857e-06
5.33633e-06
2.36e-06
5.92029e-06
-1.16668e-06
5.50811e-06
-4.40828e-06
4.29338e-06
-7.55683e-06
2.50757e-06
-1.02749e-05
-8.75698e-06
-1.24836e-05
9.42365e-06
-7.7116e-06
1.00768e-05
-3.00074e-06
9.79033e-06
1.20847e-06
8.55198e-06
4.56199e-06
6.60472e-06
6.86718e-06
4.05138e-06
8.12155e-06
1.1036e-06
8.22865e-06
-1.27187e-06
7.25695e-06
-3.43603e-06
5.35527e-06
-5.64584e-06
2.813e-06
-7.7248e-06
-5.93022e-06
-9.7073e-06
4.77539e-06
-4.70546e-06
5.07971e-06
1.63689e-07
4.92629e-06
4.42336e-06
4.28945e-06
7.73729e-06
3.28674e-06
9.85887e-06
1.92724e-06
1.08044e-05
1.5199e-07
1.04657e-05
-9.29277e-07
8.98107e-06
-1.951e-06
6.40454e-06
-3.058e-06
3.01983e-06
-4.32804e-06
-2.88095e-06
-6.5201e-06
-1.43921e-06
3.48651e-06
7.77509e-06
1.10615e-05
1.29874e-05
1.31403e-05
1.22109e-05
1.02616e-05
7.20512e-06
2.88095e-06
-5.65659e-06
-3.9172e-05
-7.1853e-06
-4.03356e-05
-9.21925e-06
-4.19301e-05
-1.24201e-05
-4.20695e-05
-1.65877e-05
-4.07666e-05
-2.14565e-05
-3.79504e-05
-2.67721e-05
-3.36738e-05
-3.21951e-05
-2.76489e-05
-3.73911e-05
-1.94877e-05
-4.19987e-05
-9.04327e-06
-4.58382e-05
3.07601e-06
1.61673e-05
-4.85737e-05
-5.38617e-06
-3.37968e-05
-7.80314e-06
-3.79217e-05
-1.02959e-05
-3.94379e-05
-1.36609e-05
-3.87044e-05
-1.7792e-05
-3.66355e-05
-2.24843e-05
-3.32582e-05
-2.75329e-05
-2.86258e-05
-3.26493e-05
-2.25328e-05
-3.75172e-05
-1.46205e-05
-4.17882e-05
-4.77122e-06
-4.52045e-05
6.49016e-06
1.84008e-05
-4.74392e-05
-5.35008e-06
-2.84658e-05
-8.27511e-06
-3.50009e-05
-1.11132e-05
-3.6602e-05
-1.45788e-05
-3.52397e-05
-1.86195e-05
-3.25956e-05
-2.30623e-05
-2.88164e-05
-2.77335e-05
-2.39556e-05
-3.23933e-05
-1.78744e-05
-3.67435e-05
-1.02712e-05
-4.04442e-05
-1.07311e-06
-4.31904e-05
9.23627e-06
1.98388e-05
-4.46286e-05
-5.37921e-06
-2.30961e-05
-8.65e-06
-3.17331e-05
-1.17114e-05
-3.35404e-05
-1.52264e-05
-3.17241e-05
-1.91406e-05
-2.86805e-05
-2.32879e-05
-2.46683e-05
-2.75071e-05
-1.97357e-05
-3.15948e-05
-1.3786e-05
-3.52793e-05
-6.58617e-06
-3.82327e-05
1.88192e-06
-4.01413e-05
1.11437e-05
2.03898e-05
-4.0693e-05
-5.36803e-06
-1.77464e-05
-8.88292e-06
-2.82216e-05
-1.21181e-05
-3.03076e-05
-1.56554e-05
-2.8187e-05
-1.94257e-05
-2.49102e-05
-2.32575e-05
-2.08369e-05
-2.69907e-05
-1.60027e-05
-3.04437e-05
-1.03339e-05
-3.3379e-05
-3.65138e-06
-3.54967e-05
3.99775e-06
-3.65139e-05
1.21612e-05
2.00724e-05
-3.61964e-05
-5.29413e-06
-1.24616e-05
-8.95901e-06
-2.45589e-05
-1.23478e-05
-2.69186e-05
-1.59054e-05
-2.46279e-05
-1.95366e-05
-2.12777e-05
-2.30562e-05
-1.73159e-05
-2.63049e-05
-1.27528e-05
-2.91144e-05
-7.52324e-06
-3.12853e-05
-1.47959e-06
-3.25569e-05
5.27124e-06
-3.26988e-05
1.23018e-05
1.8939e-05
-3.15664e-05
-5.02055e-06
-7.45416e-06
-8.82392e-06
-2.07576e-05
-1.2392e-05
-2.33506e-05
-1.59956e-05
-2.10256e-05
-1.95182e-05
-1.77546e-05
-2.27541e-05
-1.40799e-05
-2.55503e-05
-9.95714e-06
-2.77508e-05
-5.32255e-06
-2.91962e-05
-3.51205e-08
-2.9673e-05
5.74726e-06
-2.90037e-05
1.16325e-05
1.70665e-05
-2.71315e-05
-4.56904e-06
-2.89117e-06
-8.41678e-06
-1.69113e-05
-1.22204e-05
-1.95488e-05
-1.59207e-05
-1.73234e-05
-1.939e-05
-1.42835e-05
-2.23962e-05
-1.10722e-05
-2.48002e-05
-7.55108e-06
-2.64618e-05
-3.66036e-06
-2.72599e-05
7.64572e-07
-2.70324e-05
5.5207e-06
-2.56474e-05
1.02471e-05
1.45418e-05
-2.31235e-05
-3.73605e-06
8.38137e-07
-7.63026e-06
-1.30197e-05
-1.17713e-05
-1.53985e-05
-1.56477e-05
-1.3456e-05
-1.91376e-05
-1.07914e-05
-2.19897e-05
-8.21952e-06
-2.40862e-05
-5.4582e-06
-2.53025e-05
-2.43894e-06
-2.55579e-05
1.01535e-06
-2.4742e-05
4.70984e-06
-2.27552e-05
8.26051e-06
1.14655e-05
-1.96795e-05
-2.29976e-06
3.13276e-06
-6.30457e-06
-9.01204e-06
-1.09498e-05
-1.07511e-05
-1.51015e-05
-9.30777e-06
-1.86901e-05
-7.20093e-06
-2.14721e-05
-5.43691e-06
-2.33606e-05
-3.56842e-06
-2.42489e-05
-1.5478e-06
-2.4081e-05
8.49462e-07
-2.28076e-05
3.44172e-06
-2.03411e-05
5.79731e-06
7.94226e-06
-1.68178e-05
4.80296e-08
3.07923e-06
-4.20329e-06
-4.75755e-06
-9.5724e-06
-5.37395e-06
-1.40788e-05
-4.8044e-06
-1.77864e-05
-3.49004e-06
-2.05696e-05
-2.65077e-06
-2.23701e-05
-1.76497e-06
-2.30811e-05
-8.29798e-07
-2.263e-05
4.0365e-07
-2.10279e-05
1.8496e-06
-1.82078e-05
2.98344e-06
4.07096e-06
-1.43355e-05
3.07996e-06
-1.67557e-06
-7.05062e-06
-1.18543e-05
-1.53437e-05
-1.7994e-05
-1.97576e-05
-2.05865e-05
-2.01807e-05
-1.83298e-05
-1.53461e-05
-1.12752e-05
-5.03716e-05
2.8238e-05
-5.09357e-05
3.86739e-05
-4.98896e-05
4.56668e-05
-4.69685e-05
4.83678e-05
-4.24361e-05
4.66792e-05
-3.68416e-05
4.14159e-05
-3.06155e-05
3.39116e-05
-2.41049e-05
2.53245e-05
-1.74873e-05
1.61442e-05
-1.09754e-05
6.39549e-06
-4.98255e-06
-3.97475e-06
-1.42182e-05
-4.84032e-05
2.92019e-05
-4.77536e-05
3.80246e-05
-4.53432e-05
4.326e-05
-4.13255e-05
4.43511e-05
-3.61317e-05
4.14863e-05
-3.02439e-05
3.55287e-05
-2.40545e-05
2.77232e-05
-1.78163e-05
1.90879e-05
-1.17659e-05
1.00965e-05
-6.307e-06
9.40381e-07
-2.05727e-06
-8.22317e-06
-1.62636e-05
-4.46009e-05
2.91743e-05
-4.29211e-05
3.63454e-05
-3.96648e-05
4.00025e-05
-3.51128e-05
3.97995e-05
-2.9735e-05
3.61095e-05
-2.39837e-05
2.97783e-05
-1.81938e-05
2.19344e-05
-1.26236e-05
1.35201e-05
-7.56896e-06
5.04412e-06
-3.42778e-06
-3.19814e-06
-7.10236e-07
-1.0934e-05
-1.69636e-05
-3.97733e-05
2.82545e-05
-3.73224e-05
3.38944e-05
-3.3532e-05
3.62127e-05
-2.87819e-05
3.50494e-05
-2.35277e-05
3.08548e-05
-1.81755e-05
2.44256e-05
-1.3039e-05
1.67981e-05
-8.39117e-06
8.87289e-06
-4.48362e-06
1.13871e-06
-1.57884e-06
-6.1001e-06
2.44365e-08
-1.25341e-05
-1.69316e-05
-3.44931e-05
2.65513e-05
-3.14488e-05
3.08502e-05
-2.73487e-05
3.21127e-05
-2.26064e-05
3.03052e-05
-1.76513e-05
2.58995e-05
-1.28625e-05
1.96367e-05
-8.52331e-06
1.24592e-05
-4.87251e-06
5.22415e-06
-2.06491e-06
-1.66808e-06
-1.88197e-07
-7.97463e-06
6.45247e-07
-1.33625e-05
-1.62714e-05
-2.91772e-05
2.41616e-05
-2.56695e-05
2.73423e-05
-2.13908e-05
2.78326e-05
-1.67644e-05
2.5679e-05
-1.22058e-05
2.13406e-05
-8.05226e-06
1.54834e-05
-4.53084e-06
8.93822e-06
-1.82716e-06
2.5213e-06
3.78774e-09
-3.49769e-06
1.00674e-06
-8.97543e-06
1.18174e-06
-1.35332e-05
-1.50832e-05
-2.41412e-05
2.11709e-05
-2.02535e-05
2.34543e-05
-1.58653e-05
2.34452e-05
-1.14026e-05
2.1215e-05
-7.25828e-06
1.71964e-05
-3.72143e-06
1.19455e-05
-9.50202e-07
6.16879e-06
9.19157e-07
6.52051e-07
1.90202e-06
-4.47795e-06
2.12443e-06
-9.19559e-06
1.67938e-06
-1.3083e-05
-1.33892e-05
-1.96102e-05
1.76572e-05
-1.5402e-05
1.9246e-05
-1.09303e-05
1.89729e-05
-6.61831e-06
1.69034e-05
-2.84072e-06
1.34197e-05
1.62909e-07
8.94376e-06
2.30028e-06
4.03142e-06
3.46755e-06
-5.12304e-07
3.71558e-06
-4.72636e-06
3.21022e-06
-8.68729e-06
2.12593e-06
-1.19936e-05
-1.12551e-05
-1.57199e-05
1.36972e-05
-1.12301e-05
1.47563e-05
-6.66685e-06
1.44099e-05
-2.45292e-06
1.26902e-05
1.05019e-06
9.9181e-06
3.63817e-06
6.34822e-06
5.27791e-06
2.40101e-06
5.86835e-06
-1.11431e-06
5.48256e-06
-4.32728e-06
4.27925e-06
-7.48435e-06
2.50833e-06
-1.02145e-05
-8.74015e-06
-1.2487e-05
9.3663e-06
-7.74188e-06
1.00114e-05
-3.05879e-06
9.72728e-06
1.13166e-06
8.5009e-06
4.47402e-06
6.57541e-06
6.77642e-06
4.04422e-06
8.04221e-06
1.13585e-06
8.16164e-06
-1.23469e-06
7.21851e-06
-3.3784e-06
5.33481e-06
-5.59481e-06
2.81024e-06
-7.6825e-06
-5.92015e-06
-9.71339e-06
4.74441e-06
-4.7439e-06
5.04256e-06
9.30589e-08
4.89164e-06
4.3307e-06
4.26606e-06
7.63187e-06
3.2749e-06
9.74973e-06
1.9232e-06
1.07092e-05
1.79275e-07
1.03866e-05
-9.1431e-07
8.93511e-06
-1.91811e-06
6.38131e-06
-3.03287e-06
3.01587e-06
-4.30639e-06
-2.88257e-06
-6.53063e-06
-1.48782e-06
3.40444e-06
7.67077e-06
1.09449e-05
1.28688e-05
1.30474e-05
1.21345e-05
1.02176e-05
7.1861e-06
2.88257e-06
-5.68437e-06
-3.92276e-05
-7.1954e-06
-4.03146e-05
-9.20829e-06
-4.18926e-05
-1.23861e-05
-4.20319e-05
-1.65314e-05
-4.0747e-05
-2.13802e-05
-3.79619e-05
-2.6679e-05
-3.37242e-05
-3.20918e-05
-2.7736e-05
-3.72862e-05
-1.96044e-05
-4.19e-05
-9.18365e-06
-4.5756e-05
2.91016e-06
1.60282e-05
-5.398e-06
-3.38355e-05
-7.8049e-06
-3.79093e-05
-1.02812e-05
-3.94158e-05
-1.36279e-05
-3.86848e-05
-1.77414e-05
-3.66331e-05
-2.2419e-05
-3.32842e-05
-2.74566e-05
-2.86866e-05
-3.25682e-05
-2.26244e-05
-3.74389e-05
-1.47337e-05
-4.17209e-05
-4.90193e-06
-4.51548e-05
6.34514e-06
1.82903e-05
-5.35495e-06
-2.84943e-05
-8.27209e-06
-3.49948e-05
-1.10976e-05
-3.65916e-05
-1.45491e-05
-3.5234e-05
-1.85766e-05
-3.26063e-05
-2.30096e-05
-2.8852e-05
-2.76754e-05
-2.40216e-05
-3.23354e-05
-1.79653e-05
-3.66931e-05
-1.03769e-05
-4.04082e-05
-1.1878e-06
-4.31767e-05
9.11228e-06
1.97567e-05
-5.3794e-06
-2.31205e-05
-8.64436e-06
-3.17313e-05
-1.16965e-05
-3.35391e-05
-1.52009e-05
-3.17286e-05
-1.9106e-05
-2.87002e-05
-2.32479e-05
-2.47088e-05
-2.74667e-05
-1.98017e-05
-3.15592e-05
-1.38713e-05
-3.52546e-05
-6.68036e-06
-3.82254e-05
1.78384e-06
-4.01564e-05
1.10442e-05
2.03321e-05
-5.36573e-06
-1.77676e-05
-8.87598e-06
-2.82234e-05
-1.21043e-05
-3.03126e-05
-1.56343e-05
-2.81988e-05
-1.9399e-05
-2.49353e-05
-2.32291e-05
-2.08788e-05
-2.69659e-05
-1.60648e-05
-3.04273e-05
-1.041e-05
-3.33758e-05
-3.73223e-06
-3.55117e-05
3.91893e-06
-3.65505e-05
1.20817e-05
2.00339e-05
-5.29008e-06
-1.24815e-05
-8.95132e-06
-2.45634e-05
-1.23352e-05
-2.69282e-05
-1.58881e-05
-2.46445e-05
-1.9517e-05
-2.13047e-05
-2.30378e-05
-1.73562e-05
-2.62929e-05
-1.28076e-05
-2.91133e-05
-7.58792e-06
-3.12982e-05
-1.54566e-06
-3.25877e-05
5.20868e-06
-3.27485e-05
1.22438e-05
1.89145e-05
-5.01556e-06
-7.47274e-06
-8.81584e-06
-2.07642e-05
-1.23806e-05
-2.3363e-05
-1.59816e-05
-2.10443e-05
-1.95047e-05
-1.77811e-05
-2.27442e-05
-1.4116e-05
-2.55488e-05
-1.00032e-05
-2.77612e-05
-5.37456e-06
-2.92211e-05
-8.72726e-08
-2.97135e-05
5.70135e-06
-2.90609e-05
1.15892e-05
1.70534e-05
-4.56334e-06
-2.91015e-06
-8.40863e-06
-1.69192e-05
-1.22102e-05
-1.9562e-05
-1.59097e-05
-1.7342e-05
-1.93818e-05
-1.43067e-05
-2.23934e-05
-1.11024e-05
-2.48071e-05
-7.58666e-06
-2.64806e-05
-3.70008e-06
-2.72926e-05
7.26047e-07
-2.70791e-05
5.4871e-06
-2.57074e-05
1.02188e-05
1.45339e-05
-3.73008e-06
8.20059e-07
-7.62256e-06
-1.30284e-05
-1.17625e-05
-1.54117e-05
-1.56394e-05
-1.34726e-05
-1.91341e-05
-1.08107e-05
-2.19926e-05
-8.24144e-06
-2.40998e-05
-5.48445e-06
-2.53273e-05
-2.46581e-06
-2.5596e-05
9.87598e-07
-2.47915e-05
4.68906e-06
-2.28159e-05
8.24282e-06
1.14594e-05
-2.29461e-06
3.118e-06
-6.29852e-06
-9.01959e-06
-1.09431e-05
-1.07612e-05
-1.50965e-05
-9.32055e-06
-1.86908e-05
-7.2138e-06
-2.14802e-05
-5.45074e-06
-2.33791e-05
-3.58426e-06
-2.42784e-05
-1.56346e-06
-2.41221e-05
8.31435e-07
-2.28583e-05
3.43072e-06
-2.04012e-05
5.78776e-06
7.93309e-06
5.07581e-08
3.07579e-06
-4.20052e-06
-4.75886e-06
-9.56906e-06
-5.37509e-06
-1.40781e-05
-4.81013e-06
-1.77917e-05
-3.49533e-06
-2.05822e-05
-2.6558e-06
-2.23919e-05
-1.77153e-06
-2.31138e-05
-8.34929e-07
-2.26723e-05
3.92031e-07
-2.10781e-05
1.84601e-06
-1.82665e-05
2.97715e-06
4.0577e-06
3.07835e-06
-1.67647e-06
-7.05127e-06
-1.18603e-05
-1.53547e-05
-1.801e-05
-1.97802e-05
-2.06149e-05
-2.02208e-05
-1.83743e-05
-1.53988e-05
)
;

boundaryField
{
    rotor
    {
        type            calculated;
        value           uniform 0;
    }
    stator
    {
        type            calculated;
        value           uniform 0;
    }
    front
    {
        type            empty;
        value           nonuniform 0();
    }
    back
    {
        type            empty;
        value           nonuniform 0();
    }
}


// ************************************************************************* //
