/*--------------------------------*- C++ -*----------------------------------*\
| =========                 |                                                 |
| \\      /  F ield         | OpenFOAM: The Open Source CFD Toolbox           |
|  \\    /   O peration     | Version:  4.0                                   |
|   \\  /    A nd           | Web:      www.OpenFOAM.org                      |
|    \\/     M anipulation  |                                                 |
\*---------------------------------------------------------------------------*/
FoamFile
{
    version     2.0;
    format      ascii;
    class       volVectorField;
    location    "100";
    object      U;
}
// * * * * * * * * * * * * * * * * * * * * * * * * * * * * * * * * * * * * * //

dimensions      [0 1 -1 0 0 0 0];

internalField   nonuniform List<vector> 
3072
(
(-0.314375 2.29724 0)
(-0.238631 1.87176 0)
(-0.127764 1.68502 2.54051e-19)
(0.0983347 1.84875 1.3542e-18)
(1.06816 1.89698 -1.87447e-18)
(2.49243 2.04173 4.65987e-19)
(3.20829 2.96631 1.55629e-19)
(3.5945 3.42548 2.10962e-18)
(4.09742 3.87613 -3.80143e-18)
(4.53438 4.10521 2.22362e-18)
(5.02238 4.21648 -4.96284e-19)
(5.41924 4.20845 1.21196e-19)
(-0.662713 2.80855 -2.69554e-19)
(-0.0285173 2.53548 -3.73856e-19)
(1.00732 2.78287 2.78107e-19)
(2.02469 3.36424 0)
(2.84462 3.72794 4.06151e-19)
(3.37983 3.91794 -7.22656e-19)
(3.57444 4.05356 0)
(3.7086 4.19631 0)
(3.91689 4.32781 0)
(4.14237 4.40757 7.94307e-19)
(4.36893 4.46017 -1.50497e-19)
(4.59079 4.44886 7.58539e-19)
(0.0116836 3.14951 1.80971e-19)
(0.958364 3.20863 0)
(1.92053 3.55283 0)
(2.73912 3.79994 -1.61391e-18)
(3.33013 3.8788 7.86763e-19)
(3.68007 3.85293 -1.51404e-18)
(3.84015 3.88482 1.57957e-18)
(4.00879 3.88011 0)
(4.17384 3.8813 0)
(4.33168 3.86607 -5.16759e-19)
(4.48466 3.83784 -2.63282e-19)
(4.63114 3.79041 1.31841e-18)
(0.399104 3.35116 -1.40524e-18)
(1.42334 3.50879 -1.39702e-18)
(2.30322 3.72165 8.76505e-19)
(2.96708 3.78846 -1.02982e-18)
(3.38717 3.75882 2.99943e-18)
(3.64245 3.70823 -2.63765e-18)
(3.78402 3.64869 -1.66509e-18)
(3.91171 3.61793 -3.85137e-18)
(4.02716 3.59013 3.3453e-20)
(4.13556 3.56341 1.83717e-18)
(4.23867 3.53527 1.92566e-18)
(4.33583 3.50107 -1.50701e-18)
(0.921791 3.44474 0)
(1.78351 3.64904 5.81287e-19)
(2.52051 3.70899 -1.25583e-18)
(3.04077 3.67071 2.12377e-18)
(3.35706 3.58059 2.75411e-19)
(3.54359 3.48948 1.5954e-18)
(3.6655 3.41182 1.37985e-18)
(3.77428 3.35098 1.17849e-18)
(3.86917 3.29876 -2.33562e-18)
(3.95411 3.25551 2.11572e-18)
(4.02984 3.21862 -2.71656e-18)
(4.09586 3.18519 3.76288e-18)
(1.22174 3.53386 -1.17644e-18)
(1.96198 3.74476 7.25119e-19)
(2.55525 3.67394 2.48587e-18)
(2.99514 3.55847 0)
(3.25398 3.4155 -4.26454e-18)
(3.41263 3.28702 4.20048e-18)
(3.52413 3.18123 0)
(3.61724 3.09541 -2.94287e-18)
(3.69436 3.02595 2.63008e-18)
(3.75809 2.9722 0)
(3.80903 2.93159 1.94621e-19)
(3.84747 2.90223 2.28023e-18)
(1.35467 3.65168 0)
(1.99901 3.83284 -1.90521e-18)
(2.50479 3.6679 1.53638e-18)
(2.87252 3.47911 0)
(3.10096 3.27878 -2.58088e-18)
(3.24969 3.10744 4.27209e-19)
(3.35666 2.96867 3.70547e-18)
(3.44032 2.85839 3.22492e-18)
(3.50418 2.77259 -2.90764e-18)
(3.55039 2.7089 2.7868e-18)
(3.58004 2.66433 -2.43236e-18)
(3.59384 2.63719 -6.67403e-18)
(1.33933 3.79041 0)
(1.93506 3.95236 1.90157e-18)
(2.37173 3.68588 -2.98195e-18)
(2.6886 3.42781 3.42459e-18)
(2.90813 3.17038 0)
(3.06116 2.95274 -4.42486e-18)
(3.17137 2.77846 4.03538e-18)
(3.25183 2.64288 -3.9052e-20)
(3.30686 2.54043 -6.38142e-18)
(3.33895 2.46688 -2.87258e-18)
(3.35023 2.41849 -1.21449e-19)
(3.34305 2.39281 5.10381e-18)
(1.24344 3.97272 0)
(1.78729 4.10534 -2.69271e-18)
(2.15526 3.75152 -4.5913e-18)
(2.45869 3.41485 -3.41096e-18)
(2.68681 3.0972 6.31423e-18)
(2.85494 2.82974 0)
(2.97619 2.61679 0)
(3.05965 2.45383 0)
(3.11 2.33372 0)
(3.13107 2.25007 3.09192e-18)
(3.12666 2.19758 -2.98197e-18)
(3.1006 2.1726 2.81997e-18)
(1.06428 4.19562 0)
(1.60545 4.33601 3.02011e-18)
(1.89445 3.87464 -5.45502e-19)
(2.19419 3.44468 4.26811e-18)
(2.44302 3.06272 3.81443e-18)
(2.63624 2.74238 -5.80576e-18)
(2.77698 2.489 0)
(2.8698 2.29721 -1.79749e-19)
(2.92027 2.15844 -1.20525e-17)
(2.9338 2.0642 0)
(2.91635 2.00689 6.97006e-18)
(2.87385 1.9815 -3.11324e-18)
(1.10062 4.50213 0)
(1.29282 4.49408 3.65402e-18)
(1.53702 3.96135 9.86136e-18)
(1.87956 3.45645 -8.26151e-18)
(2.17114 3.03292 -1.05152e-17)
(2.40505 2.6766 1.5439e-17)
(2.57583 2.39152 -1.82206e-19)
(2.68644 2.17417 -5.32501e-18)
(2.74298 2.01799 4.06128e-18)
(2.75299 1.91359 -8.31532e-18)
(2.72533 1.85125 -1.10467e-17)
(2.66849 1.82471 1.10141e-17)
(0.394131 3.85816 -1.75719e-18)
(0.803378 3.91666 -1.20465e-17)
(1.11661 3.52249 2.37626e-18)
(1.507 3.157 0)
(1.87074 2.85264 0)
(2.16212 2.55412 3.03706e-19)
(2.37311 2.28764 1.80228e-17)
(2.50951 2.06953 1.06771e-17)
(2.5797 1.90683 0)
(2.59134 1.79699 8.89329e-18)
(2.55689 1.73132 0)
(2.48793 1.70416 5.16681e-19)
(5.7731 4.1044 4.11778e-18)
(6.02883 3.92244 -2.0481e-18)
(6.19412 3.67696 1.10779e-18)
(6.25158 3.39044 -1.51078e-19)
(6.21047 3.06097 7.00219e-20)
(6.04559 2.71894 0)
(5.75387 2.36927 0)
(5.33047 2.03733 9.20946e-19)
(4.7715 1.72814 -1.09052e-18)
(4.02654 1.41855 0)
(3.23278 1.03646 0)
(2.82299 0.233614 -7.35085e-19)
(4.80613 4.38692 -2.69092e-19)
(4.99827 4.27367 0)
(5.16368 4.11014 -8.87855e-19)
(5.28435 3.9026 -3.65089e-19)
(5.33157 3.677 -7.32738e-20)
(5.29808 3.44431 1.59323e-18)
(5.17526 3.21721 -2.81363e-18)
(4.96151 3.01516 5.30651e-19)
(4.65779 2.8585 0)
(4.15502 2.74157 0)
(3.60653 2.63603 0)
(3.4522 2.35284 7.50361e-19)
(4.76656 3.72289 5.31235e-19)
(4.87825 3.63848 -1.46607e-18)
(4.95546 3.54248 3.50202e-19)
(4.9885 3.44302 1.1908e-18)
(4.96996 3.34569 -1.24093e-18)
(4.89605 3.26003 0)
(4.76339 3.19524 0)
(4.57347 3.16391 -5.17589e-20)
(4.33279 3.17925 8.65481e-19)
(3.96992 3.24355 0)
(3.5533 3.30996 0)
(3.51665 3.27373 -4.2957e-19)
(4.42136 3.45891 2.42221e-19)
(4.48734 3.41019 1.88698e-18)
(4.52677 3.35858 1.41769e-18)
(4.534 3.3112 -1.43584e-18)
(4.50572 3.27633 0)
(4.44069 3.26113 9.66692e-19)
(4.33947 3.27341 0)
(4.20488 3.32293 1.91625e-18)
(4.04533 3.42137 -7.00884e-19)
(3.84266 3.57761 0)
(3.50929 3.79772 -3.25027e-19)
(3.68426 4.07739 3.75747e-19)
(4.14831 3.15452 -1.40505e-18)
(4.18055 3.12971 0)
(4.19085 3.11344 0)
(4.17878 3.10717 0)
(4.14302 3.12177 0)
(4.08513 3.16062 -1.80125e-18)
(4.00835 3.22859 -6.23039e-20)
(3.91725 3.33251 -9.8649e-19)
(3.81923 3.48373 0)
(3.72243 3.69753 -7.40794e-19)
(3.48517 3.99313 2.93949e-19)
(3.79948 4.42667 -1.06458e-19)
(3.8693 2.88538 -1.48186e-19)
(3.87555 2.87926 -3.58192e-18)
(3.86643 2.88776 1.82079e-18)
(3.84203 2.91557 3.3715e-21)
(3.80351 2.96597 1.36426e-19)
(3.75483 3.04228 2.83163e-18)
(3.70156 3.14658 -4.54226e-20)
(3.65201 3.2826 -3.37887e-18)
(3.61558 3.46044 -1.40385e-18)
(3.60224 3.69979 6.49424e-19)
(3.49839 4.04468 -9.28009e-19)
(3.93203 4.63144 -2.25885e-19)
(3.59242 2.6277 6.3628e-18)
(3.57783 2.63649 2.05835e-18)
(3.5518 2.66454 0)
(3.51639 2.71461 0)
(3.47479 2.78965 1.39432e-19)
(3.43249 2.89059 -2.09678e-18)
(3.39784 3.01597 3.44845e-18)
(3.3837 3.16541 -6.55891e-20)
(3.40214 3.34545 1.23619e-18)
(3.47176 3.57499 0)
(3.51176 3.9192 -1.78815e-19)
(3.98783 4.56802 -8.86141e-20)
(3.32054 2.38901 -2.46049e-18)
(3.28602 2.40701 -2.22081e-18)
(3.2427 2.44743 2.41954e-18)
(3.19418 2.51227 -2.28745e-18)
(3.1451 2.60324 -1.24851e-20)
(3.1024 2.71886 4.80293e-18)
(3.07817 2.85329 -2.28948e-18)
(3.09188 3.00101 1.36076e-18)
(3.16051 3.16481 0)
(3.31317 3.36228 8.81483e-19)
(3.47971 3.66718 3.84267e-19)
(4.03894 4.27914 -6.24202e-19)
(3.0591 2.17259 2.63544e-18)
(3.00393 2.19625 -2.65366e-18)
(2.94095 2.24414 -2.46375e-18)
(2.87456 2.31728 -5.24822e-18)
(2.80994 2.41661 5.19376e-18)
(2.75541 2.53796 -5.13496e-18)
(2.72793 2.66968 0)
(2.75687 2.79994 -1.33939e-18)
(2.86366 2.92669 0)
(3.09122 3.06193 0)
(3.38876 3.28541 0)
(3.98912 3.82425 3.08152e-19)
(2.81297 1.98409 3.0453e-18)
(2.73635 2.01176 -6.1375e-18)
(2.65036 2.06376 6.02433e-18)
(2.559 2.1406 5.8756e-18)
(2.46717 2.24268 2.91424e-18)
(2.38504 2.36265 0)
(2.33694 2.48087 0)
(2.36618 2.57961 3.29162e-18)
(2.4946 2.65065 0)
(2.78581 2.69544 -1.03867e-18)
(3.19007 2.77762 5.96901e-19)
(3.8588 3.04548 -9.74982e-19)
(2.58811 1.82932 -7.09478e-18)
(2.48863 1.85976 6.40742e-18)
(2.37376 1.91398 -6.29533e-18)
(2.24665 1.99145 -1.62564e-17)
(2.11174 2.09234 -1.89172e-19)
(1.98285 2.20532 1.27576e-19)
(1.89729 2.30098 -3.54035e-18)
(1.91445 2.35815 -3.31099e-18)
(2.04286 2.35803 0)
(2.3706 2.28741 3.14913e-18)
(2.84919 2.14868 8.88052e-19)
(3.57464 1.87952 -1.41686e-18)
(2.38864 1.71098 -5.1542e-19)
(2.26156 1.74344 0)
(2.10676 1.79804 0)
(1.92691 1.87339 3.44612e-18)
(1.72792 1.97018 1.06778e-17)
(1.53439 2.07252 -3.48704e-18)
(1.40589 2.14088 -1.68408e-19)
(1.40767 2.14916 -1.70135e-18)
(1.51699 2.08186 -1.63527e-18)
(1.82565 1.88586 -1.93644e-18)
(2.34606 1.4742 0)
(2.91985 0.172456 1.87207e-18)
(2.29041 0.303287 6.1986e-22)
(1.86956 0.230391 0)
(1.68449 0.121004 -2.54879e-19)
(1.85057 -0.107022 0)
(1.89502 -1.08013 -8.05542e-19)
(2.05163 -2.50034 4.56853e-19)
(2.9708 -3.20318 0)
(3.42814 -3.59135 1.78879e-18)
(3.87562 -4.09105 -3.33127e-18)
(4.10315 -4.52787 2.57577e-18)
(4.21269 -5.01371 -1.70324e-19)
(4.20386 -5.40998 -1.2229e-19)
(2.80745 0.654138 -1.84758e-19)
(2.53503 0.0226931 -8.31162e-20)
(2.78435 -1.01113 1.83421e-19)
(3.36571 -2.02646 0)
(3.72608 -2.84353 -4.11679e-19)
(3.91621 -3.37291 3.6401e-19)
(4.05121 -3.56526 0)
(4.19394 -3.70041 7.41225e-19)
(4.32444 -3.90801 -1.65759e-18)
(4.40353 -4.13396 9.0197e-19)
(4.455 -4.36018 -2.67999e-19)
(4.44304 -4.58213 -1.59292e-18)
(3.14621 -0.0171476 -1.8184e-19)
(3.20695 -0.964271 0)
(3.55126 -1.92465 -8.30654e-19)
(3.79804 -2.73986 0)
(3.87541 -3.327 0)
(3.85046 -3.67313 -7.01746e-19)
(3.8825 -3.83153 3.1992e-18)
(3.87789 -3.99987 -2.30823e-18)
(3.8789 -4.16447 6.15018e-19)
(3.86351 -4.32246 0)
(3.83492 -4.47551 1.18598e-18)
(3.78715 -4.62232 -6.78823e-19)
(3.34952 -0.404525 8.03741e-19)
(3.50771 -1.42816 7.23337e-19)
(3.72001 -2.30568 6.92353e-19)
(3.78646 -2.96579 1.63876e-18)
(3.75653 -3.38266 -1.46013e-18)
(3.70642 -3.63542 -1.00305e-18)
(3.64758 -3.77594 0)
(3.61726 -3.90352 0)
(3.58951 -4.01903 1.20937e-18)
(3.56262 -4.12781 0)
(3.53409 -4.23134 3.24753e-19)
(3.49935 -4.329 5.57328e-19)
(3.44382 -0.925939 6.73779e-19)
(3.64838 -1.78729 -4.73844e-19)
(3.70785 -2.52194 -1.25168e-18)
(3.6696 -3.03872 0)
(3.57985 -3.35231 0)
(3.48945 -3.53726 2.02433e-18)
(3.41249 -3.65871 0)
(3.35208 -3.76745 -2.67306e-18)
(3.30007 -3.86252 -9.94891e-19)
(3.25673 -3.94786 2.10765e-18)
(3.2195 -4.02406 -2.70893e-18)
(3.18548 -4.09062 1.7897e-18)
(3.53311 -1.22519 -6.08477e-19)
(3.74436 -1.96521 -6.78446e-19)
(3.67337 -2.55611 1.11539e-18)
(3.55829 -2.99306 1.65037e-19)
(3.41607 -3.2498 2.16883e-18)
(3.28851 -3.40743 -4.01496e-18)
(3.1835 -3.51866 3.397e-18)
(3.09827 -3.61182 2.38752e-19)
(3.02913 -3.6892 0)
(2.97541 -3.75337 0)
(2.93452 -3.80487 4.47024e-18)
(2.90458 -3.84396 -4.11036e-20)
(3.65128 -1.35761 -7.83301e-20)
(3.83242 -2.00189 -1.07323e-18)
(3.66748 -2.50563 0)
(3.47944 -2.87086 -2.51074e-18)
(3.28019 -3.09766 2.73297e-18)
(3.10998 -3.24572 6.64466e-18)
(2.97219 -3.35256 3.94173e-18)
(2.86268 -3.43634 4.35696e-19)
(2.77738 -3.50053 -5.91033e-18)
(2.71386 -3.54725 2.63748e-18)
(2.66913 -3.57759 2.71016e-18)
(2.64144 -3.59226 1.14188e-19)
(3.78977 -1.34214 9.55065e-20)
(3.95169 -1.93773 1.89339e-18)
(3.68537 -2.37267 0)
(3.42822 -2.68759 -3.41536e-18)
(3.17209 -2.90591 -2.60393e-18)
(2.95581 -3.05846 2.93126e-19)
(2.78275 -3.1686 -7.81907e-18)
(2.64815 -3.24923 1.79751e-19)
(2.54639 -3.30463 -2.02371e-19)
(2.47316 -3.33729 3.05198e-18)
(2.42474 -3.34934 -2.3856e-18)
(2.39858 -3.34311 1.70394e-19)
(3.97234 -1.24547 -2.94335e-18)
(4.10439 -1.78964 1.09755e-18)
(3.75055 -2.15645 -6.67025e-18)
(3.41482 -2.45846 3.3962e-18)
(3.09864 -2.68569 0)
(2.83276 -2.85346 0)
(2.62125 -2.97466 4.60266e-18)
(2.4595 -3.05827 7.93676e-18)
(2.34029 -3.10899 -3.54736e-18)
(2.25715 -3.13063 -3.08049e-18)
(2.20476 -3.12703 -2.86846e-18)
(2.17939 -3.1019 0)
(4.19412 -1.06556 6.15869e-21)
(4.33411 -1.6072 4.53271e-18)
(3.87285 -1.89578 9.83567e-18)
(3.44391 -2.19474 0)
(3.06342 -2.44297 6.7845e-18)
(2.74478 -2.6359 0)
(2.49304 -2.77655 1.62131e-19)
(2.3027 -2.86947 -4.21285e-18)
(2.16504 -2.92023 4.13645e-18)
(2.0715 -2.93429 0)
(2.01444 -2.9176 0)
(1.98882 -2.876 -6.5067e-18)
(4.50187 -1.09928 -6.33365e-18)
(4.49346 -1.2941 3.65216e-18)
(3.9602 -1.53897 4.76385e-19)
(3.45562 -1.88103 -8.92182e-18)
(3.03314 -2.17221 -3.33617e-18)
(2.67829 -2.40584 -3.0962e-18)
(2.3948 -2.57643 -5.55839e-18)
(2.179 -2.68699 -1.46897e-17)
(2.0241 -2.74367 -4.04739e-18)
(1.92057 -2.75409 -8.28918e-18)
(1.85865 -2.72708 7.78345e-18)
(1.83203 -2.67106 6.88772e-18)
(3.86022 -0.39442 3.33686e-18)
(3.91903 -0.804784 -1.42677e-18)
(3.52415 -1.1185 3.024e-19)
(3.1582 -1.50917 7.86006e-18)
(2.85394 -1.87281 0)
(2.556 -2.16391 -6.71379e-18)
(2.29046 -2.3746 5.81976e-18)
(2.07361 -2.5108 4.9059e-18)
(1.91214 -2.58093 -1.51267e-17)
(1.80324 -2.59276 8.86892e-18)
(1.73812 -2.5588 -8.29754e-18)
(1.71104 -2.4905 0)
(4.09881 -5.76255 -2.08935e-18)
(3.91664 -6.01805 5.28898e-18)
(3.67076 -6.18283 -2.05184e-18)
(3.38433 -6.24077 -2.19712e-18)
(3.0553 -6.19986 1.80022e-18)
(2.71373 -6.036 -1.76966e-19)
(2.36488 -5.74519 4.12934e-20)
(2.03357 -5.32317 4.64548e-20)
(1.72516 -4.76555 -1.09111e-18)
(1.41602 -4.02215 0)
(1.03426 -3.2305 0)
(0.230938 -2.82143 -7.34889e-19)
(4.38047 -4.79728 3.80819e-20)
(4.26689 -4.98947 4.38958e-19)
(4.10315 -5.15497 -8.8771e-19)
(3.89559 -5.27591 0)
(3.67005 -5.32362 5.17744e-19)
(3.43759 -5.2908 0)
(3.21088 -5.16877 7.86898e-19)
(3.0093 -4.95596 1.99638e-18)
(2.85316 -4.65327 -1.67201e-18)
(2.73668 -4.15161 0)
(2.63133 -3.6047 0)
(2.34775 -3.45137 4.50753e-20)
(3.71916 -4.75808 2.10747e-19)
(3.6342 -4.87028 -2.06854e-19)
(3.53761 -4.94812 3.52742e-19)
(3.43753 -4.98186 0)
(3.33971 -4.96405 -5.71842e-19)
(3.25373 -4.89086 1.89145e-18)
(3.18881 -4.75893 -2.69499e-18)
(3.15749 -4.56979 -3.6969e-18)
(3.17296 -4.3299 2.4977e-18)
(3.23751 -3.96784 0)
(3.30385 -3.55224 4.97056e-19)
(3.2678 -3.51616 1.56444e-19)
(3.4565 -4.41506 5.20766e-19)
(3.40703 -4.48166 -1.31161e-18)
(3.35464 -4.52178 1.41955e-18)
(3.30644 -4.5297 -1.43868e-18)
(3.27076 -4.50207 0)
(3.25494 -4.43763 9.68352e-19)
(3.26683 -4.33697 9.00893e-19)
(3.31614 -4.20297 6.44764e-19)
(3.41448 -4.04393 -1.37033e-18)
(3.57081 -3.8417 0)
(3.79102 -3.50884 -2.80051e-19)
(4.07029 -3.68416 3.89345e-19)
(3.15405 -4.14363 1.61276e-18)
(3.12811 -4.17676 -8.14062e-19)
(3.11082 -4.1878 0)
(3.10364 -4.17651 0)
(3.11719 -4.1414 9.23109e-19)
(3.15509 -4.08407 -8.3006e-19)
(3.22239 -4.00774 -1.34546e-19)
(3.32584 -3.91702 0)
(3.47682 -3.81924 -6.25385e-19)
(3.69051 -3.72259 7.42998e-19)
(3.98642 -3.48531 -6.10389e-19)
(4.41973 -3.79985 -1.32618e-19)
(2.88678 -3.86679 -3.41524e-18)
(2.87974 -3.87385 1.73029e-18)
(2.8869 -3.86558 3.77967e-18)
(2.91341 -3.84191 3.41509e-21)
(2.96252 -3.80399 -4.69859e-18)
(3.03765 -3.75576 -2.05667e-18)
(3.14099 -3.70279 -1.37167e-19)
(3.27637 -3.65334 0)
(3.45386 -3.61687 0)
(3.69312 -3.6033 -6.50791e-19)
(4.03813 -3.49902 -5.37246e-19)
(4.62483 -3.93268 9.49583e-20)
(2.63103 -3.59184 2.14459e-18)
(2.63865 -3.57818 -4.32966e-18)
(2.66535 -3.55302 -1.91154e-18)
(2.71398 -3.51829 -1.20132e-19)
(2.78751 -3.4772 1.93802e-18)
(2.88706 -3.43522 2.00197e-18)
(3.01126 -3.40069 1.18802e-18)
(3.15989 -3.38644 1.18677e-18)
(3.33949 -3.40461 -1.32317e-18)
(3.56896 -3.47377 0)
(3.91329 -3.51319 7.46885e-19)
(4.5622 -3.98873 -2.82195e-19)
(2.3939 -3.32162 0)
(2.41071 -3.28808 2.21729e-18)
(2.44974 -3.24561 0)
(2.51305 -3.19775 -1.2428e-19)
(2.60242 -3.14908 -1.23734e-20)
(2.71648 -3.10658 4.80339e-18)
(2.84958 -3.08231 -4.85434e-18)
(2.99635 -3.09575 0)
(3.15966 -3.16389 -1.51934e-18)
(3.35702 -3.31583 8.82773e-19)
(3.66217 -3.48151 -1.46076e-18)
(4.27499 -4.04013 7.49229e-19)
(2.17863 -3.06143 2.62682e-18)
(2.20113 -3.00728 -2.64692e-18)
(2.24764 -2.9451 -2.69259e-18)
(2.31925 -2.87931 2.67652e-18)
(2.41694 -2.81501 2.6049e-18)
(2.53666 -2.76059 -7.88973e-18)
(2.66694 -2.733 2.58346e-18)
(2.79621 -2.76153 0)
(2.92241 -2.86767 1.43602e-18)
(3.05761 -3.09437 0)
(3.2814 -3.39096 1.96562e-18)
(3.82106 -3.99028 -1.54732e-18)
(1.99075 -2.81616 0)
(2.01736 -2.74045 -6.12648e-18)
(2.06806 -2.6552 -3.23683e-18)
(2.14343 -2.56434 -5.65467e-18)
(2.24391 -2.47274 2.91309e-18)
(2.3622 -2.39069 2.85494e-18)
(2.47897 -2.34247 0)
(2.57672 -2.37126 0)
(2.64724 -2.49898 0)
(2.692 -2.78924 0)
(2.77466 -3.19249 -5.72811e-19)
(3.04425 -3.86028 -7.00489e-20)
(1.83612 -2.5916 3.38823e-18)
(1.86564 -2.49293 3.04608e-18)
(1.91866 -2.37868 1.30441e-17)
(1.99476 -2.25196 3.47446e-18)
(2.09414 -2.11719 1.33784e-17)
(2.20545 -1.98843 -3.33251e-18)
(2.29969 -1.90282 -3.54105e-18)
(2.35596 -1.9196 0)
(2.35537 -2.04725 -3.61358e-18)
(2.28479 -2.37409 -2.05705e-18)
(2.14678 -2.85185 -1.61386e-18)
(1.87991 -3.57594 -9.26862e-26)
(1.71748 -2.39196 0)
(1.74917 -2.26552 0)
(1.80269 -2.11117 -1.48019e-17)
(1.8768 -1.93157 -1.07839e-17)
(1.97215 -1.7327 -3.40194e-18)
(2.0729 -1.53944 0)
(2.13989 -1.41096 3.51355e-18)
(2.14742 -1.41235 0)
(2.07977 -1.52116 -1.01913e-19)
(1.88389 -1.82914 1.93789e-18)
(1.47323 -2.34885 5.39402e-19)
(0.17424 -2.9216 3.72142e-18)
(0.304959 -2.29031 5.97084e-20)
(0.232103 -1.86893 3.83884e-19)
(0.122448 -1.68389 -5.51886e-19)
(-0.106736 -1.85053 1.74104e-19)
(-1.08359 -1.89423 0)
(-2.50613 -2.05519 2.70778e-19)
(-3.2081 -2.97578 0)
(-3.59802 -3.43441 5.95046e-20)
(-4.09858 -3.88294 2.67006e-18)
(-4.53664 -4.11119 -1.40073e-18)
(-5.02331 -4.2212 -3.361e-18)
(-5.4204 -4.21259 2.05809e-18)
(0.655487 -2.80756 4.69735e-19)
(0.0227319 -2.53466 -3.80205e-19)
(-1.01316 -2.78515 2.29679e-19)
(-2.03036 -3.36823 -6.18758e-20)
(-2.8492 -3.72889 -4.11286e-19)
(-3.37933 -3.92012 -9.86156e-20)
(-3.57184 -4.05569 -7.98664e-19)
(-3.70751 -4.19949 -1.27671e-18)
(-3.91537 -4.33075 2.2616e-18)
(-4.1418 -4.41059 -3.93769e-19)
(-4.36833 -4.46254 8.58472e-19)
(-4.59063 -4.45092 6.58567e-19)
(-0.0169543 -3.14687 -3.63307e-19)
(-0.966224 -3.20771 0)
(-1.9287 -3.55288 0)
(-2.74588 -3.80039 -6.42193e-19)
(-3.33444 -3.87786 0)
(-3.68076 -3.85348 -8.10013e-19)
(-3.83911 -3.88625 6.95971e-19)
(-4.00783 -3.88208 1.54539e-18)
(-4.17258 -3.8836 -1.01002e-18)
(-4.33074 -3.86871 -9.63632e-19)
(-4.48384 -3.84058 -1.43825e-18)
(-4.63067 -3.79319 1.30821e-18)
(-0.404962 -3.35009 -1.6076e-18)
(-1.43099 -3.50851 -7.22835e-19)
(-2.31058 -3.72129 1.08512e-18)
(-2.9723 -3.78799 6.08906e-19)
(-3.39012 -3.75808 0)
(-3.64309 -3.70822 -2.90248e-18)
(-3.78366 -3.64963 2.83863e-18)
(-3.91134 -3.61983 0)
(-4.02677 -3.59257 1.68056e-18)
(-4.13541 -3.56626 -2.53772e-18)
(-4.23873 -3.53832 1.59013e-18)
(-4.33618 -3.50412 2.35986e-19)
(-0.927408 -3.44443 1.0035e-18)
(-1.7907 -3.64888 1.33728e-18)
(-2.52719 -3.70843 2.91965e-19)
(-3.04528 -3.67003 0)
(-3.35957 -3.58015 -1.97321e-18)
(-3.54466 -3.48983 3.37746e-18)
(-3.66612 -3.41308 0)
(-3.7748 -3.35302 -1.48482e-18)
(-3.86967 -3.30145 -1.29903e-18)
(-3.95474 -3.25867 2.10328e-18)
(-4.0306 -3.22205 0)
(-4.09677 -3.18869 -1.53183e-18)
(-1.22634 -3.53359 5.63429e-19)
(-1.96853 -3.74404 2.65564e-19)
(-2.5611 -3.6728 -1.11496e-18)
(-2.9993 -3.55755 -4.99555e-18)
(-3.2566 -3.41508 -7.92049e-20)
(-3.41434 -3.28746 4.17481e-18)
(-3.52552 -3.18255 0)
(-3.6185 -3.09756 4.51388e-18)
(-3.69559 -3.02882 -2.5805e-18)
(-3.75936 -2.97563 2.36462e-18)
(-3.81037 -2.93538 1.9362e-19)
(-3.8489 -2.90619 4.15679e-20)
(-1.36332 -3.64549 -7.19686e-19)
(-2.00592 -3.83182 -7.67633e-19)
(-2.51048 -3.66632 0)
(-2.87662 -3.47776 5.28988e-18)
(-3.10386 -3.27804 -7.79502e-18)
(-3.25199 -3.10758 -1.44406e-19)
(-3.35869 -2.96976 -7.62159e-18)
(-3.44221 -2.86038 2.10879e-19)
(-3.50598 -2.77541 -2.89086e-18)
(-3.55216 -2.71237 -2.77139e-18)
(-3.5818 -2.66825 2.70214e-18)
(-3.59564 -2.64137 -2.29127e-18)
(-1.33564 -3.79901 -2.72935e-20)
(-1.93924 -3.95044 -9.68374e-19)
(-2.37662 -3.6839 0)
(-2.69258 -3.4257 3.41131e-18)
(-2.91133 -3.1689 2.45588e-18)
(-3.06394 -2.95219 2.07046e-18)
(-3.17392 -2.77896 -2.23582e-19)
(-3.25419 -2.64439 3.91948e-20)
(-3.30905 -2.54288 -3.28268e-18)
(-3.34101 -2.47009 -2.49184e-19)
(-3.35217 -2.42227 1.79978e-19)
(-3.34494 -2.39693 0)
(-1.25583 -3.96328 1.44327e-18)
(-1.79253 -4.10281 0)
(-2.15988 -3.74802 0)
(-2.46262 -3.41157 -3.39529e-18)
(-2.69026 -3.09456 2.83199e-18)
(-2.8581 -2.8281 -5.3213e-18)
(-2.97912 -2.61628 0)
(-3.06231 -2.45449 3.86796e-18)
(-3.11238 -2.33545 -1.91415e-19)
(-3.13319 -2.25271 3.07578e-18)
(-3.12852 -2.20089 -3.12177e-18)
(-3.10234 -2.17642 5.78399e-18)
(-1.06084 -4.19749 4.65356e-18)
(-1.60848 -4.33261 -1.51714e-18)
(-1.89815 -3.8706 -5.18295e-18)
(-2.19797 -3.44021 -8.1881e-18)
(-2.44668 -3.05867 0)
(-2.63973 -2.73931 5.34404e-18)
(-2.7802 -2.48716 -9.85589e-18)
(-2.87265 -2.29668 4.16182e-18)
(-2.92267 -2.15915 4.13054e-18)
(-2.93576 -2.06596 0)
(-2.91789 -2.00943 -3.71727e-18)
(-2.87517 -1.98471 -6.00208e-18)
(-1.09853 -4.50281 -6.39209e-18)
(-1.29437 -4.49208 1.63696e-18)
(-1.54041 -3.95779 4.68642e-18)
(-1.88328 -3.45175 3.93641e-18)
(-2.17508 -3.02808 1.63986e-20)
(-2.40893 -2.67235 -9.35773e-18)
(-2.57936 -2.38833 1.06716e-17)
(-2.68943 -2.17231 1.93274e-17)
(-2.74529 -2.01749 -1.282e-17)
(-2.75463 -1.91425 -8.27621e-18)
(-2.7264 -1.85282 7.26703e-18)
(-2.66908 -1.82702 0)
(-0.393466 -3.86011 5.23096e-18)
(-0.804327 -3.918 1.83062e-18)
(-1.11911 -3.52198 2.07521e-18)
(-1.51075 -3.15477 8.30725e-18)
(-1.87509 -2.84922 0)
(-2.1664 -2.55011 6.39582e-18)
(-2.37696 -2.28385 -1.21649e-17)
(-2.5127 -2.06668 -5.2056e-18)
(-2.58193 -1.90523 -4.9733e-18)
(-2.59258 -1.79653 8.85072e-18)
(-2.55733 -1.73182 4.55496e-18)
(-2.4877 -1.70548 1.24269e-17)
(-5.77341 -4.10751 7.06954e-19)
(-6.02922 -3.92511 9.12872e-20)
(-6.19394 -3.67876 1.61508e-18)
(-6.25169 -3.39168 -4.42425e-18)
(-6.21015 -3.06183 1.74036e-18)
(-6.04544 -2.71935 0)
(-5.75352 -2.36956 -3.4274e-19)
(-5.33019 -2.03732 2.19188e-19)
(-4.7712 -1.72808 0)
(-4.0264 -1.41831 3.57371e-20)
(-3.23272 -1.0362 0)
(-2.82306 -0.233769 0)
(-4.80602 -4.38848 -8.90372e-19)
(-4.99835 -4.27489 1.34279e-18)
(-5.16382 -4.111 5.94572e-19)
(-5.28443 -3.90327 -1.44484e-19)
(-5.33163 -3.67746 0)
(-5.29812 -3.44463 0)
(-5.17527 -3.21745 1.0973e-18)
(-4.96151 -3.0153 -1.22243e-18)
(-4.65774 -2.85851 0)
(-4.15512 -2.74149 6.29439e-19)
(-3.60652 -2.63599 -7.03e-20)
(-3.45203 -2.35294 -1.16869e-18)
(-4.76631 -3.72552 6.33008e-19)
(-4.87821 -3.64085 -9.35358e-19)
(-4.95563 -3.54453 0)
(-4.98883 -3.44466 -1.15597e-18)
(-4.9704 -3.34697 -1.47446e-18)
(-4.89653 -3.26099 3.46677e-18)
(-4.76385 -3.19596 -3.36996e-18)
(-4.57389 -3.16438 0)
(-4.33309 -3.17947 0)
(-3.97015 -3.24361 0)
(-3.55342 -3.31009 -5.66369e-19)
(-3.51652 -3.27383 1.16649e-19)
(-4.42197 -3.46178 -5.17653e-19)
(-4.48813 -3.41281 -2.87638e-19)
(-4.52767 -3.36093 0)
(-4.53497 -3.3132 -2.46565e-19)
(-4.50666 -3.27795 0)
(-4.44153 -3.26242 0)
(-4.34017 -3.27444 9.41629e-19)
(-4.20546 -3.32372 -1.26788e-18)
(-4.0457 -3.42193 1.40388e-18)
(-3.84283 -3.578 0)
(-3.50944 -3.79806 -3.25138e-19)
(-3.68409 -4.07758 -3.76023e-19)
(-4.14934 -3.15796 3.38743e-18)
(-4.18175 -3.13289 -8.03225e-19)
(-4.19215 -3.11631 1.44799e-18)
(-4.18008 -3.10977 7.47659e-19)
(-4.14423 -3.12398 -2.59206e-18)
(-4.08617 -3.16245 0)
(-4.00918 -3.2301 -1.05809e-18)
(-3.91786 -3.33371 0)
(-3.81959 -3.48465 0)
(-3.72256 -3.6982 7.40552e-19)
(-3.48535 -3.99364 6.08206e-20)
(-3.7993 -4.42694 4.21499e-19)
(-3.87085 -2.88932 -1.50387e-18)
(-3.87719 -2.88305 -1.16822e-19)
(-3.86809 -2.89123 0)
(-3.84358 -2.91871 0)
(-3.80489 -2.96873 -2.99123e-18)
(-3.75596 -3.04465 1.90675e-18)
(-3.70239 -3.14855 2.04643e-18)
(-3.65252 -3.28421 1.12191e-18)
(-3.61583 -3.4617 -2.70425e-18)
(-3.60229 -3.70069 -6.49287e-19)
(-3.4985 -4.0453 0)
(-3.93179 -4.63173 3.57605e-19)
(-3.59427 -2.63193 -4.43145e-18)
(-3.57969 -2.64062 1.83487e-18)
(-3.55358 -2.66844 2.03714e-18)
(-3.51798 -2.71822 1.14136e-19)
(-3.4761 -2.79291 -2.51101e-19)
(-3.43344 -2.89346 -2.22793e-18)
(-3.3984 -3.01841 -3.36631e-18)
(-3.3839 -3.16741 -1.2599e-18)
(-3.40208 -3.347 1.23523e-18)
(-3.47156 -3.57607 0)
(-3.51157 -3.91988 1.29119e-18)
(-3.98756 -4.56833 -3.4679e-19)
(-3.32239 -2.39328 4.68548e-18)
(-3.28777 -2.41127 -2.61462e-18)
(-3.24427 -2.45155 -2.41103e-18)
(-3.19547 -2.51618 -4.43754e-18)
(-3.146 -2.60686 4.46935e-18)
(-3.10284 -2.72212 -1.52749e-19)
(-3.07815 -2.8561 7.24699e-18)
(-3.09151 -3.00332 1.20137e-18)
(-3.15992 -3.16657 1.51723e-18)
(-3.31254 -3.36343 0)
(-3.47925 -3.66779 -8.93203e-19)
(-4.03848 -4.27917 -4.29051e-19)
(-3.06064 -2.17663 0)
(-3.00524 -2.2004 2.49529e-18)
(-2.94195 -2.24824 2.45573e-18)
(-2.87516 -2.32126 -2.56264e-18)
(-2.81003 -2.4204 -1.1145e-19)
(-2.75494 -2.54145 -2.75069e-18)
(-2.72699 -2.67271 -2.58026e-18)
(-2.75564 -2.80241 0)
(-2.86231 -2.92851 -1.43444e-18)
(-3.09003 -3.06296 -9.59989e-19)
(-3.38786 -3.28578 3.14343e-18)
(-3.98855 -3.82381 -7.12151e-19)
(-2.81391 -1.98766 0)
(-2.7369 -2.01555 0)
(-2.65045 -2.06762 0)
(-2.55853 -2.14446 -8.85774e-18)
(-2.46605 -2.24646 5.78637e-18)
(-2.38326 -2.36619 5.80215e-18)
(-2.33476 -2.48391 0)
(-2.36387 -2.58205 -3.29151e-18)
(-2.49232 -2.65234 0)
(-2.78396 -2.69617 -2.05105e-18)
(-3.18866 -2.77757 -5.72353e-19)
(-3.85801 -3.04426 -9.75819e-19)
(-2.58819 -1.83219 0)
(-2.48813 -1.863 0)
(-2.37259 -1.91741 6.74325e-18)
(-2.24475 -1.995 9.50339e-18)
(-2.10904 -2.09594 3.28271e-19)
(-1.97944 -2.20872 3.45612e-18)
(-1.89366 -2.30382 -1.76633e-18)
(-1.911 -2.36035 4.98471e-18)
(-2.03961 -2.35939 3.61224e-18)
(-2.36812 -2.28767 1.91283e-18)
(-2.8473 -2.14803 -1.61315e-18)
(-3.57378 -1.87735 -1.63208e-18)
(-2.38768 -1.71302 0)
(-2.25975 -1.74598 0)
(-2.10404 -1.80089 -7.14116e-18)
(-1.92325 -1.87646 3.90654e-18)
(-1.72333 -1.97341 -3.3929e-18)
(-1.52915 -2.07558 -3.48248e-18)
(-1.40083 -2.14332 3.67491e-18)
(-1.40305 -2.15095 0)
(-1.51301 -2.08274 -3.30812e-18)
(-1.82293 -1.88545 -1.97225e-18)
(-2.34394 -1.47286 2.04075e-18)
(-2.91909 -0.169827 -3.61916e-18)
(-2.28951 -0.303295 5.70796e-20)
(-1.86922 -0.230138 0)
(-1.68254 -0.121953 0)
(-1.84753 0.102854 1.07273e-18)
(-1.89653 1.07046 -1.07127e-18)
(-2.04328 2.49358 0)
(-2.9666 3.20677 0)
(-3.42536 3.593 6.09996e-20)
(-3.87513 4.09489 3.33534e-19)
(-4.10365 4.53156 -9.44889e-19)
(-4.21435 5.01879 -3.52046e-18)
(-4.20593 5.41534 1.35081e-18)
(-2.80642 -0.655147 -6.08068e-19)
(-2.53471 -0.0275967 0)
(-2.78061 1.00525 0)
(-3.36126 2.02387 -3.61285e-19)
(-3.72545 2.8442 6.93848e-19)
(-3.91564 3.37782 -1.59914e-18)
(-4.05171 3.57159 1.16282e-18)
(-4.19448 3.70543 6.96805e-19)
(-4.32583 3.91326 1.08361e-19)
(-4.40535 4.13859 7.94282e-19)
(-4.45758 4.36482 0)
(-4.44603 4.58652 1.84097e-19)
(-3.14639 0.01218 3.60818e-19)
(-3.20523 0.96014 0)
(-3.55018 1.92282 0)
(-3.7977 2.741 -3.89762e-19)
(-3.87674 3.33039 3.12791e-19)
(-3.85108 3.6784 -1.16239e-18)
(-3.88312 3.83749 0)
(-3.87851 4.00537 -2.24986e-18)
(-3.87969 4.16988 2.36368e-18)
(-3.86435 4.32739 -5.16594e-19)
(-3.83594 4.48011 -1.01608e-18)
(-3.78827 4.62653 1.31859e-18)
(-3.35068 0.40008 -8.07771e-19)
(-3.50763 1.42518 7.23644e-19)
(-3.72069 2.30539 0)
(-3.78736 2.96845 6.07652e-19)
(-3.7577 3.38692 -5.89444e-19)
(-3.70727 3.64075 9.99279e-19)
(-3.64797 3.78136 0)
(-3.61729 3.90834 -1.41699e-18)
(-3.58945 4.02331 -2.89895e-18)
(-3.56257 4.1314 1.83287e-18)
(-3.53418 4.23434 1.59779e-18)
(-3.49959 4.3315 -3.25049e-18)
(-3.44481 0.921559 5.02862e-19)
(-3.6487 1.78496 -5.78526e-19)
(-3.70873 2.52247 1.25183e-18)
(-3.67036 3.04174 0)
(-3.58035 3.35654 -4.14426e-18)
(-3.4895 3.54186 3.8157e-18)
(-3.41208 3.66294 1.74888e-18)
(-3.35136 3.77111 1.17502e-18)
(-3.29914 3.86557 0)
(-3.25573 3.95025 0)
(-3.21854 4.02585 0)
(-3.18465 4.09187 -4.27779e-19)
(-3.53424 1.22138 1.21983e-18)
(-3.74481 1.96342 0)
(-3.67403 2.557 -1.11669e-18)
(-3.55863 2.99599 2.58363e-18)
(-3.41593 3.25351 2.17391e-18)
(-3.28786 3.4111 -3.90143e-18)
(-3.1824 3.52184 1.84004e-18)
(-3.09682 3.6144 -6.12299e-18)
(-3.02745 3.69114 3.33134e-20)
(-2.97362 3.75466 -1.67286e-19)
(-2.93274 3.80557 1.93991e-19)
(-2.90291 3.84411 5.80023e-18)
(-3.65191 1.35473 -2.76861e-18)
(-3.83292 2.00059 1.90031e-18)
(-3.66803 2.50655 -2.65622e-18)
(-3.4795 2.87343 -2.51152e-18)
(-3.27964 3.10071 -4.9263e-18)
(-3.10886 3.24852 -2.49783e-18)
(-2.9706 3.35479 -3.70013e-18)
(-2.86071 3.43796 6.24555e-18)
(-2.77515 3.5015 0)
(-2.7115 3.54758 5.21703e-18)
(-2.66674 3.57732 -7.22583e-18)
(-2.63913 3.59144 2.43568e-18)
(-3.79061 1.33958 -1.52195e-18)
(-3.95234 1.93674 -3.0516e-18)
(-3.68592 2.3736 4.52647e-18)
(-3.42822 2.68972 0)
(-3.17139 2.90825 -2.95983e-18)
(-2.95448 3.06045 4.41313e-18)
(-2.78091 3.17002 -2.28564e-19)
(-2.64591 3.25002 -3.83255e-20)
(-2.54386 3.30479 -3.20938e-18)
(-2.47047 3.33685 -5.8071e-18)
(-2.42199 3.34834 2.55436e-18)
(-2.3959 3.34158 -2.52081e-18)
(-3.97302 1.24373 1.79584e-18)
(-4.10516 1.78897 0)
(-3.75132 2.15723 0)
(-3.41505 2.46005 0)
(-3.0981 2.68736 2.84064e-18)
(-2.83153 2.85474 0)
(-2.61946 2.97539 -1.91482e-19)
(-2.45726 3.05841 7.81502e-18)
(-2.33772 3.10855 1.16659e-19)
(-2.25438 3.12964 3.08643e-18)
(-2.20191 3.12553 -2.98103e-18)
(-2.17658 3.09994 8.6347e-18)
(-4.19518 1.06449 6.25227e-21)
(-4.33536 1.60694 8.21417e-18)
(-3.87404 1.89647 -2.40566e-18)
(-3.44461 2.19585 0)
(-3.06333 2.44404 0)
(-2.74395 2.63659 0)
(-2.49158 2.77673 0)
(-2.30072 2.86911 4.2923e-18)
(-2.16269 2.91938 -1.57926e-17)
(-2.0689 2.93297 -7.45145e-18)
(-2.01173 2.91587 6.9657e-18)
(-1.9861 2.87388 3.6009e-18)
(-4.50277 1.09913 -6.38375e-18)
(-4.49483 1.29427 -5.14537e-18)
(-3.9618 1.53947 -2.7485e-18)
(-3.45686 1.8817 0)
(-3.03365 2.17272 0)
(-2.67806 2.406 6.35041e-18)
(-2.3939 2.57615 -1.09577e-17)
(-2.17752 2.68627 1.95868e-17)
(-2.02217 2.74257 1.30491e-17)
(-1.91834 2.75263 7.79222e-18)
(-1.85627 2.72531 -7.2935e-18)
(-1.82963 2.66903 4.97042e-19)
(-3.86187 0.395285 -1.75989e-18)
(-3.92072 0.805548 0)
(-3.52591 1.11883 4.00818e-18)
(-3.1596 1.50933 -1.23723e-17)
(-2.85475 1.87277 1.114e-17)
(-2.55622 2.16358 3.04813e-19)
(-2.2901 2.37393 5.82325e-18)
(-2.0727 2.50978 -5.22521e-18)
(-1.91074 2.57966 -2.48094e-17)
(-1.8015 2.59131 0)
(-1.73619 2.55717 0)
(-1.70905 2.48875 5.16275e-19)
(-4.10148 5.76876 -9.68274e-20)
(-3.91937 6.02441 5.82025e-19)
(-3.67372 6.18956 2.10999e-18)
(-3.38725 6.24729 -3.91736e-18)
(-3.05809 6.20637 1.37931e-18)
(-2.71638 6.04205 -1.78357e-19)
(-2.36723 5.75081 -3.415e-19)
(-2.03573 5.32811 1.30294e-18)
(-1.72706 4.76979 -7.39846e-19)
(-1.41784 4.02535 -3.58203e-20)
(-1.036 3.23227 0)
(-0.233472 2.82287 0)
(-4.38385 4.80167 1.64805e-19)
(-4.27047 4.99374 -1.02162e-18)
(-4.10683 5.1592 -8.88165e-19)
(-3.89922 5.28007 0)
(-3.67361 5.32761 -5.86506e-19)
(-3.44105 5.29452 0)
(-3.21416 5.17215 -5.77378e-19)
(-3.01239 4.95895 1.22199e-18)
(-2.85611 4.65582 0)
(-2.7396 4.1534 1.68855e-18)
(-2.63439 3.60576 -1.74739e-18)
(-2.35166 3.45198 2.34711e-19)
(-3.72043 4.76194 5.32039e-19)
(-3.63565 4.87374 -1.46862e-18)
(-3.5393 4.95121 3.51434e-19)
(-3.43952 4.98458 0)
(-3.34199 4.96642 5.7069e-19)
(-3.25629 4.89292 1.89013e-18)
(-3.19157 4.7607 -2.66129e-18)
(-3.16043 4.57127 1.54173e-18)
(-3.1761 4.33109 -7.6177e-19)
(-3.24086 3.96864 0)
(-3.30751 3.55253 0)
(-3.27183 3.51655 -1.563e-19)
(-3.45694 4.41715 -1.40529e-18)
(-3.40777 4.48333 1.08829e-18)
(-3.35571 4.52306 1.41935e-18)
(-3.30788 4.53069 -7.64448e-19)
(-3.27259 4.50286 -1.54679e-18)
(-3.25715 4.43828 0)
(-3.26936 4.33753 4.43338e-20)
(-3.31896 4.2034 2.49618e-18)
(-3.41764 4.04427 -2.10805e-18)
(-3.57427 3.84202 7.20092e-19)
(-3.79482 3.50876 -6.83178e-20)
(-4.07491 3.68449 -3.88596e-19)
(-3.15345 4.14444 1.6114e-18)
(-3.1279 4.17712 -8.10794e-19)
(-3.11099 4.18783 1.45901e-18)
(-3.10419 4.17629 -8.97412e-19)
(-3.11821 4.14104 0)
(-3.1566 4.08367 0)
(-3.22436 4.00734 -9.27674e-19)
(-3.32827 3.91665 -2.33867e-18)
(-3.47971 3.81893 1.29692e-18)
(-3.69384 3.72238 7.42021e-19)
(-3.99003 3.48495 -6.09832e-19)
(-4.42401 3.79997 0)
(-2.88536 3.8664 -1.48436e-19)
(-2.8786 3.87307 -3.58137e-18)
(-2.88619 3.86447 0)
(-2.91315 3.84062 1.83007e-18)
(-2.96275 3.80266 -1.8536e-18)
(-3.03843 3.7545 0)
(-3.14237 3.70166 -6.43849e-20)
(-3.27833 3.6524 -6.31595e-20)
(-3.45637 3.61612 0)
(-3.69613 3.60277 -1.40853e-18)
(-4.04157 3.49854 7.38588e-19)
(-4.62906 3.93277 -2.69438e-19)
(-2.62895 3.59051 -2.32136e-18)
(-2.63687 3.57645 6.28533e-18)
(-2.66392 3.55102 0)
(-2.71295 3.51619 -2.04149e-18)
(-2.78696 3.47517 2.05881e-18)
(-2.88709 3.43337 2.1246e-18)
(-3.01195 3.39911 -2.3856e-18)
(-3.16127 3.38515 -1.17246e-18)
(-3.34151 3.40359 0)
(-3.57155 3.47304 -9.65686e-19)
(-3.91634 3.51266 9.24851e-19)
(-4.5661 3.98868 0)
(-2.39141 3.31962 4.86629e-18)
(-2.40848 3.28573 -4.5947e-18)
(-2.4478 3.24307 4.71449e-18)
(-2.51145 3.19519 -4.58718e-18)
(-2.60122 3.14669 -1.23408e-20)
(-2.71582 3.10449 2.33803e-18)
(-2.84961 3.08057 2.29327e-18)
(-2.99714 3.09436 0)
(-3.16121 3.16284 -1.52096e-18)
(-3.35925 3.3151 3.49346e-18)
(-3.66489 3.48101 -8.93392e-19)
(-4.27828 4.04006 0)
(-2.17596 3.05907 2.63288e-18)
(-2.19868 3.00464 8.83915e-20)
(-2.24543 2.94238 -2.4646e-18)
(-2.31729 2.87667 0)
(-2.41528 2.81266 0)
(-2.53545 2.75863 0)
(-2.66641 2.73141 0)
(-2.79645 2.76028 -2.98855e-18)
(-2.92349 2.86674 1.43767e-18)
(-3.05948 3.09374 2.79175e-19)
(-3.28379 3.39056 0)
(-3.82435 3.99009 0)
(-1.98815 2.81372 -3.04338e-18)
(-2.01493 2.73788 -8.97066e-18)
(-2.0658 2.65266 0)
(-2.14132 2.56203 3.10692e-18)
(-2.24198 2.47083 5.94393e-18)
(-2.36066 2.38922 0)
(-2.47807 2.3413 0)
(-2.57656 2.37028 1.36704e-18)
(-2.64793 2.49826 -5.12821e-18)
(-2.69356 2.78872 2.27993e-19)
(-2.7768 3.19216 0)
(-3.04712 3.86 0)
(-1.83377 2.58939 -3.69844e-18)
(-1.86339 2.49074 -3.83746e-18)
(-1.91652 2.37668 6.76676e-18)
(-1.99269 2.25033 -9.53537e-18)
(-2.09214 2.11609 3.59771e-18)
(-2.20379 1.98776 6.80256e-18)
(-2.29866 1.90222 -1.77677e-18)
(-2.35561 1.91895 1.63781e-18)
(-2.3558 2.04673 3.3916e-18)
(-2.28612 2.37358 -3.97687e-18)
(-2.14872 2.85152 -1.61497e-18)
(-1.88249 3.57555 0)
(-1.71549 2.39019 -5.14863e-19)
(-1.74722 2.26393 7.29521e-18)
(-1.8008 2.10997 -7.16739e-18)
(-1.87491 1.93091 0)
(-1.97027 1.73264 -7.04929e-18)
(-2.07134 1.53968 -1.08691e-17)
(-2.13897 1.41097 -1.68602e-19)
(-2.1471 1.41215 0)
(-2.08017 1.52069 0)
(-1.88514 1.82817 1.04589e-18)
(-1.47494 2.34819 6.88108e-20)
(-0.175783 2.92073 1.86965e-18)
(0.21115 1.44206 5.06763e-19)
(0.439585 1.77479 2.16621e-18)
(0.8339 2.08851 1.17221e-20)
(1.24165 2.25598 0)
(1.62439 2.30683 6.32639e-18)
(1.9444 2.23907 -6.04387e-18)
(2.18517 2.09978 -1.75154e-17)
(2.34615 1.94111 -1.12198e-17)
(2.4326 1.80384 -4.11802e-20)
(2.44865 1.704 -4.893e-18)
(2.41068 1.64169 9.54089e-18)
(2.33182 1.61698 -8.61518e-18)
(0.336812 1.04006 0)
(0.705594 1.14447 0)
(1.04097 1.32265 -2.3083e-18)
(1.33347 1.51381 4.81967e-18)
(1.60497 1.68497 -1.30842e-17)
(1.851 1.78725 -8.2105e-18)
(2.05631 1.80407 1.08859e-17)
(2.21432 1.75342 2.69802e-17)
(2.30788 1.67929 -5.21048e-18)
(2.32476 1.60982 0)
(2.28322 1.56575 4.82559e-19)
(2.19383 1.55186 0)
(0.383039 1.03203 -3.61725e-19)
(0.767209 1.07501 3.82284e-19)
(1.12715 1.13764 3.2583e-18)
(1.422 1.22031 -1.01217e-19)
(1.6512 1.32203 4.46111e-18)
(1.84383 1.42866 -4.20038e-20)
(1.99827 1.50299 0)
(2.12364 1.53911 -5.03586e-18)
(2.19882 1.52703 -5.40833e-18)
(2.19851 1.51084 1.24896e-17)
(2.15485 1.49724 -1.2496e-17)
(2.03908 1.49734 9.12526e-18)
(0.363992 1.17939 -6.20244e-19)
(0.768768 1.21575 1.31534e-18)
(1.15092 1.24062 -8.94738e-20)
(1.46753 1.26721 -3.12212e-18)
(1.71868 1.30506 -7.29495e-18)
(1.90754 1.34708 -3.50616e-20)
(2.03726 1.37301 -8.28083e-18)
(2.13513 1.38735 4.87182e-18)
(2.17464 1.36939 -5.51146e-18)
(2.14626 1.34811 -8.62921e-18)
(2.05911 1.32123 0)
(1.8657 1.30257 9.41619e-18)
(2.21081 1.62786 8.21633e-18)
(2.04373 1.66117 8.3456e-18)
(1.82637 1.71332 0)
(1.56823 1.7836 0)
(1.28487 1.87302 3.5255e-18)
(1.02867 1.96221 -3.41852e-18)
(0.882147 1.99628 1.49693e-18)
(0.876273 1.96863 4.21795e-18)
(0.982342 1.85073 0)
(1.22229 1.5542 0)
(1.65297 1.02918 4.92676e-19)
(1.54206 -0.22878 -1.48309e-18)
(2.03779 1.57143 -8.89141e-18)
(1.80013 1.60139 5.04758e-19)
(1.48396 1.64442 0)
(1.12572 1.7048 -3.56276e-18)
(0.761827 1.78371 3.74747e-20)
(0.489659 1.86106 3.23697e-18)
(0.385263 1.86172 0)
(0.404889 1.805 -2.55316e-18)
(0.560801 1.65205 0)
(0.805811 1.31111 -2.93967e-18)
(1.18827 0.865553 -1.36116e-18)
(1.18461 -0.0415353 -1.28998e-26)
(1.811 1.52666 -6.15707e-19)
(1.44519 1.53378 -7.99832e-18)
(0.997619 1.55555 0)
(0.552764 1.61056 7.12336e-18)
(0.178576 1.68228 3.06304e-18)
(0.0126906 1.73754 -2.90667e-20)
(0.0261204 1.73109 -5.67102e-18)
(0.137082 1.66348 7.13794e-18)
(0.376339 1.48571 -1.2996e-18)
(0.635907 1.13486 6.02864e-18)
(0.974662 0.725434 1.89606e-18)
(1.0771 0.0282671 -3.39005e-19)
(1.47598 1.31536 2.48987e-17)
(0.871275 1.31056 0)
(0.321094 1.34965 0)
(-0.0736661 1.42883 -5.87779e-18)
(-0.250477 1.53168 -5.34988e-18)
(-0.225423 1.62103 5.48128e-18)
(-0.103324 1.63692 9.33669e-18)
(0.096013 1.55652 -5.03972e-18)
(0.385802 1.37469 2.50243e-18)
(0.666983 1.03511 -2.60496e-18)
(0.973794 0.640857 -1.2612e-18)
(1.1509 0.0654595 -2.8194e-19)
(1.44232 -0.213955 -1.01399e-18)
(1.77706 -0.441215 0)
(2.0921 -0.835964 1.21882e-20)
(2.25992 -1.24422 0)
(2.31056 -1.62696 0)
(2.24249 -1.94681 6.0493e-18)
(2.10314 -2.18732 0)
(1.94495 -2.34798 1.07358e-17)
(1.80848 -2.43415 1.00561e-17)
(1.70939 -2.45015 9.98325e-18)
(1.6476 -2.41245 -4.61739e-18)
(1.62305 -2.33403 -4.67449e-18)
(1.04104 -0.339976 -4.64346e-19)
(1.14611 -0.708331 -5.10344e-19)
(1.32536 -1.04393 -1.19065e-18)
(1.51754 -1.3363 0)
(1.68918 -1.60758 -2.62924e-18)
(1.79167 -1.85343 1.36859e-17)
(1.80831 -2.05858 0)
(1.75753 -2.21639 5.40398e-18)
(1.68363 -2.30951 -5.21231e-18)
(1.61443 -2.32609 -1.01531e-17)
(1.57074 -2.28462 -9.81495e-18)
(1.55699 -2.19539 8.63261e-18)
(1.03443 -0.386542 -7.08022e-19)
(1.07751 -0.770426 1.1597e-18)
(1.14066 -1.13068 -2.5195e-18)
(1.22376 -1.42536 1.7902e-18)
(1.32592 -1.65411 0)
(1.43276 -1.84627 -1.91303e-17)
(1.50719 -2.00034 0)
(1.54332 -2.12531 1.05518e-17)
(1.53131 -2.19998 -5.6297e-18)
(1.51504 -2.19941 8.40832e-18)
(1.5014 -2.15561 4.0403e-18)
(1.50145 -2.03964 -9.12819e-18)
(1.18307 -0.367354 9.46059e-19)
(1.21915 -0.771995 1.31687e-18)
(1.24413 -1.15458 0)
(1.27073 -1.47105 0)
(1.30873 -1.72173 0)
(1.35055 -1.90995 1.541e-17)
(1.37631 -2.03903 8.29997e-18)
(1.39066 -2.13683 -1.44481e-17)
(1.3727 -2.17547 1.65748e-17)
(1.35129 -2.14662 -8.64834e-18)
(1.32423 -2.05893 0)
(1.30543 -1.86488 8.78223e-18)
(1.6337 -2.21356 -8.74415e-18)
(1.66637 -2.04685 -8.34625e-18)
(1.71756 -1.82974 7.46793e-18)
(1.78673 -1.57174 -7.54429e-18)
(1.87481 -1.28852 0)
(1.96251 -1.0328 -6.99046e-18)
(1.99528 -0.886253 8.08558e-18)
(1.9671 -0.880102 -1.40411e-18)
(1.8489 -0.985862 3.14499e-18)
(1.55254 -1.22548 -9.10633e-19)
(1.02861 -1.65556 8.92042e-19)
(-0.226828 -1.54505 -8.07904e-19)
(1.57639 -2.03957 8.36747e-18)
(1.60577 -1.80187 7.97557e-18)
(1.64796 -1.48576 0)
(1.70731 -1.12758 3.41864e-18)
(1.78502 -0.764029 6.79392e-18)
(1.86097 -0.492487 3.09087e-18)
(1.86055 -0.388086 -1.21376e-17)
(1.8034 -0.40751 -2.55517e-18)
(1.65017 -0.563243 -2.68702e-18)
(1.3096 -0.807974 -7.62859e-19)
(0.864962 -1.18995 7.03089e-19)
(-0.0402008 -1.18663 4.28139e-19)
(1.53056 -1.8113 0)
(1.53705 -1.44506 -1.26306e-17)
(1.5581 -0.997514 3.82109e-18)
(1.6122 -0.552824 3.70966e-18)
(1.68294 -0.179367 6.18564e-18)
(1.73688 -0.014105 -2.88718e-18)
(1.72975 -0.0274986 5.59739e-18)
(1.66154 -0.138459 5.932e-18)
(1.48363 -0.377728 1.42745e-18)
(1.13328 -0.636978 -1.33331e-18)
(0.724703 -0.975199 -3.21121e-19)
(0.029197 -1.07765 -2.47244e-20)
(1.31799 -1.47418 0)
(1.31268 -0.868794 -4.02343e-19)
(1.35121 -0.319045 0)
(1.42961 0.0748967 -1.20506e-17)
(1.53176 0.250634 2.59268e-18)
(1.62009 0.225032 -8.23929e-18)
(1.6353 0.102779 0)
(1.55453 -0.0966988 -5.03037e-18)
(1.37254 -0.38605 2.56556e-18)
(1.03345 -0.666796 -2.47941e-18)
(0.640015 -0.972979 -8.86311e-19)
(0.0660678 -1.14978 -3.06706e-19)
(-0.21243 -1.44542 -1.01493e-18)
(-0.440303 -1.77942 1.57943e-20)
(-0.836098 -2.09269 0)
(-1.24528 -2.25854 -3.03741e-18)
(-1.62869 -2.30708 6.32682e-18)
(-1.94892 -2.23746 -9.3927e-18)
(-2.18935 -2.097 -2.40279e-19)
(-2.3496 -1.9383 1.09492e-17)
(-2.43478 -1.80176 -5.15809e-18)
(-2.44949 -1.70272 0)
(-2.41047 -1.64124 -1.85159e-17)
(-2.33072 -1.61732 5.2566e-19)
(-0.338473 -1.04357 9.15613e-19)
(-0.706943 -1.14852 -6.38554e-19)
(-1.04308 -1.32698 4.41565e-18)
(-1.33638 -1.51776 -9.76038e-18)
(-1.60861 -1.68775 5.21935e-18)
(-1.85513 -1.78855 -1.16423e-19)
(-2.06049 -1.80368 0)
(-2.21805 -1.75202 1.63324e-17)
(-2.31007 -1.67775 -5.19856e-18)
(-2.32514 -1.60841 0)
(-2.28248 -1.56489 9.28496e-18)
(-2.19184 -1.55148 -8.61584e-18)
(-0.38499 -1.03523 -3.73228e-19)
(-0.768673 -1.07832 -9.33035e-20)
(-1.12925 -1.14121 -3.41884e-18)
(-1.42478 -1.22376 3.66336e-18)
(-1.65467 -1.32518 -4.46371e-18)
(-1.8477 -1.43112 1.42971e-17)
(-2.00225 -1.50446 1.52388e-17)
(-2.12736 -1.53966 -5.0313e-18)
(-2.20054 -1.52688 5.642e-18)
(-2.19873 -1.51028 0)
(-2.15365 -1.49646 -8.66276e-18)
(-2.03589 -1.49651 0)
(-0.365988 -1.18212 -1.24127e-18)
(-0.770287 -1.21842 -2.68428e-18)
(-1.15299 -1.24357 2.84102e-18)
(-1.47021 -1.27016 -1.56917e-18)
(-1.722 -1.30796 3.64201e-18)
(-1.91129 -1.34955 -1.34637e-17)
(-2.04112 -1.37499 -8.27517e-18)
(-2.13885 -1.3887 9.66656e-18)
(-2.17585 -1.36976 -1.63649e-17)
(-2.14595 -1.34791 0)
(-2.05645 -1.32032 8.55867e-18)
(-1.86056 -1.30134 -1.81976e-17)
(-2.20865 -1.62902 1.29144e-17)
(-2.04034 -1.66291 -4.0687e-18)
(-1.8218 -1.71545 0)
(-1.56253 -1.78606 -7.0949e-18)
(-1.27821 -1.87572 0)
(-1.02179 -1.96471 0)
(-0.876121 -1.99809 -3.11707e-18)
(-0.870897 -1.96996 0)
(-0.97811 -1.85098 0)
(-1.2197 -1.55297 3.55276e-20)
(-1.65128 -1.02724 1.76987e-18)
(-1.54064 0.231755 1.61741e-18)
(-2.03413 -1.57179 -8.35271e-18)
(-1.7948 -1.60228 0)
(-1.4773 -1.64577 0)
(-1.11788 -1.70654 -3.55494e-18)
(-0.753411 -1.7858 3.40743e-18)
(-0.481979 -1.86293 0)
(-0.379118 -1.8628 -4.60082e-18)
(-0.399816 -1.80558 -1.26142e-18)
(-0.557773 -1.6515 0)
(-0.804148 -1.30939 -6.41624e-19)
(-1.18737 -0.863266 -1.81349e-18)
(-1.18378 0.0445798 -4.40406e-19)
(-1.80547 -1.52616 8.99413e-18)
(-1.43779 -1.5337 -4.06718e-18)
(-0.988995 -1.55609 -7.70858e-18)
(-0.543413 -1.61172 3.49061e-18)
(-0.169912 -1.68371 -6.321e-18)
(-0.00630017 -1.73859 0)
(-0.0212009 -1.73194 8.96084e-18)
(-0.134106 -1.66403 0)
(-0.375006 -1.48465 1.31381e-18)
(-0.635386 -1.13281 7.71391e-19)
(-0.974629 -0.722948 9.57837e-19)
(-1.07704 -0.0254877 -1.56433e-20)
(-1.46805 -1.31431 -8.02675e-18)
(-0.862104 -1.31006 0)
(-0.31163 -1.34988 6.62016e-18)
(0.0821273 -1.42974 -9.13054e-18)
(0.256443 -1.5331 1.31323e-17)
(0.229667 -1.62235 -5.45549e-18)
(0.106171 -1.63772 -9.33116e-18)
(-0.0947413 -1.55598 0)
(-0.385811 -1.37339 0)
(-0.667554 -1.03296 0)
(-0.974529 -0.63831 -1.18511e-18)
(-1.15136 -0.062741 -9.34405e-19)
(-1.44121 0.216043 -5.93849e-20)
(-1.77664 0.442277 5.5649e-19)
(-2.09263 0.836191 0)
(-2.26065 1.24401 6.13064e-18)
(-2.31107 1.62646 -3.06928e-18)
(-2.2426 1.94601 -9.15454e-18)
(-2.10293 2.18625 -5.82614e-18)
(-1.94436 2.34668 5.5162e-18)
(-1.8075 2.43277 1.00617e-17)
(-1.70812 2.44876 9.98996e-18)
(-1.64615 2.41106 -9.54392e-18)
(-1.62153 2.33267 -8.61904e-18)
(-1.04011 0.342154 -1.45146e-26)
(-1.14539 0.709533 1.97239e-18)
(-1.32502 1.04423 4.41797e-18)
(-1.51739 1.33589 0)
(-1.68898 1.60668 5.22547e-18)
(-1.79123 1.85223 0)
(-1.80772 2.05716 5.51791e-18)
(-1.75682 2.21477 -1.39077e-20)
(-1.68272 2.308 -1.58152e-17)
(-1.61344 2.32482 -1.01511e-17)
(-1.56963 2.28348 9.34139e-18)
(-1.55587 2.1945 9.13748e-18)
(-1.03411 0.388697 3.46137e-19)
(-1.07707 0.771644 -3.84093e-18)
(-1.14017 1.13089 -5.85456e-18)
(-1.2232 1.42468 -1.82888e-18)
(-1.32529 1.65286 -1.33508e-17)
(-1.43194 1.84473 7.14221e-18)
(-1.50621 1.99866 -4.79027e-20)
(-1.54219 2.12358 5.18023e-18)
(-1.5301 2.19855 -4.05799e-19)
(-1.51394 2.19826 0)
(-1.50044 2.15478 0)
(-1.50065 2.03936 5.51507e-19)
(-1.183 0.369469 2.95344e-19)
(-1.21869 0.773167 1.36911e-18)
(-1.2434 1.1547 2.93337e-18)
(-1.26982 1.47023 -3.07094e-18)
(-1.3077 1.72025 1.46434e-17)
(-1.34938 1.90803 -7.68334e-18)
(-1.37506 2.03702 0)
(-1.38939 2.13475 9.76181e-18)
(-1.37159 2.1741 1.09196e-17)
(-1.35037 2.14572 0)
(-1.32361 2.05879 0)
(-1.30502 1.86563 -2.69809e-17)
(-1.63212 2.21236 8.22176e-18)
(-1.6648 2.04608 -8.35285e-18)
(-1.716 1.82955 -1.17809e-17)
(-1.78511 1.57224 4.53105e-20)
(-1.87318 1.28962 7.23602e-18)
(-1.96123 1.03387 1.71105e-17)
(-1.99468 0.88675 3.12393e-18)
(-1.96694 0.880224 -2.8823e-18)
(-1.84953 0.985323 0)
(-1.55401 1.22388 3.49228e-20)
(-1.03029 1.65396 0)
(0.225137 1.5425 -8.07746e-19)
(-1.57521 2.03911 0)
(-1.6046 1.80218 -5.04479e-19)
(-1.64677 1.48679 7.47024e-18)
(-1.70605 1.12936 -1.09458e-17)
(-1.78372 0.766157 -1.0142e-17)
(-1.86011 0.49404 -6.33284e-18)
(-1.86039 0.388766 7.69447e-18)
(-1.80367 0.407603 3.83526e-18)
(-1.65133 0.562196 -2.68664e-18)
(-1.31134 0.806076 1.5373e-18)
(-0.866934 1.18776 0)
(0.037644 1.18377 0)
(-1.52981 1.81184 -9.00913e-18)
(-1.53635 1.44661 3.92357e-18)
(-1.5573 0.999749 -3.9993e-18)
(-1.61129 0.555598 3.31401e-18)
(-1.68201 0.181775 9.16231e-18)
(-1.73653 0.0153147 0)
(-1.72976 0.0279846 6.17923e-20)
(-1.66199 0.137838 -2.39062e-18)
(-1.48517 0.376083 1.1147e-19)
(-1.13531 0.634827 -2.58562e-18)
(-0.726992 0.972701 3.21194e-19)
(-0.0320103 1.07467 -3.54808e-19)
(-1.31763 1.47613 -8.83314e-18)
(-1.31227 0.871545 0)
(-1.35063 0.322044 6.63842e-18)
(-1.42892 -0.0721933 -9.16239e-18)
(-1.53095 -0.24909 2.67965e-18)
(-1.61964 -0.22451 0)
(-1.63546 -0.103041 6.04404e-20)
(-1.5556 0.0953786 4.9877e-18)
(-1.37426 0.383916 2.56637e-18)
(-1.03562 0.66437 1.25895e-19)
(-0.64247 0.970292 0)
(-0.069137 1.14683 6.08605e-19)
(0.502828 1.46345 9.21559e-19)
(0.927888 1.51312 3.55771e-20)
(1.31844 1.52536 -4.72399e-18)
(1.62773 1.51695 0)
(1.84989 1.49993 7.65806e-18)
(1.99023 1.47772 1.79492e-17)
(2.05875 1.43658 2.31578e-17)
(2.06982 1.37391 0)
(1.99276 1.27503 0)
(1.83466 1.1761 -6.452e-18)
(1.57646 1.09134 6.59974e-18)
(1.15061 1.04787 -2.8258e-17)
(0.521548 1.70238 -5.42667e-19)
(0.963886 1.75909 1.87445e-18)
(1.36466 1.75762 -6.42881e-18)
(1.67608 1.71074 0)
(1.87829 1.6319 9.78033e-18)
(1.97572 1.51821 -1.01713e-17)
(1.9984 1.39367 -5.0151e-18)
(1.91563 1.23352 8.32953e-20)
(1.73595 1.055 -6.73022e-18)
(1.49185 0.905649 0)
(1.16486 0.809051 0)
(0.710363 0.80479 3.53831e-17)
(0.578411 1.87403 0)
(1.01172 1.91658 -2.41557e-18)
(1.38723 1.88287 5.12216e-18)
(1.66213 1.78616 2.35584e-18)
(1.8324 1.64357 -1.34061e-17)
(1.88177 1.47372 7.48805e-18)
(1.80876 1.26856 -1.79878e-17)
(1.63884 1.04601 6.725e-18)
(1.41073 0.844413 3.86611e-20)
(1.12763 0.683745 1.27897e-20)
(0.795445 0.610899 -4.93764e-17)
(0.38488 0.699206 -4.95926e-17)
(0.626712 1.96465 0)
(1.03427 1.9769 4.55526e-18)
(1.36878 1.90205 0)
(1.60942 1.76676 9.04193e-18)
(1.71711 1.57419 0)
(1.68506 1.3376 5.99999e-18)
(1.54918 1.09051 2.59291e-17)
(1.34206 0.85513 -6.96492e-18)
(1.08778 0.651203 0)
(0.792594 0.493351 0)
(0.474325 0.42123 -1.30536e-17)
(0.149485 0.582823 1.79912e-17)
(0.492092 1.04719 -2.93989e-17)
(-0.0425041 1.05931 -5.76193e-18)
(-0.328415 1.16443 2.33972e-17)
(-0.426154 1.30549 -1.25299e-17)
(-0.380322 1.43608 1.43993e-17)
(-0.215862 1.51245 -1.54431e-17)
(0.0382428 1.52529 -1.81684e-17)
(0.343855 1.43223 0)
(0.678012 1.21682 -3.39124e-18)
(0.979303 0.860576 0)
(1.24756 0.44117 0)
(1.409 -0.0799346 -8.79109e-19)
(0.0609256 0.866765 0)
(-0.299397 0.898581 0)
(-0.432459 1.0331 -1.88469e-17)
(-0.432765 1.18335 4.36916e-18)
(-0.301021 1.32274 3.96442e-18)
(-0.0753304 1.40899 -1.42505e-19)
(0.216639 1.42569 8.86075e-18)
(0.548405 1.34302 5.42171e-18)
(0.891026 1.14411 0)
(1.19809 0.814849 0)
(1.45585 0.408626 -4.65407e-19)
(1.62303 -0.0813442 2.41925e-18)
(-0.209573 0.898926 0)
(-0.387473 0.883837 -5.08496e-18)
(-0.423111 0.992819 -1.50636e-17)
(-0.349784 1.12615 1.70831e-17)
(-0.175016 1.23988 1.54813e-17)
(0.0765537 1.30439 3.66487e-18)
(0.381999 1.30513 -5.46066e-18)
(0.718566 1.21659 -5.39554e-18)
(1.05897 1.0221 7.74098e-18)
(1.36528 0.711821 0)
(1.61752 0.321433 5.2068e-19)
(1.78711 -0.139914 1.7004e-18)
(-0.370927 0.958072 -5.57589e-17)
(-0.392653 0.884328 -2.40032e-17)
(-0.35798 0.96691 2.01015e-17)
(-0.240864 1.07301 -2.1231e-17)
(-0.0445016 1.15894 4.04859e-18)
(0.214965 1.20066 0)
(0.519557 1.18473 -1.96521e-18)
(0.849274 1.08968 4.30436e-20)
(1.17958 0.899201 -5.89752e-18)
(1.47834 0.605164 0)
(1.72252 0.232039 -4.04185e-18)
(1.88681 -0.203309 -5.25401e-18)
(1.46835 -0.505938 -1.86551e-18)
(1.51759 -0.931322 -2.08112e-18)
(1.52954 -1.32219 0)
(1.52064 -1.63104 0)
(1.50315 -1.85227 7.72455e-18)
(1.48068 -1.99174 -7.78462e-18)
(1.43888 -2.05968 3.23066e-20)
(1.37591 -2.06994 1.81101e-17)
(1.27663 -1.99174 -6.46903e-18)
(1.17763 -1.83287 6.45816e-18)
(1.09274 -1.5739 -3.2888e-17)
(1.0492 -1.14718 0)
(1.70797 -0.524246 1.59911e-18)
(1.76403 -0.967086 1.82203e-18)
(1.76176 -1.36805 -5.18249e-18)
(1.71385 -1.67873 -2.79287e-18)
(1.63396 -1.87979 -7.27482e-18)
(1.51977 -1.97646 0)
(1.39468 -1.99832 -1.52489e-17)
(1.23355 -1.91414 -6.23194e-18)
(1.05514 -1.73369 -1.36247e-17)
(0.905804 -1.48892 0)
(0.809401 -1.16141 3.20163e-17)
(0.805341 -0.706422 0)
(1.87956 -0.580571 1.18436e-18)
(1.9211 -1.01427 -4.92446e-18)
(1.88628 -1.38963 5.13112e-18)
(1.7881 -1.66359 2.36031e-18)
(1.64459 -1.83307 -4.50465e-18)
(1.47388 -1.88121 2.47851e-18)
(1.26771 -1.80693 0)
(1.0448 -1.63634 6.69008e-18)
(0.843449 -1.40762 7.17887e-18)
(0.683013 -1.12394 8.13006e-18)
(0.61061 -0.791519 -4.95586e-17)
(0.699504 -0.380728 0)
(1.96928 -0.62819 -2.43416e-18)
(1.98027 -1.03595 6.77229e-18)
(1.90432 -1.37012 0)
(1.76753 -1.60992 -9.07089e-18)
(1.57355 -1.71626 0)
(1.33593 -1.68298 -6.02258e-18)
(1.08839 -1.5464 -6.47104e-18)
(0.852998 -1.33892 3.50239e-17)
(0.649388 -1.08412 1.8691e-20)
(0.49199 -0.788478 -9.41239e-18)
(0.420371 -0.470228 5.42355e-17)
(0.582339 -0.146026 -7.20104e-17)
(1.04842 -0.48813 0)
(1.06037 0.0458354 -1.16999e-17)
(1.16517 0.330572 0)
(1.30565 0.427351 4.127e-18)
(1.43556 0.380823 3.69827e-18)
(1.51115 0.216109 1.90453e-17)
(1.52335 -0.0378368 5.41778e-18)
(1.42997 -0.343021 -1.77439e-18)
(1.21464 -0.676505 3.47694e-18)
(0.859093 -0.977145 -6.24068e-20)
(0.440716 -1.24479 1.6505e-18)
(-0.0790688 -1.40604 0)
(0.867599 -0.0569957 8.88469e-18)
(0.899464 0.302245 -1.04849e-17)
(1.03373 0.43438 4.73693e-18)
(1.18346 0.433977 0)
(1.32222 0.301868 7.86846e-18)
(1.40775 0.07622 -7.30874e-18)
(1.42385 -0.215316 -1.43503e-17)
(1.34083 -0.546404 0)
(1.14193 -0.888189 -3.52388e-18)
(0.813257 -1.19451 -1.50199e-19)
(0.407996 -1.45168 -4.64508e-19)
(-0.0807755 -1.61874 4.92856e-19)
(0.900095 0.213013 0)
(0.884753 0.389687 2.59968e-20)
(0.993387 0.424762 -2.01346e-17)
(1.12623 0.351003 1.70914e-17)
(1.23939 0.176114 -7.65153e-18)
(1.30331 -0.0751922 -3.62825e-18)
(1.30355 -0.380047 9.09066e-18)
(1.21472 -0.715852 7.48397e-18)
(1.02023 -1.05536 1.93086e-18)
(0.710432 -1.36084 3.91144e-18)
(0.320879 -1.61253 0)
(-0.139488 -1.78208 1.12623e-18)
(0.959161 0.373359 -5.57149e-17)
(0.885313 0.394517 1.80097e-17)
(0.96753 0.359479 4.53542e-17)
(1.07315 0.242119 -2.12403e-17)
(1.15861 0.0457794 -1.16274e-17)
(1.19985 -0.213329 -1.12588e-17)
(1.18349 -0.517298 -3.75753e-18)
(1.0882 -0.846263 -7.5194e-18)
(0.897729 -1.1757 0)
(0.604068 -1.47367 1.06042e-18)
(0.231607 -1.71736 -1.14105e-18)
(-0.203104 -1.88179 -2.33006e-18)
(-0.504412 -1.46558 1.84438e-18)
(-0.929466 -1.51519 2.07558e-18)
(-1.3206 -1.52768 -4.72395e-18)
(-1.63043 -1.51933 0)
(-1.85304 -1.50224 2.6154e-18)
(-1.99354 -1.47968 7.8103e-18)
(-2.06166 -1.43763 0)
(-2.07139 -1.3739 1.19781e-17)
(-1.99153 -1.27377 0)
(-1.83118 -1.17418 3.193e-17)
(-1.5704 -1.08894 -1.32722e-17)
(-1.14281 -1.04571 3.53478e-17)
(-0.523017 -1.704 -5.4303e-19)
(-0.965519 -1.76069 2.98827e-18)
(-1.36682 -1.7594 -5.17384e-18)
(-1.67857 -1.71246 -8.29623e-18)
(-1.88089 -1.63326 7.91213e-20)
(-1.97819 -1.51915 -1.27124e-17)
(-1.99993 -1.39371 -1.52271e-17)
(-1.91466 -1.23181 -1.86047e-17)
(-1.73269 -1.05275 -2.69946e-17)
(-1.48649 -0.902711 -2.90133e-17)
(-1.1577 -0.80588 0)
(-0.702537 -0.802081 0)
(-0.579686 -1.87504 2.36464e-18)
(-1.01331 -1.91756 -3.66075e-18)
(-1.38925 -1.88398 6.40628e-18)
(-1.6643 -1.78704 -2.13821e-19)
(-1.83455 -1.64422 9.06139e-18)
(-1.88304 -1.47367 5.00323e-18)
(-1.80828 -1.26731 1.79503e-17)
(-1.63645 -1.04383 4.688e-17)
(-1.40624 -0.841851 2.1661e-17)
(-1.12128 -0.680723 -3.23842e-17)
(-0.787979 -0.607654 0)
(-0.377512 -0.6964 0)
(-0.627836 -1.96498 -4.85885e-18)
(-1.03582 -1.97718 1.13273e-18)
(-1.37066 -1.90245 -1.13107e-18)
(-1.6113 -1.76696 1.11184e-17)
(-1.7184 -1.57384 -1.32566e-17)
(-1.68507 -1.33646 -5.94124e-18)
(-1.54769 -1.08879 -6.09669e-20)
(-1.33883 -0.852977 6.94662e-18)
(-1.08268 -0.648912 -3.12192e-17)
(-0.78607 -0.490971 3.77073e-17)
(-0.467507 -0.418686 -5.37823e-17)
(-0.143901 -0.57962 0)
(-0.483584 -1.04579 -2.94142e-17)
(0.0502171 -1.059 -5.75182e-18)
(0.33485 -1.16516 4.71913e-18)
(0.430953 -1.30702 -4.28666e-18)
(0.383755 -1.43757 -3.44531e-18)
(0.21759 -1.51369 -1.8624e-19)
(-0.0376888 -1.52588 8.8989e-18)
(-0.344295 -1.43181 -1.77196e-18)
(-0.67892 -1.21537 0)
(-0.9802 -0.858456 0)
(-1.24819 -0.438849 1.64883e-18)
(-1.40907 0.0821368 1.72516e-18)
(-0.0537702 -0.865224 7.13594e-17)
(0.304848 -0.898578 0)
(0.437017 -1.03425 0)
(0.435896 -1.18482 8.65144e-18)
(0.302884 -1.32437 -4.00811e-18)
(0.0760781 -1.41026 3.55678e-18)
(-0.216747 -1.42634 0)
(-0.549135 -1.34275 -5.46796e-18)
(-0.891909 -1.14285 -1.82922e-18)
(-1.19873 -0.812919 3.73236e-18)
(-1.45601 -0.4065 -2.36436e-18)
(-1.62253 0.0832714 -4.67968e-19)
(0.215031 -0.897662 -4.83234e-17)
(0.389774 -0.883904 1.74196e-17)
(0.426083 -0.993993 5.04781e-18)
(0.351805 -1.1277 4.20446e-18)
(0.176062 -1.24138 3.75172e-18)
(-0.0763027 -1.30553 0)
(-0.382348 -1.30567 1.79429e-18)
(-0.719277 -1.21632 3.5717e-18)
(-1.05965 -1.021 1.93034e-18)
(-1.36555 -0.710161 -3.91136e-18)
(-1.61719 -0.319656 2.04147e-18)
(-1.78606 0.14141 -1.12649e-18)
(0.373427 -0.956559 5.59067e-17)
(0.394552 -0.884562 -2.79401e-17)
(0.360004 -0.968099 -4.99041e-18)
(0.242201 -1.07446 7.0083e-20)
(0.0450989 -1.16033 -1.16115e-17)
(-0.214963 -1.20172 -3.66731e-18)
(-0.519985 -1.18523 1.12413e-17)
(-0.8499 -1.08948 0)
(-1.18005 -0.898299 8.1146e-18)
(-1.47832 -0.603807 0)
(-1.72183 -0.230628 -4.59974e-18)
(-1.88544 0.204421 2.33132e-18)
(-1.4678 0.507453 9.58476e-19)
(-1.5165 0.931843 0)
(-1.52806 1.32165 4.79706e-18)
(-1.51899 1.62962 5.00762e-18)
(-1.50151 1.85032 -1.02817e-17)
(-1.47923 1.98971 5.12602e-18)
(-1.43775 2.05779 9.20243e-18)
(-1.37516 2.0685 4.1055e-20)
(-1.27634 1.99144 6.5079e-18)
(-1.17764 1.83344 -1.90874e-17)
(-1.09304 1.57542 -6.60657e-18)
(-1.04948 1.1494 2.8281e-17)
(-1.70674 0.52545 -1.56261e-18)
(-1.76223 0.967272 -5.85154e-19)
(-1.75965 1.36722 -5.01815e-18)
(-1.71176 1.67719 0)
(-1.63219 1.87798 -1.22643e-17)
(-1.51846 1.97473 -7.69317e-18)
(-1.39394 1.99698 1.86031e-20)
(-1.23361 1.91385 6.22169e-18)
(-1.05553 1.73447 -2.03683e-17)
(-0.906497 1.49048 2.90485e-17)
(-0.810241 1.1636 0)
(-0.806009 0.708881 3.54337e-17)
(-1.87781 0.581357 -2.95265e-18)
(-1.9189 1.01416 6.11147e-19)
(-1.88395 1.38872 0)
(-1.78607 1.66223 -9.41406e-18)
(-1.64306 1.83158 1.12215e-17)
(-1.473 1.88014 1.26378e-17)
(-1.26766 1.80664 -1.79979e-17)
(-1.04533 1.63694 -2.6853e-17)
(-0.84422 1.40913 -2.87763e-17)
(-0.683988 1.1261 4.0546e-17)
(-0.611663 0.793981 -9.93339e-18)
(-0.700256 0.383152 -9.87212e-17)
(-1.96734 0.62867 4.25191e-18)
(-1.97809 1.03569 5.57753e-19)
(-1.90221 1.36932 0)
(-1.76585 1.60887 1.11526e-17)
(-1.57261 1.71547 5.07183e-20)
(-1.33573 1.68281 -2.89125e-18)
(-1.08877 1.54684 0)
(-0.85376 1.34009 7.03277e-18)
(-0.650274 1.08602 2.35701e-17)
(-0.492942 0.79084 -2.02605e-19)
(-0.421364 0.472545 5.37835e-17)
(-0.583283 0.147808 1.44527e-16)
(-1.04846 0.490846 2.94276e-17)
(-1.06008 -0.0431575 5.76435e-18)
(-1.16458 -0.328394 -4.73299e-18)
(-1.30486 -0.425936 8.24094e-18)
(-1.43495 -0.380201 0)
(-1.51093 -0.216589 1.14904e-17)
(-1.52376 0.0364592 -1.64028e-17)
(-1.43114 0.340915 -8.68439e-18)
(-1.21647 0.67408 0)
(-0.861319 0.974723 3.38382e-18)
(-0.443377 1.24219 0)
(0.0762187 1.40344 -8.57366e-19)
(-0.867776 0.0595044 0)
(-0.899144 -0.300134 0)
(-1.03311 -0.432805 0)
(-1.18281 -0.433167 -4.26132e-18)
(-1.32167 -0.30188 1.1048e-19)
(-1.40768 -0.0770735 -3.56246e-18)
(-1.42435 0.2138 7.09073e-18)
(-1.34203 0.544399 -7.23557e-18)
(-1.14375 0.88605 0)
(-0.815494 1.19244 2.82978e-18)
(-0.410733 1.44953 1.40633e-18)
(0.0779198 1.61664 -4.92243e-19)
(-0.900116 -0.210917 0)
(-0.884402 -0.388197 1.53758e-17)
(-0.99285 -0.423728 7.48103e-20)
(-1.12567 -0.350593 8.63923e-20)
(-1.23904 -0.176387 3.8925e-18)
(-1.30344 0.0743117 3.7786e-18)
(-1.30425 0.378686 5.48967e-18)
(-1.21603 0.714171 3.57956e-18)
(-1.02206 1.05368 1.93342e-18)
(-0.712648 1.35929 -3.91405e-18)
(-0.323609 1.61097 -2.11642e-18)
(0.136791 1.78068 0)
(-0.959205 -0.372079 1.38601e-17)
(-0.884955 -0.393393 -5.93461e-18)
(-0.967075 -0.358754 0)
(-1.07276 -0.241889 0)
(-1.15845 -0.0460889 -3.82526e-18)
(-1.20015 0.212574 5.00457e-20)
(-1.18437 0.516216 -1.1259e-17)
(-1.08962 0.845008 0)
(-0.899581 1.17455 -8.12529e-18)
(-0.606273 1.4727 0)
(-0.234322 1.71648 -2.37094e-18)
(0.200523 1.88117 0)
(0.655812 1.97171 -1.1627e-18)
(1.02658 1.95396 -4.26342e-18)
(1.3204 1.84741 0)
(1.49535 1.66258 -1.05274e-17)
(1.53376 1.41856 -2.97343e-18)
(1.45338 1.1575 -1.55839e-17)
(1.28377 0.905237 6.67568e-18)
(1.05717 0.678203 0)
(0.791891 0.486751 0)
(0.496104 0.342629 1.03393e-17)
(0.180486 0.254776 4.76973e-17)
(-0.0634659 0.203129 0)
(0.66317 1.91459 1.13817e-18)
(0.988715 1.85834 0)
(1.22219 1.70639 -1.07021e-17)
(1.33767 1.48595 2.85753e-18)
(1.33014 1.22698 -2.98472e-18)
(1.21703 0.967095 1.91701e-17)
(1.03018 0.728547 1.3927e-17)
(0.798529 0.523519 -7.82975e-18)
(0.537594 0.358779 0)
(0.263243 0.248013 0)
(-0.00621524 0.204147 0)
(-0.224607 0.237694 0)
(0.648444 1.78509 -1.28067e-18)
(0.919699 1.69017 -6.64941e-18)
(1.09921 1.51143 1.22707e-17)
(1.16658 1.27798 0)
(1.12375 1.02258 0)
(0.991296 0.778625 -5.90919e-17)
(0.799208 0.564741 3.62591e-17)
(0.573648 0.39006 0)
(0.333739 0.261216 -9.0477e-18)
(0.0988566 0.188346 2.17909e-17)
(-0.109038 0.177934 -1.6815e-17)
(-0.249923 0.219885 0)
(0.614186 1.6102 1.28015e-18)
(0.834691 1.48723 5.28412e-18)
(0.965453 1.2924 -1.11449e-17)
(0.993705 1.05854 8.7904e-18)
(0.926332 0.817265 -9.35326e-18)
(0.784255 0.597091 -6.73401e-18)
(0.595449 0.413419 -5.05814e-17)
(0.386621 0.274258 -7.98285e-18)
(0.177736 0.184144 9.09475e-18)
(-0.012686 0.146781 4.34219e-17)
(-0.166804 0.1606 0)
(-0.254919 0.209035 0)
(0.565388 1.41471 0)
(0.739512 1.26969 0)
(0.828991 1.06689 1.11797e-17)
(0.827126 0.840045 -1.18364e-17)
(0.743664 0.617648 -1.56698e-17)
(0.599344 0.42462 6.30671e-17)
(0.421245 0.273882 1.44179e-17)
(0.235349 0.170729 4.00051e-17)
(0.0602637 0.116957 0)
(-0.0897096 0.109899 -4.38677e-17)
(-0.202471 0.140951 -6.415e-17)
(-0.251202 0.18712 0)
(0.505658 1.21569 0)
(0.639278 1.05333 1.35612e-18)
(0.695256 0.847609 -1.42059e-18)
(0.671172 0.630509 2.94027e-18)
(0.578591 0.42859 4.63917e-17)
(0.43815 0.263412 -3.30871e-17)
(0.275162 0.144562 7.24758e-18)
(0.114308 0.0742918 -3.24159e-17)
(-0.0288454 0.0518924 -9.33915e-18)
(-0.144602 0.0704568 1.13884e-17)
(-0.224876 0.116391 6.62482e-17)
(-0.239916 0.16144 0)
(0.437899 1.02627 0)
(0.537583 0.85005 1.36961e-18)
(0.567425 0.643544 -1.41498e-18)
(0.527998 0.436922 0)
(0.432201 0.254496 -2.79809e-17)
(0.299802 0.114809 -3.33978e-18)
(0.153777 0.0240221 -1.48231e-17)
(0.0172958 -0.0185896 -4.19846e-17)
(-0.0973856 -0.0151826 3.93769e-17)
(-0.184203 0.0253396 0)
(-0.237508 0.0860385 1.43785e-16)
(-0.221512 0.131091 0)
(0.36442 0.85572 0)
(0.436522 0.668453 1.40317e-18)
(0.446908 0.462049 1.01561e-17)
(0.398176 0.264546 3.02104e-18)
(0.303778 0.0984211 2.25906e-17)
(0.181973 -0.0203266 -7.02076e-18)
(0.0529986 -0.0885249 3.93435e-17)
(-0.0609405 -0.109544 7.24582e-17)
(-0.150458 -0.0856578 4.34213e-17)
(-0.212047 -0.0263607 1.39555e-17)
(-0.241503 0.0497098 -2.05167e-17)
(-0.196449 0.0987957 0)
(0.286688 0.709682 0)
(0.336873 0.513758 0)
(0.333663 0.307269 -1.25472e-17)
(0.280633 0.116286 0)
(0.191174 -0.038054 4.15396e-20)
(0.0814072 -0.141702 -7.80189e-18)
(-0.0311369 -0.193458 8.89796e-18)
(-0.124484 -0.198895 -4.17048e-17)
(-0.191267 -0.159454 -1.27927e-17)
(-0.230141 -0.0845778 1.52488e-16)
(-0.237168 0.00750225 -2.05393e-16)
(-0.164799 0.0655339 5.35656e-16)
(0.206828 0.588989 0)
(0.239874 0.38643 7.46371e-18)
(0.227693 0.179066 -1.53857e-17)
(0.173952 -0.00860567 4.0386e-18)
(0.0916556 -0.155969 -4.38455e-17)
(-0.00559185 -0.250877 3.44148e-17)
(-0.102436 -0.291993 -4.53179e-17)
(-0.176935 -0.286809 1.35251e-17)
(-0.222842 -0.235568 -1.3345e-16)
(-0.240608 -0.148232 -1.58427e-16)
(-0.225552 -0.0398902 -3.58165e-17)
(-0.127879 0.0326448 -7.1155e-16)
(0.133413 0.485089 0)
(0.153915 0.277681 -3.6833e-17)
(0.135543 0.0684844 2.52192e-17)
(0.0806692 -0.118945 0)
(0.00427989 -0.262796 -7.21595e-18)
(-0.0834485 -0.354879 -3.84199e-17)
(-0.165107 -0.388701 -6.82388e-17)
(-0.222843 -0.373872 -3.92823e-17)
(-0.248459 -0.312316 2.40047e-16)
(-0.244519 -0.216819 2.25858e-16)
(-0.203371 -0.0973984 0)
(-0.0904775 0.00503036 0)
(0.0760708 0.360307 -1.4607e-17)
(0.0855442 0.152722 -1.47366e-19)
(0.0623591 -0.0521516 0)
(0.0055394 -0.239535 1.72529e-17)
(-0.0646062 -0.379585 -1.60293e-17)
(-0.141349 -0.474606 -1.57966e-16)
(-0.210512 -0.488959 7.14606e-16)
(-0.23972 -0.454124 0)
(-0.244396 -0.38179 -3.25302e-16)
(-0.225356 -0.285841 -3.86786e-16)
(-0.175291 -0.152139 -6.94869e-16)
(-0.051572 -0.0150966 2.61568e-15)
(-0.492021 0.813553 8.98958e-17)
(-0.358305 0.85223 3.00905e-17)
(-0.281469 0.932391 -2.04871e-17)
(-0.135397 1.01758 0)
(0.0726827 1.07876 -1.95362e-17)
(0.332076 1.09887 -1.13766e-17)
(0.628155 1.06674 9.45272e-18)
(0.943866 0.96505 5.95044e-18)
(1.25736 0.778367 0)
(1.54061 0.500081 1.12513e-18)
(1.76926 0.147789 3.45643e-18)
(1.91696 -0.257638 2.35885e-18)
(-0.384321 0.658351 7.98408e-17)
(-0.303948 0.801868 -7.68302e-18)
(-0.205293 0.889861 2.61711e-17)
(-0.0411938 0.958334 0)
(0.172653 0.999167 0)
(0.427034 1.00059 1.92338e-17)
(0.709444 0.953811 1.17804e-17)
(1.00552 0.845762 -1.00738e-17)
(1.29579 0.662698 2.18537e-18)
(1.55525 0.399679 1.06355e-17)
(1.75958 0.0710657 -1.21249e-18)
(1.88281 -0.300055 1.23274e-18)
(-0.308678 0.576323 -8.73911e-17)
(-0.248083 0.742525 0)
(-0.134237 0.840599 0)
(0.0406385 0.896173 0)
(0.256002 0.921015 0)
(0.501814 0.90728 1.99615e-17)
(0.766742 0.848308 -3.8162e-17)
(1.03832 0.734856 1.04925e-17)
(1.29944 0.555918 0)
(1.52722 0.308254 -9.41896e-18)
(1.69811 0.00531064 -4.32889e-18)
(1.78791 -0.32878 -1.86255e-18)
(-0.218178 0.478553 1.02444e-16)
(-0.189959 0.681483 4.05614e-17)
(-0.0689861 0.786968 -2.84796e-17)
(0.111324 0.832655 1.93389e-17)
(0.324874 0.845394 0)
(0.559387 0.820201 4.22107e-18)
(0.804204 0.75226 1.4392e-17)
(1.04772 0.635241 -1.28062e-17)
(1.27513 0.461588 2.27508e-18)
(1.46543 0.230217 -1.19585e-18)
(1.5968 -0.045256 6.13817e-18)
(1.6475 -0.340252 0)
(-0.142258 0.397586 1.05162e-19)
(-0.135418 0.617886 -3.39246e-17)
(-0.0101102 0.7306 3.02336e-17)
(0.172143 0.768945 -4.61711e-17)
(0.381583 0.773175 1.85094e-17)
(0.60291 0.740185 8.75444e-20)
(0.826203 0.666828 -2.14384e-18)
(1.03989 0.548914 2.21178e-17)
(1.23126 0.382186 -2.3162e-18)
(1.38148 0.168228 0)
(1.47115 -0.0789894 6.21318e-19)
(1.48283 -0.335323 -3.18506e-18)
(-0.0674893 0.316803 -1.52705e-16)
(-0.0860733 0.551588 0)
(0.0421632 0.671921 0)
(0.224147 0.705495 2.76862e-17)
(0.428247 0.704766 -4.46877e-17)
(0.635432 0.667535 -2.31722e-17)
(0.836842 0.592328 2.30533e-18)
(1.02066 0.476562 -1.83063e-17)
(1.17603 0.318751 2.37868e-18)
(1.28666 0.123181 -1.22324e-18)
(1.33573 -0.096005 1.88294e-18)
(1.31105 -0.315867 -6.59314e-19)
(-0.00506544 0.239492 -4.05669e-16)
(-0.0453682 0.481474 -8.97471e-17)
(0.0871541 0.610164 1.4781e-17)
(0.267915 0.64191 1.84843e-17)
(0.466511 0.639871 4.36582e-17)
(0.659575 0.602045 5.0427e-18)
(0.839793 0.528468 -4.91685e-18)
(0.995094 0.417883 0)
(1.11651 0.271021 0)
(1.19029 0.0945125 8.84107e-18)
(1.20236 -0.0974309 1.28293e-18)
(1.14527 -0.283842 2.5912e-18)
(0.0430534 0.164784 4.42273e-16)
(-0.0164386 0.405517 -3.79425e-20)
(0.124064 0.543512 -6.92556e-17)
(0.303542 0.576868 -8.5376e-17)
(0.49731 0.577337 -2.48744e-17)
(0.677179 0.542801 5.691e-18)
(0.837907 0.474311 -8.18574e-18)
(0.96724 0.371882 2.68318e-18)
(1.05826 0.23778 2.12338e-17)
(1.09947 0.0807436 -2.25771e-17)
(1.07956 -0.0851226 2.01566e-18)
(0.994791 -0.241324 -3.39733e-18)
(0.0723363 0.0916001 -4.2478e-16)
(-0.0037314 0.320441 9.99349e-17)
(0.151436 0.468644 8.65929e-17)
(0.330415 0.50829 -6.32455e-20)
(0.520545 0.515327 0)
(0.688845 0.488073 2.72897e-17)
(0.832671 0.428158 3.15733e-18)
(0.939452 0.336682 -1.76173e-20)
(1.00459 0.217074 -5.03159e-17)
(1.01842 0.0797556 1.17371e-17)
(0.97225 -0.0611589 0)
(0.864945 -0.190153 2.96435e-18)
(0.0732361 0.0204705 1.13248e-15)
(-0.0135356 0.221318 0)
(0.165431 0.382418 1.54263e-17)
(0.346425 0.434334 1.81017e-16)
(0.534074 0.451733 9.00401e-17)
(0.692621 0.435572 -4.74382e-20)
(0.822688 0.387574 -1.20713e-17)
(0.911025 0.309551 3.41141e-17)
(0.955653 0.206156 2.91484e-17)
(0.947625 0.0886805 1.26043e-17)
(0.881179 -0.0283847 1.79721e-18)
(0.756463 -0.132943 0)
(0.0394707 -0.0505112 -8.24218e-16)
(-0.0529824 0.0985507 0)
(0.157888 0.28167 0)
(0.345441 0.353336 -1.61805e-16)
(0.528693 0.383467 -1.28897e-16)
(0.678292 0.381308 -5.53186e-17)
(0.798413 0.347734 -4.96958e-17)
(0.873822 0.284443 -8.66008e-17)
(0.904918 0.199654 -5.5301e-18)
(0.879926 0.101493 -2.43674e-17)
(0.799239 0.00608466 2.71999e-18)
(0.661586 -0.0776369 0)
(-0.0425701 -0.106543 -1.40679e-15)
(-0.104481 -0.0232917 0)
(0.112571 0.156339 0)
(0.316343 0.245895 4.39074e-17)
(0.478107 0.282201 -3.20559e-17)
(0.606932 0.291575 2.72367e-17)
(0.714541 0.275548 -2.45668e-17)
(0.781531 0.236508 1.03719e-16)
(0.814276 0.17705 0)
(0.776362 0.0925185 -5.22879e-17)
(0.68707 0.0231731 -4.22226e-17)
(0.540687 -0.038553 1.2979e-17)
(1.97485 -0.656663 -3.41229e-20)
(1.9561 -1.02753 -4.27736e-18)
(1.84806 -1.32051 0)
(1.66152 -1.49431 7.88205e-18)
(1.41644 -1.53172 1.48552e-17)
(1.15472 -1.4505 6.18847e-18)
(0.902299 -1.28046 6.69291e-18)
(0.675409 -1.05366 -2.96363e-17)
(0.484357 -0.787986 0)
(0.340889 -0.491965 -3.10818e-17)
(0.253926 -0.176886 4.75534e-17)
(0.202694 0.0660383 1.3235e-16)
(1.91614 -0.663475 2.31098e-18)
(1.85848 -0.988646 0)
(1.70504 -1.22111 1.07489e-17)
(1.48349 -1.33559 0)
(1.22387 -1.32729 8.82966e-20)
(0.963639 -1.21366 2.56379e-17)
(0.725122 -1.02663 6.99271e-18)
(0.520325 -0.794895 -3.92551e-17)
(0.356069 -0.533752 0)
(0.246088 -0.259574 3.24924e-17)
(0.203247 0.00875092 -5.13399e-17)
(0.237403 0.225532 0)
(1.78457 -0.648065 -1.26067e-18)
(1.68866 -0.918823 5.33606e-18)
(1.50881 -1.09738 -1.09337e-17)
(1.27463 -1.16383 1.44988e-17)
(1.01892 -1.12048 -6.0556e-18)
(0.774873 -0.987735 -1.64347e-17)
(0.56113 -0.795635 -4.36151e-17)
(0.386741 -0.57012 3.98394e-17)
(0.258449 -0.330273 0)
(0.186356 -0.0958823 -3.26465e-17)
(0.17679 0.110756 -1.6763e-17)
(0.219333 0.250402 0)
(1.60819 -0.613355 -6.48187e-19)
(1.48451 -0.833231 -5.96865e-18)
(1.28898 -0.963071 1.38955e-18)
(1.05478 -0.990619 7.11582e-20)
(0.813459 -0.922912 -1.24642e-17)
(0.593362 -0.780731 0)
(0.40992 -0.592069 3.62243e-17)
(0.271097 -0.383435 -7.99843e-18)
(0.181537 -0.174829 0)
(0.144837 0.014973 8.6774e-17)
(0.159252 0.167953 0)
(0.208059 0.254975 0)
(1.41164 -0.564248 -2.60376e-18)
(1.26616 -0.737684 0)
(1.0631 -0.826339 8.47395e-18)
(0.836243 -0.823957 -1.18714e-17)
(0.614016 -0.740319 6.14125e-21)
(0.421212 -0.596055 2.99686e-17)
(0.270773 -0.418239 -7.21951e-18)
(0.167971 -0.23267 -2.40328e-17)
(0.114692 -0.057997 9.13989e-18)
(0.108136 0.0913433 -4.37946e-17)
(0.139558 0.203073 -3.19295e-17)
(0.185942 0.250891 4.25262e-17)
(1.21193 -0.504359 2.599e-18)
(1.04939 -0.637284 0)
(0.84378 -0.692563 -1.13626e-17)
(0.626959 -0.668122 2.94934e-18)
(0.425406 -0.575502 -3.1087e-18)
(0.260575 -0.435259 -3.31878e-17)
(0.142073 -0.272668 2.9041e-17)
(0.0721353 -0.112243 4.05933e-17)
(0.0501315 0.0304369 0)
(0.0690203 0.145604 1.13745e-17)
(0.115128 0.224962 -1.64797e-17)
(0.160134 0.239259 0)
(1.02214 -0.436569 6.64977e-19)
(0.845992 -0.535599 -6.19671e-18)
(0.639925 -0.564879 0)
(0.433839 -0.525228 0)
(0.251956 -0.429512 0)
(0.11272 -0.297423 -6.72566e-18)
(0.0223112 -0.151881 -2.22963e-17)
(-0.0200056 -0.0158912 -3.36455e-17)
(-0.0163095 0.0983006 9.85162e-18)
(0.0243634 0.1846 1.41989e-20)
(0.0850622 0.237136 -1.60928e-16)
(0.129762 0.220625 -3.89986e-16)
(0.85143 -0.363191 2.75484e-18)
(0.66449 -0.434697 7.0309e-18)
(0.458792 -0.444656 -1.45558e-18)
(0.262052 -0.395812 3.03067e-18)
(0.0966282 -0.301583 1.94372e-17)
(-0.0215806 -0.18017 2.47248e-17)
(-0.0893801 -0.0517322 -3.15438e-17)
(-0.110149 0.0616855 8.16841e-17)
(-0.0860739 0.150734 0)
(-0.0267795 0.211895 0)
(0.04914 0.240757 1.43626e-16)
(0.0975842 0.195417 5.53131e-17)
(0.705366 -0.285616 -2.98853e-18)
(0.509999 -0.335325 -1.5233e-18)
(0.304419 -0.331804 1.57798e-18)
(0.1144 -0.278753 0)
(-0.0391022 -0.189531 -5.68755e-17)
(-0.142129 -0.0801924 -3.91873e-17)
(-0.193469 0.0317804 3.56524e-17)
(-0.19869 0.124618 -4.17862e-17)
(-0.159149 0.190971 1.281e-17)
(-0.0843985 0.22953 1.69328e-17)
(0.00740075 0.236148 -2.55273e-17)
(0.0645565 0.163699 5.39453e-16)
(0.584668 -0.205951 -3.69313e-18)
(0.382872 -0.238672 0)
(0.176588 -0.226275 -1.54278e-17)
(-0.00995041 -0.172586 4.05149e-18)
(-0.156362 -0.0905797 2.63847e-17)
(-0.250561 0.00624011 -4.88946e-18)
(-0.291235 0.1025 -2.27499e-17)
(-0.285847 0.17653 9.48382e-17)
(-0.234591 0.222064 -1.16986e-16)
(-0.14748 0.23964 4.05411e-20)
(-0.0395155 0.224338 -3.57013e-17)
(0.0320508 0.126866 0)
(0.480744 -0.132763 4.3101e-18)
(0.274288 -0.153031 -2.00402e-17)
(0.0662954 -0.134491 4.75033e-17)
(-0.119843 -0.0797643 0)
(-0.262652 -0.00370825 -7.24e-18)
(-0.353915 0.083563 7.74738e-18)
(-0.387243 0.164663 5.12294e-17)
(-0.372236 0.221965 -2.95437e-16)
(-0.310751 0.247304 1.92539e-16)
(-0.215578 0.243309 0)
(-0.0964974 0.202107 0)
(0.00497426 0.0895635 0)
(0.355934 -0.0755903 2.93545e-17)
(0.14958 -0.0849297 7.02949e-17)
(-0.0540521 -0.0615672 -1.60429e-16)
(-0.240007 -0.00501149 1.72906e-17)
(-0.378929 0.0647608 -3.20322e-17)
(-0.472938 0.141018 -7.93664e-17)
(-0.486852 0.209692 -8.44642e-17)
(-0.451977 0.238648 3.4417e-17)
(-0.379886 0.243232 -2.85972e-16)
(-0.28424 0.224242 -4.85637e-17)
(-0.150872 0.17416 0)
(-0.0146228 0.0507557 -2.61959e-15)
(0.814705 0.493955 8.96398e-17)
(0.853286 0.360001 3.02302e-17)
(0.933087 0.282897 -2.04361e-17)
(1.01785 0.13666 -2.16668e-17)
(1.07864 -0.0713424 1.95967e-17)
(1.0984 -0.330379 1.87464e-17)
(1.06591 -0.625883 -1.95663e-18)
(0.964029 -0.940918 -3.93238e-18)
(0.777352 -1.25367 2.11224e-18)
(0.499312 -1.53626 0)
(0.147427 -1.7646 0)
(-0.25764 -1.91267 -3.50921e-20)
(0.659875 0.386175 0)
(0.803002 0.305567 9.22501e-20)
(0.890649 0.206638 0)
(0.958748 0.0423894 1.77244e-17)
(0.999287 -0.171384 -3.99896e-18)
(1.00048 -0.425469 7.7264e-18)
(0.95343 -0.707417 -2.15709e-17)
(0.845209 -1.00294 2.04314e-18)
(0.66213 -1.29266 0)
(0.399226 -1.55168 -9.44534e-18)
(0.0707497 -1.75591 0)
(-0.300429 -1.87956 2.43476e-18)
(0.577931 0.310542 0)
(0.743763 0.249601 -3.9324e-17)
(0.841495 0.135449 5.44838e-18)
(0.896757 -0.0396008 0)
(0.921381 -0.254935 1.67344e-17)
(0.90751 -0.500543 3.95636e-18)
(0.848349 -0.765156 1.39159e-17)
(0.734741 -1.03636 -1.25456e-17)
(0.555739 -1.29716 2.23062e-18)
(0.308054 -1.52475 1.89554e-17)
(0.00498776 -1.69575 4.92979e-18)
(-0.329462 -1.78617 -1.23426e-18)
(0.480228 0.219931 -1.02095e-16)
(0.682825 0.191335 0)
(0.787987 0.0700049 0)
(0.833416 -0.110532 2.41495e-17)
(0.846002 -0.324116 -2.17966e-17)
(0.820738 -0.558531 4.11615e-18)
(0.752676 -0.803198 -4.16192e-18)
(0.635503 -1.04653 8.50799e-18)
(0.461715 -1.27384 9.08168e-18)
(0.230172 -1.46419 1.23299e-19)
(-0.0456391 -1.59585 -4.88829e-18)
(-0.341247 -1.64717 1.27149e-18)
(0.399289 0.143891 1.22579e-16)
(0.619333 0.136615 0)
(0.731746 0.010877 6.04052e-18)
(0.769878 -0.171669 -4.61905e-17)
(0.774011 -0.381219 0)
(0.740986 -0.602557 -2.17814e-17)
(0.667549 -0.82586 2.37341e-17)
(0.549476 -1.03955 -1.98947e-17)
(0.382541 -1.231 -6.86934e-18)
(0.168284 -1.38142 -2.16881e-17)
(-0.0794371 -1.47148 0)
(-0.336556 -1.48365 -2.5315e-18)
(0.318481 0.0688974 3.78486e-17)
(0.553127 0.0870542 -4.53724e-17)
(0.67319 -0.0417031 0)
(0.70659 -0.224049 -6.40941e-20)
(0.705808 -0.428343 0)
(0.668561 -0.635642 4.54693e-18)
(0.59328 -0.837201 -2.26828e-17)
(0.47735 -1.02117 1.60172e-17)
(0.319269 -1.17676 1.18708e-17)
(0.123303 -1.28765 9.73375e-18)
(-0.0964974 -1.33707 -5.02556e-18)
(-0.31722 -1.31268 1.26849e-18)
(0.241118 0.00622716 0)
(0.483096 0.0461002 1.19803e-16)
(0.611551 -0.0870479 6.66742e-17)
(0.643148 -0.268235 1.84368e-17)
(0.641097 -0.467112 0)
(0.603263 -0.660384 2.52617e-17)
(0.529605 -0.840864 -2.4779e-18)
(0.418844 -0.996433 -1.72981e-20)
(0.271665 -1.11814 -1.23493e-17)
(0.0947024 -1.1922 0)
(-0.0979184 -1.20451 -3.23024e-20)
(-0.285206 -1.14751 3.86893e-26)
(0.16628 -0.0421835 -4.42122e-16)
(0.407185 0.0168778 -1.95818e-16)
(0.545003 -0.124352 -6.05673e-17)
(0.578225 -0.304314 -5.69844e-17)
(0.578723 -0.498444 0)
(0.54418 -0.678603 5.69022e-18)
(0.475598 -0.839682 -8.18247e-18)
(0.37298 -0.969357 1.71433e-20)
(0.238528 -1.06069 2.65339e-18)
(0.0810114 -1.10217 0)
(-0.0855371 -1.08237 5.34698e-18)
(-0.242598 -0.99748 2.71386e-18)
(0.0929295 -0.0716854 5.21896e-19)
(0.322093 0.00383917 1.14473e-16)
(0.47023 -0.152158 0)
(0.509746 -0.331657 8.68958e-18)
(0.516853 -0.522224 -6.31482e-20)
(0.489582 -0.690887 -2.73359e-17)
(0.429575 -0.835126 2.21465e-17)
(0.337883 -0.942293 -2.73011e-17)
(0.217926 -1.00773 0)
(0.0801137 -1.0218 -1.17565e-17)
(-0.0614556 -0.975603 0)
(-0.19124 -0.867973 -5.92921e-18)
(0.0214915 -0.0728169 5.67226e-16)
(0.22288 0.0133001 -2.04046e-17)
(0.384104 -0.166629 1.54965e-16)
(0.43588 -0.348149 8.44513e-17)
(0.453385 -0.536295 -7.00792e-17)
(0.437189 -0.695264 3.50782e-17)
(0.389108 -0.82578 -8.0178e-18)
(0.310839 -0.914534 2.64468e-17)
(0.20712 -0.959437 3.65207e-18)
(0.0891358 -0.951589 2.68937e-17)
(-0.0285105 -0.884991 -5.39224e-18)
(-0.133752 -0.759771 3.59239e-18)
(-0.0497358 -0.0391236 0)
(0.0998947 0.0523772 0)
(0.283467 -0.159664 -2.2853e-16)
(0.354972 -0.347641 0)
(0.385229 -0.531431 1.44816e-16)
(0.38304 -0.681499 -1.38197e-16)
(0.349377 -0.802099 -3.09608e-17)
(0.285832 -0.87794 4.03695e-17)
(0.20072 -0.909295 0)
(0.102096 -0.884416 7.45742e-20)
(0.00615791 -0.80346 3.25716e-17)
(-0.0781122 -0.665157 0)
(-0.106081 0.0426327 -1.23576e-15)
(-0.0218531 0.103483 -8.37827e-16)
(0.158216 -0.115285 8.77482e-17)
(0.247474 -0.319207 0)
(0.283825 -0.481344 -3.17229e-17)
(0.293176 -0.610651 2.72377e-16)
(0.277056 -0.71873 -2.44501e-17)
(0.237819 -0.786168 -1.16135e-16)
(0.17818 -0.819169 1.38419e-17)
(0.0930928 -0.781379 -4.62175e-17)
(0.0233588 -0.691637 -9.6021e-17)
(-0.0387831 -0.544512 1.29268e-17)
(-0.656879 -1.97143 1.09455e-18)
(-1.0281 -1.95374 -1.09046e-18)
(-1.32202 -1.84712 1.12907e-18)
(-1.49668 -1.6619 1.07069e-17)
(-1.53439 -1.41748 1.18722e-17)
(-1.45276 -1.15594 -1.24176e-17)
(-1.28168 -0.903444 -6.70911e-18)
(-1.05353 -0.67634 -2.21823e-17)
(-0.786785 -0.485079 6.83722e-17)
(-0.490273 -0.341328 0)
(-0.175706 -0.254027 6.35611e-17)
(0.0660291 -0.202856 0)
(-0.664227 -1.91384 1.1384e-18)
(-0.990139 -1.85748 0)
(-1.22358 -1.70535 0)
(-1.33862 -1.48465 1.42501e-19)
(-1.33028 -1.22544 -1.19288e-17)
(-1.21596 -0.965335 -3.19366e-17)
(-1.02778 -0.726815 -2.08954e-17)
(-0.794809 -0.522013 0)
(-0.532915 -0.357769 -3.55742e-17)
(-0.258665 -0.247649 1.07669e-17)
(0.00899294 -0.204256 3.41221e-17)
(0.224739 -0.23746 2.6905e-16)
(-0.649466 -1.78381 -1.28123e-18)
(-0.921047 -1.68883 1.32554e-18)
(-1.10042 -1.50992 9.67437e-18)
(-1.16723 -1.27624 -2.01381e-17)
(-1.12356 -1.02072 -1.83104e-17)
(-0.989933 -0.776742 -3.33673e-18)
(-0.796667 -0.563082 4.34555e-17)
(-0.570088 -0.388879 2.3787e-17)
(-0.329746 -0.260758 -3.61099e-17)
(-0.095442 -0.188604 0)
(0.110723 -0.178413 -6.70405e-17)
(0.249733 -0.219718 7.28488e-20)
(-0.615208 -1.60858 2.57901e-18)
(-0.835945 -1.48552 0)
(-0.966482 -1.29051 -1.10379e-17)
(-0.994117 -1.05646 2.84917e-18)
(-0.925892 -0.815147 1.24178e-17)
(-0.78272 -0.595089 5.69633e-17)
(-0.592943 -0.411819 -3.60643e-17)
(-0.383385 -0.273317 -3.98726e-17)
(-0.174425 -0.184024 8.16841e-17)
(0.0152937 -0.14732 -4.33142e-17)
(0.167988 -0.161139 0)
(0.254659 -0.208825 -1.68434e-16)
(-0.566396 -1.41286 -2.58431e-18)
(-0.740659 -1.26768 0)
(-0.829836 -1.06471 0)
(-0.827336 -0.837694 8.86865e-18)
(-0.743049 -0.615306 3.12561e-17)
(-0.597746 -0.422518 -2.98307e-17)
(-0.418879 -0.272302 2.8784e-17)
(-0.232471 -0.169911 -3.19397e-17)
(-0.0575129 -0.116957 -7.2951e-17)
(0.0918197 -0.110492 2.41002e-20)
(0.203402 -0.141453 6.40179e-17)
(0.250914 -0.186881 0)
(-0.506634 -1.21371 1.29628e-18)
(-0.640299 -1.0511 -5.4397e-18)
(-0.695936 -0.845186 0)
(-0.671217 -0.627931 0)
(-0.577874 -0.426083 -2.77827e-17)
(-0.436562 -0.261222 -2.31338e-17)
(-0.272993 -0.142957 0)
(-0.111762 -0.0734921 3.23594e-17)
(0.0311632 -0.0518566 2.79708e-17)
(0.146386 -0.0709985 5.68695e-17)
(0.225655 -0.116834 -1.32337e-16)
(0.2396 -0.161193 3.56651e-16)
(-0.438814 -1.02425 -3.95269e-26)
(-0.538463 -0.847681 6.83486e-18)
(-0.567951 -0.640965 -1.41377e-18)
(-0.527909 -0.434196 -2.93278e-18)
(-0.431434 -0.251875 6.21603e-18)
(-0.298279 -0.112542 2.34578e-17)
(-0.151812 -0.022362 0)
(-0.0150518 0.0194494 0)
(0.0993693 0.0153294 3.93178e-17)
(0.18573 -0.02579 0)
(0.238164 -0.0864274 5.38194e-17)
(0.221171 -0.130882 -3.39781e-16)
(-0.365264 -0.853717 2.74761e-18)
(-0.437246 -0.666034 5.62646e-18)
(-0.447288 -0.459393 1.15967e-17)
(-0.397988 -0.261738 0)
(-0.303002 -0.09573 3.21438e-18)
(-0.180528 0.0226531 -1.05329e-17)
(-0.0512523 0.0902721 1.57186e-17)
(0.0629396 0.110491 -5.42826e-17)
(0.152129 0.0859662 -3.25247e-17)
(0.213349 0.0259902 0)
(0.242039 -0.0500504 1.65027e-16)
(0.19607 -0.0986868 4.43095e-16)
(-0.287382 -0.707755 -5.97301e-18)
(-0.337444 -0.511364 -6.07579e-18)
(-0.333893 -0.304593 -1.25344e-17)
(-0.280372 -0.113434 3.2852e-18)
(-0.190376 0.040775 -2.11391e-20)
(-0.0800973 0.144114 -3.91475e-18)
(0.0327422 0.19528 0)
(0.126177 0.199993 -1.14441e-20)
(0.192724 0.159899 -1.27977e-17)
(0.231152 0.084291 1.52464e-16)
(0.237592 -0.00780418 -2.05346e-16)
(0.16435 -0.0655374 -5.36425e-16)
(-0.207296 -0.587135 3.66695e-18)
(-0.240276 -0.384076 -7.45644e-18)
(-0.227751 -0.176395 1.537e-17)
(-0.17361 0.0114853 0)
(-0.0908022 0.158736 0)
(0.00675499 0.253395 -2.94643e-17)
(0.103962 0.293899 3.39666e-17)
(0.178297 0.288104 1.61951e-16)
(0.224124 0.236087 1.33356e-16)
(0.241304 0.148084 2.26928e-17)
(0.22579 0.0395637 -3.58356e-17)
(0.127429 -0.0326878 0)
(-0.133672 -0.483296 0)
(-0.154122 -0.275374 1.22272e-17)
(-0.135399 -0.0658092 -2.51923e-17)
(-0.0801789 0.121866 6.66238e-18)
(-0.00336878 0.265637 -7.25483e-18)
(0.0845943 0.357512 6.13681e-17)
(0.166512 0.390734 -6.79251e-17)
(0.223982 0.375289 -1.56806e-16)
(0.249456 0.312961 -1.91808e-16)
(0.244942 0.216779 -2.58059e-16)
(0.203328 0.0970492 4.6609e-16)
(0.0899998 -0.0051845 -1.54422e-16)
(-0.0761327 -0.358553 2.92329e-17)
(-0.0856047 -0.150545 -7.01512e-17)
(-0.0620236 0.0547615 0)
(-0.00494748 0.242487 -1.38081e-16)
(0.0654973 0.382399 -1.27251e-16)
(0.142349 0.477336 0)
(0.211632 0.490882 4.19063e-17)
(0.240556 0.455496 -6.85295e-17)
(0.245022 0.382535 -1.19422e-20)
(0.225598 0.285958 4.83227e-17)
(0.175072 0.151608 -1.39441e-15)
(0.0511073 0.0147634 0)
(0.492951 -0.813104 -8.97498e-17)
(0.360099 -0.85289 -3.76772e-17)
(0.282868 -0.933578 2.56009e-17)
(0.136279 -1.01894 0)
(-0.0723823 -1.08005 1.56191e-17)
(-0.332245 -1.09987 3.73733e-18)
(-0.628647 -1.06725 -1.13921e-17)
(-0.944452 -0.96496 -5.97612e-18)
(-1.25773 -0.777706 -1.03913e-17)
(-1.54047 -0.499055 0)
(-1.76849 -0.14673 4.63341e-18)
(-1.9156 0.258427 -1.17793e-18)
(0.385122 -0.658723 0)
(0.305291 -0.802709 3.84871e-17)
(0.206265 -0.891046 -2.61451e-17)
(0.0417394 -0.959621 0)
(-0.172587 -1.00038 1.21522e-17)
(-0.427358 -1.00156 3.89112e-18)
(-0.710028 -0.954366 -1.56967e-17)
(-1.00614 -0.845816 -1.16179e-19)
(-1.29619 -0.662292 0)
(-1.5552 -0.398985 0)
(-1.75899 -0.0703308 0)
(-1.88175 0.300598 -1.23107e-18)
(0.309464 -0.57694 0)
(0.24908 -0.743492 2.36725e-17)
(0.134892 -0.841772 2.71377e-17)
(-0.0403685 -0.897406 0)
(-0.256151 -0.922175 -1.2476e-17)
(-0.502301 -0.908239 8.01762e-18)
(-0.767457 -0.848924 2.19931e-17)
(-1.03907 -0.735061 -4.26595e-18)
(-1.30001 -0.55575 -6.69798e-18)
(-1.52743 -0.30785 0)
(-1.69792 -0.00484337 -4.93439e-18)
(-1.78741 0.329153 1.23551e-18)
(0.218801 -0.479292 0)
(0.190683 -0.68251 -3.23788e-17)
(0.0693792 -0.78813 -4.54266e-17)
(-0.111298 -0.833849 0)
(-0.325228 -0.846522 -4.33392e-18)
(-0.560047 -0.821162 -1.23357e-17)
(-0.805081 -0.752937 1.66036e-17)
(-1.04865 -0.635583 8.50935e-18)
(-1.27595 -0.461621 -1.00944e-19)
(-1.46599 -0.230048 1.19412e-18)
(-1.5971 0.0455233 4.2751e-18)
(-1.6476 0.340524 -6.32319e-19)
(0.142762 -0.398353 3.05856e-17)
(0.135925 -0.618935 -1.6975e-17)
(0.0102739 -0.731749 2.42195e-17)
(-0.172341 -0.770108 5.14409e-18)
(-0.38214 -0.774281 2.3078e-17)
(-0.603754 -0.741153 -4.37419e-18)
(-0.827264 -0.667559 -3.22774e-17)
(-1.04103 -0.54937 -1.99968e-20)
(-1.23235 -0.382379 9.15307e-18)
(-1.38242 -0.168238 -1.21076e-17)
(-1.47193 0.07911 0)
(-1.48351 0.335525 2.5479e-18)
(0.0678201 -0.317538 0)
(0.0863912 -0.552629 -9.02364e-18)
(-0.04221 -0.673051 6.6089e-18)
(-0.224555 -0.706628 0)
(-0.429003 -0.705855 -1.48626e-17)
(-0.636461 -0.668511 -1.86499e-17)
(-0.838095 -0.5931 1.355e-17)
(-1.02202 -0.477107 -2.28742e-18)
(-1.1774 -0.319064 2.37585e-18)
(-1.28795 -0.12332 9.74089e-18)
(-1.33693 0.0960214 0)
(-1.3122 0.316018 -2.53909e-18)
(0.00523469 -0.240158 4.04395e-16)
(0.045524 -0.482482 6.97797e-17)
(-0.0873953 -0.611267 4.13185e-20)
(-0.268514 -0.64301 6.17814e-18)
(-0.467455 -0.640942 2.18378e-17)
(-0.660783 -0.603024 2.5245e-17)
(-0.841231 -0.529269 -4.91212e-18)
(-0.99666 -0.418493 0)
(-1.11812 -0.271419 0)
(-1.19189 -0.0947446 0)
(-1.20391 0.0973717 4.49613e-18)
(-1.1468 0.28395 6.49342e-19)
(-0.0430419 -0.165352 -3.86663e-16)
(0.0164543 -0.406459 -1.0344e-16)
(-0.124481 -0.544574 0)
(-0.304313 -0.577925 0)
(-0.498427 -0.578386 -4.35615e-17)
(-0.678553 -0.543776 2.28144e-17)
(-0.839516 -0.47513 -2.45564e-17)
(-0.968991 -0.372537 -2.67475e-17)
(-1.06008 -0.238237 2.65367e-18)
(-1.10131 -0.0810415 -1.32623e-18)
(-1.08138 0.0850061 -4.01004e-18)
(-0.996602 0.241395 -2.71657e-18)
(-0.0724371 -0.0920487 0)
(0.00363716 -0.321269 -1.42595e-17)
(-0.152001 -0.469647 1.08315e-17)
(-0.331332 -0.509285 8.74025e-18)
(-0.521808 -0.516351 3.01908e-17)
(-0.690367 -0.489027 -2.72771e-17)
(-0.834425 -0.428992 1.89291e-17)
(-0.94136 -0.337356 4.84462e-17)
(-1.00658 -0.217578 0)
(-1.02045 -0.0800912 1.46802e-18)
(-0.974257 0.0610005 -1.47634e-18)
(-0.866949 0.19019 2.96165e-18)
(-0.0733962 -0.0207441 0)
(0.0133871 -0.221978 -2.03354e-17)
(-0.166099 -0.383337 6.26782e-20)
(-0.347453 -0.435248 1.08558e-16)
(-0.535443 -0.452722 -8.99425e-17)
(-0.694258 -0.43649 5.27214e-17)
(-0.824544 -0.388416 -4.05514e-18)
(-0.913048 -0.310225 -3.77863e-17)
(-0.957755 -0.206697 3.65334e-18)
(-0.949778 -0.0890274 1.4386e-17)
(-0.883303 0.0281971 0)
(-0.758583 0.132947 3.61298e-18)
(-0.0395659 0.0503756 0)
(0.0528639 -0.0989735 0)
(-0.158607 -0.282476 0)
(-0.346506 -0.354161 -1.61587e-16)
(-0.530098 -0.384389 2.73458e-16)
(-0.67997 -0.382187 -6.91166e-17)
(-0.800311 -0.348563 6.18673e-18)
(-0.875894 -0.285117 -5.78078e-18)
(-0.907072 -0.20021 0)
(-0.88214 -0.101855 -4.60431e-17)
(-0.801411 -0.00629544 2.58541e-17)
(-0.663757 0.0776008 -6.88887e-18)
(0.0425799 0.106562 1.40591e-15)
(0.104388 0.0230093 0)
(-0.113355 -0.156996 -8.76316e-17)
(-0.31739 -0.246546 3.95827e-16)
(-0.4794 -0.28291 -2.23283e-16)
(-0.608483 -0.292281 -5.45566e-17)
(-0.71631 -0.276221 1.3429e-16)
(-0.783503 -0.237088 -2.58929e-17)
(-0.816372 -0.177595 1.38525e-17)
(-0.778572 -0.0928068 9.27045e-17)
(-0.689209 -0.0233644 -4.80725e-17)
(-0.542854 0.0385057 -2.59092e-17)
(-1.9731 0.656934 -1.09586e-18)
(-1.95422 1.02727 -1.09312e-18)
(-1.84646 1.31998 1.13553e-18)
(-1.66054 1.49384 0)
(-1.41613 1.53158 -1.48926e-17)
(-1.15497 1.4509 -9.35396e-18)
(-0.902915 1.28137 3.3615e-17)
(-0.676227 1.05515 2.22501e-17)
(-0.485169 0.790005 0)
(-0.341602 0.494168 -1.62314e-19)
(-0.25442 0.178504 -6.3756e-17)
(-0.203023 -0.0652921 -1.32254e-16)
(-1.91482 0.663662 -2.30878e-18)
(-1.85727 0.988542 -1.23848e-18)
(-1.70424 1.22097 -9.4175e-18)
(-1.48318 1.33562 2.86523e-18)
(-1.22405 1.32766 8.97762e-18)
(-0.964176 1.21445 -3.2056e-17)
(-0.725853 1.02782 -2.0961e-17)
(-0.521113 0.796525 0)
(-0.356735 0.535683 0)
(-0.246551 0.261354 -3.25268e-17)
(-0.203523 -0.0078355 -1.71484e-17)
(-0.237776 -0.225615 -2.14023e-16)
(-1.78396 0.648262 6.20861e-19)
(-1.6882 0.918916 5.99336e-18)
(-1.50868 1.09755 1.09315e-17)
(-1.27485 1.16423 0)
(-1.01945 1.12117 -9.1972e-18)
(-0.775587 0.988766 4.27987e-17)
(-0.561911 0.796976 -2.18186e-17)
(-0.387458 0.57175 0)
(-0.258953 0.331975 0)
(-0.186635 0.0972362 0)
(-0.176997 -0.110228 0)
(-0.219718 -0.250637 1.76169e-16)
(-1.60826 0.613586 0)
(-1.48469 0.833489 -3.95982e-18)
(-1.28939 0.96348 -1.38913e-18)
(-1.05539 0.991266 2.93031e-18)
(-0.814218 0.923801 6.22053e-18)
(-0.594185 0.781891 -3.02782e-17)
(-0.410703 0.593443 7.26589e-18)
(-0.271726 0.384959 0)
(-0.181912 0.176267 -3.6392e-17)
(-0.145014 -0.013943 3.25571e-17)
(-0.159457 -0.167633 -4.85489e-17)
(-0.208536 -0.255309 -1.68376e-16)
(-1.41229 0.56451 1.95333e-18)
(-1.26688 0.738058 6.71152e-19)
(-1.06392 0.826906 0)
(-0.837139 0.824749 -2.97244e-18)
(-0.614936 0.741314 -1.8841e-17)
(-0.422088 0.597255 -3.33271e-18)
(-0.271527 0.419567 1.9067e-20)
(-0.168513 0.234036 -3.20589e-17)
(-0.114974 0.0591871 2.74553e-17)
(-0.108257 -0.0905538 -3.28776e-17)
(-0.139755 -0.202907 6.3927e-17)
(-0.186435 -0.251287 -1.31477e-19)
(-1.21306 0.504638 -3.24919e-18)
(-1.05052 0.637726 2.03876e-18)
(-0.844923 0.693216 -1.42431e-18)
(-0.628065 0.668984 2.94865e-18)
(-0.426426 0.576527 2.479e-17)
(-0.261463 0.436432 3.3054e-18)
(-0.142775 0.273895 2.17699e-17)
(-0.0725934 0.113428 5.68079e-17)
(-0.0503394 -0.0294726 9.34176e-18)
(-0.0690947 -0.14501 0)
(-0.115295 -0.224923 0)
(-0.160646 -0.239714 1.78292e-16)
(-1.02364 0.436845 -1.97983e-26)
(-0.847446 0.536066 -4.13416e-18)
(-0.641302 0.565561 -1.27701e-17)
(-0.435093 0.526097 0)
(-0.253035 0.430507 0)
(-0.113591 0.298519 -6.72298e-18)
(-0.0229496 0.152973 7.44249e-18)
(0.01963 0.0168885 -6.7281e-17)
(0.0161737 -0.0975465 -4.92377e-17)
(-0.0243803 -0.184184 2.45614e-17)
(-0.0851706 -0.237206 1.25309e-16)
(-0.130246 -0.221106 3.89105e-16)
(-0.8532 0.363449 2.06662e-18)
(-0.666174 0.435156 7.7318e-18)
(-0.460334 0.445323 2.17828e-17)
(-0.263408 0.396642 -2.43251e-17)
(-0.0977351 0.302504 -2.2672e-17)
(0.0207453 0.181154 -1.05747e-17)
(0.0888137 0.0526695 7.89759e-18)
(0.109857 -0.0608803 3.62817e-17)
(0.0860165 -0.150181 1.30268e-16)
(0.0268389 -0.211648 1.11343e-16)
(-0.0491678 -0.240925 9.89872e-20)
(-0.0979991 -0.19592 2.79707e-19)
(-0.707323 0.285846 -2.98683e-18)
(-0.511836 0.33575 -6.11309e-18)
(-0.306067 0.332419 -1.25757e-17)
(-0.115818 0.279502 4.9631e-17)
(0.0379893 0.190349 2.84211e-17)
(0.141338 0.0810332 3.92936e-18)
(0.19298 -0.0310079 -3.56222e-17)
(0.198482 -0.124014 0)
(0.159181 -0.190612 1.71567e-20)
(0.084553 -0.229449 -2.7059e-16)
(-0.0073277 -0.236403 -2.30078e-16)
(-0.0648601 -0.164211 6.74533e-17)
(-0.586732 0.206143 0)
(-0.384793 0.239043 9.30502e-18)
(-0.178292 0.22681 -1.73466e-17)
(0.00850319 0.173223 -3.24668e-17)
(0.155259 0.0912729 -3.08564e-17)
(0.249815 -0.00555965 -1.47557e-17)
(0.290831 -0.101897 -3.05098e-21)
(0.285727 -0.176129 -9.47642e-17)
(0.234728 -0.22189 -2.83916e-16)
(0.147742 -0.239716 2.03645e-16)
(0.0397186 -0.224683 0)
(-0.0321987 -0.127338 -1.43106e-15)
(-0.482844 0.132904 0)
(-0.276233 0.153328 -2.15691e-17)
(-0.0680102 0.134944 2.20984e-17)
(0.118399 0.0802967 -6.6863e-18)
(0.261568 0.0042786 1.23523e-16)
(0.353212 -0.0830247 6.17981e-17)
(0.386936 -0.164226 6.82384e-17)
(0.372225 -0.221766 1.57409e-16)
(0.311001 -0.247318 1.92362e-16)
(0.215953 -0.243528 0)
(0.0968752 -0.202532 0)
(-0.00490327 -0.0899929 1.24021e-15)
(-0.358017 0.0756891 -1.46473e-17)
(-0.151484 0.0851462 1.49175e-16)
(0.0523689 0.0619548 7.01739e-17)
(0.238582 0.00544166 1.3903e-16)
(0.37791 -0.0643282 -1.27962e-16)
(0.472277 -0.140648 -3.15085e-17)
(0.486749 -0.209483 4.22903e-17)
(0.452183 -0.23865 -3.44202e-17)
(0.380246 -0.243388 4.07942e-17)
(0.284743 -0.224511 0)
(0.151445 -0.174591 0)
(0.0149017 -0.0511198 2.61747e-15)
(-0.814486 -0.493081 0)
(-0.852915 -0.359082 -3.75919e-17)
(-0.932731 -0.282314 5.13674e-18)
(-1.01761 -0.136484 0)
(-1.07864 0.0710882 0)
(-1.09882 0.329798 3.74217e-18)
(-1.0669 0.625113 5.60447e-18)
(-0.965497 0.940109 -1.98778e-18)
(-0.779178 1.25305 8.28994e-18)
(-0.501468 1.53587 0)
(-0.150094 1.76437 4.62994e-18)
(0.255175 1.91279 1.21436e-18)
(-0.659322 -0.385249 0)
(-0.802622 -0.30473 0)
(-0.890383 -0.206125 -2.09778e-17)
(-0.958641 -0.0422246 0)
(-0.999403 0.171207 -3.99695e-18)
(-1.00097 0.42506 7.73251e-18)
(-0.954453 0.706932 -1.9663e-17)
(-0.846669 1.00253 -2.0158e-18)
(-0.663892 1.29251 2.18415e-18)
(-0.401298 1.55181 9.45519e-18)
(-0.0733199 1.75625 0)
(0.298082 1.88027 -1.20234e-18)
(-0.577263 -0.309553 0)
(-0.743354 -0.24882 -7.83757e-18)
(-0.841287 -0.134991 3.24626e-17)
(-0.896735 0.0397495 -4.62142e-18)
(-0.921574 0.254819 0)
(-0.908017 0.500273 -1.20399e-17)
(-0.849338 0.764899 2.8083e-17)
(-0.736138 1.03628 0)
(-0.5574 1.29737 0)
(-0.310004 1.5253 -8.22458e-18)
(-0.0074287 1.69656 3.70316e-18)
(0.327226 1.78746 1.25769e-18)
(-0.47944 -0.218942 0)
(-0.68237 -0.19062 0)
(-0.787797 -0.0696212 -2.2762e-17)
(-0.833429 0.110633 4.7971e-18)
(-0.846225 0.324019 -4.38473e-18)
(-0.821219 0.558351 3.726e-17)
(-0.753575 0.803089 -4.04392e-18)
(-0.636788 1.04666 1.07396e-17)
(-0.463244 1.27432 -1.13791e-17)
(-0.231968 1.46501 9.62932e-18)
(0.0433669 1.59697 -4.88745e-18)
(0.339141 1.64882 -1.25253e-18)
(-0.398424 -0.14292 0)
(-0.618807 -0.135987 3.39726e-17)
(-0.731533 -0.0105994 2.41858e-17)
(-0.769879 0.171682 0)
(-0.774208 0.381091 -1.39079e-17)
(-0.741402 0.602402 -2.60881e-17)
(-0.668315 0.825811 -2.80093e-17)
(-0.550595 1.03979 6.70891e-18)
(-0.383897 1.2316 9.18991e-18)
(-0.169893 1.38237 -9.59713e-18)
(0.0773633 1.47278 0)
(0.334583 1.48553 0)
(-0.317553 -0.068016 0)
(-0.552517 -0.0865399 -3.61763e-17)
(-0.672921 0.0418365 6.56982e-18)
(-0.706536 0.22393 -5.56743e-18)
(-0.705929 0.428125 1.98085e-17)
(-0.668876 0.635442 4.62574e-18)
(-0.59388 0.837129 1.35813e-17)
(-0.478258 1.0214 -3.91126e-17)
(-0.32042 1.17735 2.38165e-18)
(-0.124706 1.28859 -1.22209e-18)
(0.0946431 1.33843 1.2533e-18)
(0.315397 1.3147 0)
(-0.240156 -0.00546525 0)
(-0.482384 -0.0457321 -7.977e-17)
(-0.611195 0.0869983 0)
(-0.643008 0.267945 -2.46561e-17)
(-0.641104 0.466749 1.64219e-17)
(-0.603442 0.660074 3.04371e-17)
(-0.530021 0.840695 -2.48286e-18)
(-0.419529 0.996548 1.70472e-17)
(-0.272599 1.11861 0)
(-0.0958832 1.19304 -1.25686e-18)
(0.0963119 1.20579 1.28095e-18)
(0.28356 1.14954 0)
(-0.16534 0.0427775 0)
(-0.406377 -0.0166975 -1.1525e-17)
(-0.544539 0.124083 8.66093e-18)
(-0.577975 0.303817 -2.85133e-17)
(-0.578588 0.497894 -4.97941e-17)
(-0.544198 0.678127 -1.71498e-17)
(-0.475822 0.83935 -5.48021e-18)
(-0.373439 0.969291 -2.41368e-17)
(-0.239233 1.06094 2.65908e-18)
(-0.081953 1.10281 -1.19634e-17)
(0.0842037 1.08346 1.34219e-18)
(0.241154 0.999399 0)
(-0.0920444 0.0721363 -4.85283e-16)
(-0.321213 -0.00388786 1.14247e-16)
(-0.469636 0.151636 -7.5855e-17)
(-0.50937 0.33093 -8.87511e-18)
(-0.516557 0.521458 3.02833e-17)
(-0.489426 0.690203 6.79526e-18)
(-0.429597 0.834579 -6.36917e-18)
(-0.338119 0.941988 -6.88104e-20)
(-0.218399 1.00771 0)
(-0.0808057 1.02216 1.1724e-17)
(0.0604208 0.976439 0)
(0.190013 0.869722 0)
(-0.0207701 0.0730999 5.66517e-16)
(-0.221968 -0.0135977 -1.83282e-16)
(-0.383354 0.165826 1.39325e-16)
(-0.435361 0.347186 9.65346e-17)
(-0.452918 0.535299 9.97006e-18)
(-0.436855 0.694344 3.51381e-17)
(-0.388924 0.824975 -3.62627e-17)
(-0.310855 0.913938 2.27031e-17)
(-0.207358 0.959094 3.65914e-18)
(-0.0895724 0.951621 1.43865e-17)
(0.0277835 0.88552 -7.19205e-18)
(0.132766 0.761302 0)
(0.0503278 0.0393548 0)
(-0.0990208 -0.0529362 2.8245e-16)
(-0.282538 0.158529 -2.56709e-16)
(-0.35431 0.346464 4.04036e-17)
(-0.384594 0.530216 -3.22154e-17)
(-0.382518 0.680325 -5.52422e-17)
(-0.348995 0.800982 6.83558e-17)
(-0.285641 0.876988 -5.79038e-18)
(-0.200702 0.908566 0)
(-0.102298 0.884052 -2.16297e-17)
(-0.00661513 0.803601 3.26047e-17)
(0.0773612 0.66645 0)
(0.106469 -0.0426136 -1.40776e-15)
(0.0228588 -0.104253 6.68908e-16)
(-0.157152 0.113645 7.03929e-16)
(-0.246784 0.317791 0)
(-0.283143 0.479979 -2.55037e-16)
(-0.292538 0.609193 -1.91095e-16)
(-0.276506 0.717238 7.31994e-17)
(-0.237374 0.784739 -1.28872e-17)
(-0.178045 0.817777 1.39078e-17)
(-0.0930926 0.780533 0)
(-0.0235965 0.691156 9.19783e-20)
(0.038287 0.545549 1.2937e-17)
)
;

boundaryField
{
    rotor
    {
        type            noSlip;
    }
    stator
    {
        type            noSlip;
    }
    front
    {
        type            empty;
    }
    back
    {
        type            empty;
    }
}


// ************************************************************************* //
